Date,Open,High,Low,Close,Adj Close,Volume
1992-01-31,12.25,12.25,10.9375,11.125,5.734445095062256,19977200
1992-02-03,11.0,11.1875,10.5625,10.8125,5.573364734649658,4132000
1992-02-04,10.75,10.875,10.625,10.625,5.476715564727783,1891000
1992-02-05,11.0,11.375,10.875,11.0625,5.702229976654053,3734600
1992-02-06,11.125,11.25,11.0,11.125,5.734445095062256,1074200
1992-02-07,11.125,11.25,10.875,11.125,5.734445095062256,916200
1992-02-10,11.0,11.25,10.5,10.5,5.412284851074219,1289800
1992-02-11,10.5,11.375,10.5,11.0,5.6700119972229,1285600
1992-02-12,11.0,11.375,11.0,11.125,5.734445095062256,1226000
1992-02-13,11.0,11.25,10.5,10.625,5.476715564727783,786400
1992-02-14,10.5,11.0,10.5,10.875,5.605579376220703,584600
1992-02-18,11.0,11.0,10.375,10.375,5.347853183746338,918400
1992-02-19,10.375,10.625,10.375,10.625,5.476715564727783,977800
1992-02-20,10.375,10.625,10.375,10.5,5.412284851074219,846200
1992-02-21,10.375,10.5,10.125,10.125,5.21898889541626,664000
1992-02-24,10.375,10.625,10.125,10.5,5.412284851074219,791200
1992-02-25,10.5,10.75,10.375,10.4375,5.380066871643066,431400
1992-02-26,10.5,10.625,10.25,10.3125,5.31563663482666,391600
1992-02-27,10.375,10.5,10.25,10.3125,5.31563663482666,919400
1992-02-28,10.25,10.75,10.25,10.625,5.476715564727783,647400
1992-03-02,10.5,10.875,10.5,10.75,5.5411481857299805,539600
1992-03-03,10.875,10.875,10.5,10.75,5.5411481857299805,398000
1992-03-04,10.625,10.625,10.125,10.1875,5.251204013824463,434600
1992-03-05,9.875,10.0,9.375,9.5,4.896828651428223,2622600
1992-03-06,9.75,10.125,9.5,9.75,5.025693416595459,1099600
1992-03-09,9.75,9.875,9.5,9.875,5.090127468109131,101200
1992-03-10,10.0,10.125,9.625,9.625,4.961259841918945,775400
1992-03-11,9.75,9.75,9.375,9.4375,4.86461067199707,1485600
1992-03-12,9.625,9.625,9.125,9.25,4.767965316772461,508200
1992-03-13,9.25,9.375,9.25,9.25,4.767965316772461,761000
1992-03-16,9.25,9.375,9.1875,9.3125,4.8001813888549805,390600
1992-03-17,9.125,9.375,9.125,9.375,4.832396030426025,163200
1992-03-18,9.125,9.25,9.0,9.125,4.703533172607422,357200
1992-03-19,9.25,9.25,9.0,9.25,4.767965316772461,167800
1992-03-20,9.25,9.25,9.0,9.25,4.767965316772461,109600
1992-03-23,9.375,9.375,9.125,9.25,4.767965316772461,159400
1992-03-24,9.25,9.375,9.125,9.125,4.703533172607422,257000
1992-03-25,9.25,9.25,8.875,9.25,4.767965316772461,861000
1992-03-26,9.375,9.75,9.125,9.6875,4.9934773445129395,529400
1992-03-27,9.75,9.75,9.375,9.5,4.896828651428223,368600
1992-03-30,9.625,9.625,9.375,9.375,4.832396030426025,127800
1992-03-31,9.375,9.5,9.25,9.25,4.767965316772461,229200
1992-04-01,9.125,9.375,9.125,9.375,4.832396030426025,63400
1992-04-02,9.125,9.375,8.875,9.125,4.703533172607422,227400
1992-04-03,8.875,9.125,8.875,9.0,4.639101505279541,396000
1992-04-06,8.875,9.0,8.75,8.875,4.57466983795166,115800
1992-04-07,8.75,8.8125,8.5,8.5,4.381371021270752,346800
1992-04-08,8.375,8.5,7.75,8.25,4.252506732940674,1018600
1992-04-09,8.5,9.0,8.25,8.75,4.510236740112305,692200
1992-04-10,9.125,9.125,8.75,9.0,4.639101505279541,106400
1992-04-13,8.75,8.875,8.625,8.625,4.445804119110107,521000
1992-04-14,8.75,9.125,8.625,9.125,4.703533172607422,428600
1992-04-15,9.125,9.125,8.875,9.125,4.703533172607422,540600
1992-04-16,9.125,9.125,8.875,9.0,4.639101505279541,99800
1992-04-20,8.875,9.125,8.75,8.8125,4.542453289031982,167400
1992-04-21,8.75,9.0,8.625,8.625,4.445804119110107,181000
1992-04-22,8.625,8.75,8.5,8.625,4.445804119110107,78200
1992-04-23,8.5,8.75,8.5,8.75,4.510236740112305,252600
1992-04-24,8.5,8.75,8.1875,8.1875,4.2202911376953125,372800
1992-04-27,8.25,8.25,8.0,8.0,4.123645305633545,344200
1992-04-28,8.0,8.25,7.9375,8.25,4.252506732940674,182400
1992-04-29,8.25,8.75,8.125,8.625,4.445804119110107,337400
1992-04-30,8.5,8.75,8.375,8.375,4.316943168640137,818200
1992-05-01,8.5,8.625,8.5,8.5,4.381371021270752,1881600
1992-05-04,8.625,8.625,8.5,8.5,4.381371021270752,631400
1992-05-05,8.5625,8.75,8.5,8.5,4.381371021270752,276400
1992-05-06,8.625,8.75,8.5,8.5,4.381371021270752,706200
1992-05-07,8.5,8.625,8.25,8.5,4.381371021270752,578600
1992-05-08,8.25,8.5,8.25,8.4375,4.34915828704834,59400
1992-05-11,8.5,8.625,8.375,8.5625,4.4135894775390625,689800
1992-05-12,8.5,8.625,8.375,8.5,4.381371021270752,483000
1992-05-13,8.5,8.5,8.375,8.375,4.316943168640137,14800
1992-05-14,8.5,8.5,8.25,8.25,4.252506732940674,449200
1992-05-15,8.25,8.5,8.25,8.25,4.252506732940674,327200
1992-05-18,8.5,8.5,8.25,8.25,4.252506732940674,170600
1992-05-19,8.25,8.5,8.125,8.125,4.188076972961426,202200
1992-05-20,8.125,8.375,8.125,8.125,4.188076972961426,271600
1992-05-21,8.375,8.375,8.125,8.375,4.316943168640137,127400
1992-05-22,8.125,8.375,8.125,8.125,4.188076972961426,97200
1992-05-26,8.25,8.25,7.875,8.125,4.188076972961426,188200
1992-05-27,8.125,8.125,7.875,7.875,4.0592145919799805,117600
1992-05-28,8.125,8.125,7.875,7.875,4.0592145919799805,330200
1992-05-29,8.0,8.125,7.75,8.0,4.123645305633545,162600
1992-06-01,7.75,8.0,7.625,8.0,4.123645305633545,69400
1992-06-02,7.75,8.0,7.625,7.75,3.9947826862335205,49200
1992-06-03,7.875,8.0,7.75,8.0,4.123645305633545,124800
1992-06-04,8.0,8.125,7.75,8.0,4.123645305633545,129800
1992-06-05,8.0,8.125,7.875,8.0,4.123645305633545,176200
1992-06-08,8.0,8.125,7.75,7.875,4.0592145919799805,112200
1992-06-09,7.875,7.875,7.5,7.5,3.865917444229126,325800
1992-06-10,7.75,7.75,7.5,7.5,3.865917444229126,207800
1992-06-11,7.625,7.625,7.5,7.5625,3.8981354236602783,111000
1992-06-12,7.75,7.75,7.5,7.5,3.865917444229126,43800
1992-06-15,7.75,7.75,7.125,7.375,3.8014862537384033,534200
1992-06-16,7.375,7.5,7.125,7.125,3.672621011734009,194800
1992-06-17,7.125,7.25,7.0,7.125,3.672621011734009,544600
1992-06-18,7.125,7.125,6.75,6.875,3.5437569618225098,656000
1992-06-19,6.75,7.0,6.75,7.0,3.6081902980804443,3014400
1992-06-22,6.9375,7.0,6.875,7.0,3.6081902980804443,424600
1992-06-23,7.0,7.0,6.875,7.0,3.6081902980804443,247200
1992-06-24,6.9375,7.25,6.875,7.125,3.672621011734009,395200
1992-06-25,7.125,7.25,7.0,7.0,3.6081902980804443,320000
1992-06-26,6.875,7.125,6.875,7.0,3.6081902980804443,577000
1992-06-29,7.125,7.125,7.0,7.0625,3.6404054164886475,197600
1992-06-30,7.125,7.25,7.0,7.25,3.737053871154785,464800
1992-07-01,7.25,8.0,7.25,7.75,3.9947826862335205,611000
1992-07-02,8.0,8.0,7.875,8.0,4.123645305633545,330400
1992-07-06,8.0,8.0,7.875,7.9375,4.091428756713867,212000
1992-07-07,8.0,8.0,7.875,7.875,4.0592145919799805,119200
1992-07-08,7.75,7.875,7.25,7.25,3.737053871154785,380800
1992-07-09,7.25,7.75,7.25,7.5625,3.8981354236602783,133200
1992-07-10,7.625,7.625,7.375,7.375,3.8014862537384033,100000
1992-07-13,7.5,7.625,7.25,7.625,3.9303486347198486,81600
1992-07-14,7.5,7.5,7.25,7.5,3.865917444229126,200400
1992-07-15,7.5,7.5,7.25,7.3125,3.7692692279815674,86600
1992-07-16,7.5,7.5,7.25,7.375,3.8014862537384033,87800
1992-07-17,7.5,7.5,7.25,7.375,3.8014862537384033,43200
1992-07-20,7.5,7.5,7.125,7.25,3.737053871154785,316200
1992-07-21,7.125,7.5,7.125,7.5,3.865917444229126,138800
1992-07-22,7.25,7.5,7.25,7.375,3.8014862537384033,122600
1992-07-23,7.375,7.375,7.25,7.25,3.737053871154785,128800
1992-07-24,7.25,7.3125,7.25,7.25,3.737053871154785,48800
1992-07-27,7.375,7.5,7.25,7.5,3.865917444229126,82400
1992-07-28,7.5,7.625,7.25,7.625,3.9303486347198486,169800
1992-07-29,7.625,7.875,7.5,7.875,4.0592145919799805,125000
1992-07-30,7.875,7.875,7.375,7.5,3.865917444229126,168200
1992-07-31,7.625,7.625,7.375,7.625,3.9303486347198486,145400
1992-08-03,7.5,7.75,7.375,7.5,3.865917444229126,67800
1992-08-04,7.5,7.75,7.5,7.75,3.9947826862335205,103200
1992-08-05,7.75,7.75,7.5,7.75,3.9947826862335205,36200
1992-08-06,7.75,7.75,7.5,7.625,3.9303486347198486,79600
1992-08-07,7.75,8.375,7.5,8.125,4.188076972961426,501200
1992-08-10,8.125,8.125,7.625,7.875,4.0592145919799805,292000
1992-08-11,7.875,8.0,7.625,7.9375,4.091428756713867,836200
1992-08-12,8.0,8.0,7.75,8.0,4.123645305633545,177200
1992-08-13,7.875,8.125,7.875,7.875,4.0592145919799805,312600
1992-08-14,7.875,8.0,7.75,8.0,4.123645305633545,125600
1992-08-17,7.875,8.0,7.75,7.875,4.0592145919799805,30800
1992-08-18,7.75,7.875,7.5,7.75,3.9947826862335205,139400
1992-08-19,7.5625,7.6875,7.375,7.4375,3.8337018489837646,115400
1992-08-20,7.5625,7.5625,7.25,7.375,3.8014862537384033,121000
1992-08-21,7.25,7.5,7.25,7.375,3.8014862537384033,132800
1992-08-24,7.25,7.5,7.125,7.5,3.865917444229126,175800
1992-08-25,7.375,7.375,7.25,7.25,3.737053871154785,270000
1992-08-26,7.25,7.4375,7.25,7.375,3.8014862537384033,296600
1992-08-27,7.375,7.625,7.375,7.375,3.8014862537384033,265600
1992-08-28,7.375,7.5,7.25,7.25,3.737053871154785,123400
1992-08-31,7.375,7.375,7.25,7.375,3.8014862537384033,151200
1992-09-01,7.375,7.625,7.25,7.625,3.9303486347198486,276600
1992-09-02,7.625,7.625,7.5,7.625,3.9303486347198486,244800
1992-09-03,7.5,7.75,7.5,7.6875,3.962564706802368,270600
1992-09-04,7.625,7.75,7.5,7.75,3.9947826862335205,58200
1992-09-08,7.625,7.875,7.625,7.75,3.9947826862335205,136400
1992-09-09,7.75,7.875,7.625,7.875,4.0592145919799805,456600
1992-09-10,7.75,8.0625,7.75,8.0,4.123645305633545,193800
1992-09-11,8.0,8.0625,7.875,8.0,4.123645305633545,155400
1992-09-14,8.125,8.25,7.75,7.875,4.0592145919799805,228200
1992-09-15,7.875,7.875,7.625,7.75,3.9947826862335205,93600
1992-09-16,7.5,7.875,7.5,7.75,3.9947826862335205,381800
1992-09-17,7.625,7.875,7.625,7.875,4.0592145919799805,125800
1992-09-18,7.875,7.875,7.625,7.75,3.9947826862335205,180000
1992-09-21,7.875,8.0,7.75,7.875,4.0592145919799805,62800
1992-09-22,7.875,7.9375,7.75,7.75,3.9947826862335205,23600
1992-09-23,7.75,7.875,7.625,7.625,3.9303486347198486,36600
1992-09-24,7.875,7.875,7.625,7.8125,4.026998043060303,151000
1992-09-25,7.625,7.875,7.625,7.75,3.9947826862335205,12600
1992-09-28,7.625,8.0,7.625,7.75,3.9947826862335205,23800
1992-09-29,7.875,7.875,7.625,7.875,4.0592145919799805,38000
1992-09-30,7.625,7.875,7.625,7.875,4.0592145919799805,22400
1992-10-01,7.875,7.875,7.125,7.25,3.737053871154785,442400
1992-10-02,7.5,7.625,7.25,7.5,3.865917444229126,160200
1992-10-05,7.5,7.625,7.125,7.25,3.737053871154785,295800
1992-10-06,7.375,7.5,7.25,7.5,3.865917444229126,132600
1992-10-07,7.5,7.625,7.375,7.375,3.8014862537384033,23200
1992-10-08,7.375,7.5,7.1875,7.375,3.8014862537384033,161800
1992-10-09,7.375,7.375,7.125,7.375,3.8014862537384033,17400
1992-10-12,7.125,7.375,7.125,7.3125,3.7692692279815674,25400
1992-10-13,7.125,7.375,7.125,7.375,3.8014862537384033,123400
1992-10-14,7.375,7.375,7.25,7.375,3.8014862537384033,70400
1992-10-15,7.375,7.375,7.25,7.375,3.8014862537384033,142600
1992-10-16,7.25,7.375,7.125,7.25,3.737053871154785,147200
1992-10-19,7.25,7.75,7.25,7.75,3.9947826862335205,222200
1992-10-20,7.75,7.75,7.5,7.5,3.865917444229126,531600
1992-10-21,7.75,7.75,7.5,7.75,3.9947826862335205,379800
1992-10-22,7.75,7.75,7.5,7.625,3.9303486347198486,230000
1992-10-23,7.75,7.75,7.5,7.75,3.9947826862335205,312600
1992-10-26,7.75,7.75,7.5,7.75,3.9947826862335205,226800
1992-10-27,7.875,8.1875,7.75,8.0,4.123645305633545,433000
1992-10-28,8.125,8.125,8.0,8.125,4.188076972961426,330200
1992-10-29,8.125,8.125,7.875,8.0,4.123645305633545,420800
1992-10-30,8.125,8.125,7.875,8.0,4.123645305633545,644200
1992-11-02,7.875,8.25,7.875,8.1875,4.2202911376953125,179600
1992-11-03,8.25,8.25,7.875,8.125,4.188076972961426,193200
1992-11-04,8.125,8.125,7.875,8.125,4.188076972961426,270800
1992-11-05,8.125,8.125,8.0,8.125,4.188076972961426,39600
1992-11-06,8.125,8.125,8.0,8.125,4.188076972961426,146400
1992-11-09,8.125,8.125,8.0,8.125,4.188076972961426,294800
1992-11-10,8.125,8.25,8.0,8.25,4.252506732940674,234000
1992-11-11,8.25,8.625,8.125,8.625,4.445804119110107,657400
1992-11-12,8.625,8.875,8.5,8.8125,4.542453289031982,368600
1992-11-13,8.875,9.0,8.75,9.0,4.639101505279541,559200
1992-11-16,8.75,9.125,8.75,9.125,4.703533172607422,67600
1992-11-17,9.0,9.125,8.75,8.75,4.510236740112305,236400
1992-11-18,8.75,9.0,8.75,8.875,4.57466983795166,382400
1992-11-19,8.8125,8.875,8.75,8.75,4.510236740112305,520200
1992-11-20,8.8125,9.0,8.75,8.875,4.57466983795166,283400
1992-11-23,8.75,9.0,8.75,8.75,4.510236740112305,229800
1992-11-24,9.0,9.0,8.75,8.9375,4.6068854331970215,514600
1992-11-25,8.875,9.0,8.75,8.8125,4.542453289031982,240000
1992-11-27,8.75,8.875,8.625,8.625,4.445804119110107,92800
1992-11-30,8.625,8.875,8.375,8.5,4.381371021270752,298800
1992-12-01,8.625,8.875,8.5,8.75,4.510236740112305,829600
1992-12-02,8.875,8.875,8.625,8.875,4.57466983795166,279600
1992-12-03,8.875,8.875,8.625,8.8125,4.542453289031982,406800
1992-12-04,8.875,8.875,8.75,8.875,4.57466983795166,431200
1992-12-07,8.875,9.25,8.75,9.25,4.767965316772461,225400
1992-12-08,9.25,9.375,9.125,9.1875,4.735746383666992,248800
1992-12-09,9.125,9.375,9.125,9.1875,4.735746383666992,168200
1992-12-10,9.25,9.375,8.875,8.875,4.57466983795166,387200
1992-12-11,9.0,9.125,8.75,9.125,4.703533172607422,136800
1992-12-14,9.0,9.125,8.75,9.0,4.639101505279541,142000
1992-12-15,9.0,9.0,8.75,8.75,4.510236740112305,370400
1992-12-16,8.75,9.0,8.75,9.0,4.639101505279541,201600
1992-12-17,9.0,9.0,8.75,9.0,4.639101505279541,87600
1992-12-18,8.875,9.0,8.75,8.8125,4.542453289031982,353400
1992-12-21,9.0,9.0,8.625,8.625,4.445804119110107,397600
1992-12-22,8.625,8.875,8.625,8.625,4.445804119110107,404600
1992-12-23,8.625,8.875,8.625,8.875,4.57466983795166,599800
1992-12-24,8.875,9.0,8.625,8.8125,4.542453289031982,322400
1992-12-28,8.9375,9.0,8.75,9.0,4.639101505279541,99400
1992-12-29,9.0,9.125,8.75,8.9375,4.6068854331970215,179800
1992-12-30,8.875,9.125,8.75,8.75,4.510236740112305,385200
1992-12-31,9.0,9.0,8.75,8.875,4.57466983795166,134000
1993-01-04,9.0,9.125,8.875,9.0,4.639101505279541,210400
1993-01-05,8.875,9.125,8.875,9.0,4.639101505279541,112800
1993-01-06,8.875,9.0,8.875,9.0,4.639101505279541,160600
1993-01-07,8.9375,9.0,8.875,8.9375,4.6068854331970215,56800
1993-01-08,8.875,9.25,8.875,9.1875,4.735746383666992,455600
1993-01-11,9.25,9.375,9.125,9.375,4.832396030426025,283000
1993-01-12,9.5,9.875,9.375,9.875,5.090127468109131,425800
1993-01-13,9.625,10.0,9.625,9.875,5.090127468109131,696800
1993-01-14,10.0,10.0,9.875,9.875,5.090127468109131,115600
1993-01-15,9.75,10.0,9.75,9.75,5.025693416595459,134800
1993-01-18,10.0,10.0,9.75,9.8125,5.057906150817871,327400
1993-01-19,9.75,9.75,9.0,9.125,4.703533172607422,525800
1993-01-20,9.125,9.25,8.875,9.0,4.639101505279541,572800
1993-01-21,9.25,9.625,9.0,9.375,4.832396030426025,350200
1993-01-22,9.625,9.75,9.375,9.625,4.961259841918945,298600
1993-01-25,9.625,9.75,9.5,9.625,4.961259841918945,906200
1993-01-26,9.75,9.75,9.5,9.625,4.961259841918945,492400
1993-01-27,9.5,9.75,9.5,9.625,4.961259841918945,321000
1993-01-28,9.5,9.625,9.4375,9.625,4.961259841918945,148800
1993-01-29,9.625,9.625,9.5,9.5,4.896828651428223,196800
1993-02-01,9.625,9.625,9.5,9.625,4.961259841918945,314600
1993-02-02,9.625,9.875,9.5,9.8125,5.057906150817871,348800
1993-02-03,10.0,10.125,9.75,10.125,5.21898889541626,350000
1993-02-04,9.875,10.125,9.875,10.125,5.21898889541626,273200
1993-02-05,10.0,10.125,9.625,9.875,5.090127468109131,166800
1993-02-08,9.875,10.0,9.625,10.0,5.154554843902588,125400
1993-02-09,10.0,10.0,9.5,9.5625,4.929043769836426,333600
1993-02-10,9.625,9.625,9.0,9.25,4.767965316772461,1104000
1993-02-11,9.5,9.5,9.125,9.125,4.703533172607422,207600
1993-02-12,9.25,9.25,8.8125,9.125,4.703533172607422,299800
1993-02-16,8.875,9.25,8.625,8.625,4.445804119110107,296400
1993-02-17,9.0,9.0,8.375,8.75,4.510236740112305,401800
1993-02-18,8.625,8.875,8.625,8.75,4.510236740112305,342400
1993-02-19,8.875,8.875,8.625,8.6875,4.4780192375183105,349000
1993-02-22,8.875,8.875,8.5,8.5625,4.4135894775390625,901800
1993-02-23,9.0,9.5,9.0,9.25,4.767965316772461,899200
1993-02-24,9.375,9.375,9.125,9.375,4.832396030426025,71000
1993-02-25,9.375,9.375,9.125,9.375,4.832396030426025,167600
1993-02-26,9.375,9.375,9.125,9.125,4.703533172607422,212200
1993-03-01,9.375,9.375,9.125,9.25,4.767965316772461,188200
1993-03-02,9.375,9.375,9.125,9.125,4.703533172607422,164000
1993-03-03,9.125,9.375,9.125,9.3125,4.8001813888549805,258400
1993-03-04,9.375,9.375,9.25,9.375,4.832396030426025,114000
1993-03-05,9.5,9.625,9.25,9.625,4.961259841918945,550200
1993-03-08,9.625,10.0,9.5625,9.875,5.090127468109131,445600
1993-03-09,10.0,10.125,9.875,9.875,5.090127468109131,251600
1993-03-10,9.875,10.125,9.875,10.0,5.154554843902588,259800
1993-03-11,10.125,10.25,9.875,10.125,5.21898889541626,225000
1993-03-12,10.25,10.25,9.875,10.25,5.28341817855835,108600
1993-03-15,10.25,10.25,9.875,10.125,5.21898889541626,75800
1993-03-16,10.25,10.25,10.0,10.125,5.21898889541626,237800
1993-03-17,10.25,10.25,9.875,9.875,5.090127468109131,39600
1993-03-18,9.875,10.125,9.875,10.0,5.154554843902588,266000
1993-03-19,10.0,10.125,9.75,9.75,5.025693416595459,178600
1993-03-22,9.75,9.875,9.25,9.5625,4.929043769836426,626400
1993-03-23,9.375,9.625,9.375,9.5,4.896828651428223,291200
1993-03-24,9.5,9.625,9.375,9.5,4.896828651428223,217400
1993-03-25,9.5,9.75,9.375,9.5,4.896828651428223,319800
1993-03-26,9.75,9.875,9.625,9.875,5.090127468109131,20000
1993-03-29,10.0,10.0,9.625,9.6875,4.9934773445129395,43600
1993-03-30,9.75,9.875,9.625,9.875,5.090127468109131,85400
1993-03-31,9.625,10.0,9.625,9.875,5.090127468109131,427000
1993-04-01,10.0,10.0,9.5,9.5,4.896828651428223,207600
1993-04-02,9.375,9.375,9.125,9.25,4.767965316772461,338200
1993-04-05,9.375,9.375,9.125,9.375,4.832396030426025,19600
1993-04-06,9.375,9.375,9.0,9.0,4.639101505279541,180200
1993-04-07,8.875,9.125,8.625,8.75,4.510236740112305,500600
1993-04-08,8.625,8.75,8.375,8.625,4.445804119110107,285000
1993-04-12,8.5,8.75,8.5,8.75,4.510236740112305,260400
1993-04-13,8.75,8.875,8.5,8.625,4.445804119110107,329400
1993-04-14,8.625,9.0,8.5,8.75,4.510236740112305,161200
1993-04-15,8.75,8.75,8.375,8.625,4.445804119110107,478000
1993-04-16,8.375,8.625,8.375,8.625,4.445804119110107,68000
1993-04-19,8.625,8.625,8.375,8.4375,4.34915828704834,363800
1993-04-20,8.375,8.625,8.375,8.625,4.445804119110107,123600
1993-04-21,8.625,8.75,8.375,8.75,4.510236740112305,259800
1993-04-22,8.75,8.75,8.625,8.625,4.445804119110107,171400
1993-04-23,8.75,8.75,8.625,8.6875,4.4780192375183105,22800
1993-04-26,8.75,8.75,8.375,8.4375,4.34915828704834,179600
1993-04-27,8.625,8.625,8.25,8.5,4.381371021270752,340600
1993-04-28,8.5,8.75,8.375,8.75,4.510236740112305,317400
1993-04-29,8.625,8.625,8.5,8.625,4.445804119110107,213200
1993-04-30,8.625,8.75,8.5,8.75,4.510236740112305,258400
1993-05-03,8.75,8.75,8.5,8.6875,4.4780192375183105,138800
1993-05-04,8.75,9.0,8.625,8.9375,4.6068854331970215,347800
1993-05-05,9.0,9.125,8.875,8.875,4.57466983795166,153600
1993-05-06,9.125,9.125,8.875,9.125,4.703533172607422,35000
1993-05-07,8.875,9.125,8.875,9.125,4.703533172607422,23000
1993-05-10,9.125,9.25,8.875,9.25,4.767965316772461,171600
1993-05-11,9.25,9.25,9.0,9.125,4.703533172607422,71800
1993-05-12,9.125,9.125,8.75,8.875,4.57466983795166,536000
1993-05-13,8.875,9.0,8.75,8.8125,4.542453289031982,417800
1993-05-14,8.75,9.0,8.75,9.0,4.639101505279541,53800
1993-05-17,8.75,9.0,8.625,8.875,4.57466983795166,111200
1993-05-18,8.625,8.875,8.625,8.75,4.510236740112305,108000
1993-05-19,8.75,8.875,8.625,8.875,4.57466983795166,78400
1993-05-20,8.875,8.875,8.625,8.75,4.510236740112305,353000
1993-05-21,8.625,8.75,8.625,8.75,4.510236740112305,350400
1993-05-24,8.75,8.75,8.5,8.5,4.381371021270752,167400
1993-05-25,8.625,8.625,8.375,8.5,4.381371021270752,157000
1993-05-26,8.375,8.625,8.375,8.5,4.381371021270752,219200
1993-05-27,8.625,8.625,8.375,8.375,4.316943168640137,43200
1993-05-28,8.5,8.625,8.375,8.625,4.445804119110107,120000
1993-06-01,8.625,8.875,8.625,8.75,4.510236740112305,54000
1993-06-02,8.6875,8.875,8.625,8.625,4.445804119110107,87600
1993-06-03,8.625,8.875,8.625,8.75,4.510236740112305,39200
1993-06-04,8.875,9.0,8.75,8.75,4.510236740112305,85200
1993-06-07,8.75,9.0,8.75,8.75,4.510236740112305,39600
1993-06-08,8.75,9.0,8.75,8.75,4.510236740112305,115800
1993-06-09,9.0,9.0,8.75,8.9375,4.6068854331970215,153400
1993-06-10,9.0,9.0,8.875,8.875,4.57466983795166,40000
1993-06-11,9.0,9.0,8.875,8.875,4.57466983795166,42600
1993-06-14,9.0,9.0,8.875,8.875,4.57466983795166,125800
1993-06-15,8.875,9.0,8.875,9.0,4.639101505279541,57200
1993-06-16,8.9375,9.0,8.875,8.9375,4.6068854331970215,156200
1993-06-17,8.9375,9.0,8.625,8.625,4.445804119110107,221600
1993-06-18,8.875,8.875,8.625,8.875,4.57466983795166,182400
1993-06-21,8.625,8.875,8.5,8.625,4.445804119110107,136200
1993-06-22,8.5,8.75,8.5,8.75,4.510236740112305,93000
1993-06-23,8.375,8.375,7.75,8.0,4.123645305633545,2015600
1993-06-24,8.125,8.125,7.875,8.0,4.123645305633545,509800
1993-06-25,7.875,8.125,7.875,8.125,4.188076972961426,548000
1993-06-28,8.125,8.125,7.875,7.875,4.0592145919799805,63400
1993-06-29,7.875,8.125,7.875,8.125,4.188076972961426,196200
1993-06-30,8.125,8.625,8.0,8.625,4.445804119110107,405000
1993-07-01,8.5,8.625,8.5,8.5,4.381371021270752,47600
1993-07-02,8.5,8.625,8.375,8.5,4.381371021270752,231400
1993-07-06,8.5,8.625,8.25,8.25,4.252506732940674,70200
1993-07-07,8.25,8.5,8.25,8.5,4.381371021270752,14800
1993-07-08,8.25,8.375,8.125,8.25,4.252506732940674,156600
1993-07-09,8.125,8.25,8.0,8.25,4.252506732940674,69400
1993-07-12,8.0,8.25,8.0,8.0,4.123645305633545,29000
1993-07-13,8.0,8.375,8.0,8.125,4.188076972961426,226000
1993-07-14,8.125,8.375,8.0,8.125,4.188076972961426,521800
1993-07-15,8.125,8.375,8.125,8.1875,4.2202911376953125,82200
1993-07-16,8.375,8.375,8.125,8.1875,4.2202911376953125,69600
1993-07-19,8.125,8.375,8.0,8.0,4.123645305633545,176400
1993-07-20,8.0,8.25,7.75,7.75,3.9947826862335205,344800
1993-07-21,7.8125,7.875,7.75,7.8125,4.026998043060303,372200
1993-07-22,7.875,7.875,7.625,7.875,4.0592145919799805,178200
1993-07-23,7.75,7.875,7.625,7.6875,3.962564706802368,339400
1993-07-26,7.6875,7.875,7.6875,7.6875,3.962564706802368,449600
1993-07-27,7.6875,7.8125,7.625,7.6875,3.962564706802368,334200
1993-07-28,7.625,7.8125,7.625,7.75,3.9947826862335205,323600
1993-07-29,7.625,7.8125,7.625,7.6875,3.962564706802368,44800
1993-07-30,7.625,7.8125,7.625,7.8125,4.026998043060303,120200
1993-08-02,7.625,7.8125,7.625,7.75,3.9947826862335205,37000
1993-08-03,7.8125,8.125,7.625,7.8125,4.026998043060303,160800
1993-08-04,7.8125,8.125,7.8125,8.125,4.188076972961426,203800
1993-08-05,8.125,8.125,7.9375,8.0,4.123645305633545,104400
1993-08-06,8.125,8.375,8.125,8.375,4.316943168640137,195200
1993-08-09,8.375,8.5,8.125,8.125,4.188076972961426,123200
1993-08-10,8.125,8.375,8.125,8.25,4.252506732940674,24000
1993-08-11,8.125,8.375,8.125,8.1875,4.2202911376953125,103800
1993-08-12,8.125,8.375,8.125,8.125,4.188076972961426,55600
1993-08-13,8.25,8.25,7.8125,7.875,4.0592145919799805,194800
1993-08-16,7.875,7.875,7.625,7.625,3.9303486347198486,226000
1993-08-17,7.875,8.0,7.75,7.9375,4.091428756713867,268400
1993-08-18,8.0,8.0,7.75,8.0,4.123645305633545,138200
1993-08-19,8.0,8.25,7.75,8.0,4.123645305633545,205000
1993-08-20,8.0,8.25,8.0,8.25,4.252506732940674,51600
1993-08-23,8.0,8.375,8.0,8.3125,4.28472375869751,255000
1993-08-24,8.3125,8.5625,8.3125,8.5625,4.4135894775390625,102600
1993-08-25,8.625,8.625,8.375,8.5,4.381371021270752,39600
1993-08-26,8.4375,8.625,8.4375,8.5625,4.4135894775390625,99800
1993-08-27,8.5,8.75,8.5,8.75,4.510236740112305,293800
1993-08-30,8.5625,8.875,8.5625,8.8125,4.542453289031982,258600
1993-08-31,8.75,9.0625,8.75,8.875,4.57466983795166,254200
1993-09-01,8.875,9.0,8.8125,8.8125,4.542453289031982,126400
1993-09-02,8.9375,8.9375,8.625,8.8125,4.542453289031982,282000
1993-09-03,8.625,8.75,8.5,8.625,4.445804119110107,160200
1993-09-07,8.5,8.625,8.5,8.5,4.381371021270752,39200
1993-09-08,8.5,8.5,8.1875,8.25,4.252506732940674,130600
1993-09-09,8.25,8.375,8.125,8.3125,4.28472375869751,170800
1993-09-10,8.375,8.5625,8.25,8.5625,4.4135894775390625,139800
1993-09-13,8.5,8.625,8.5,8.625,4.445804119110107,51000
1993-09-14,8.5625,8.625,8.5,8.5,4.381371021270752,17000
1993-09-15,8.5,8.625,8.5,8.625,4.445804119110107,110400
1993-09-16,8.625,8.625,8.5,8.5625,4.4135894775390625,136400
1993-09-17,8.625,8.625,8.5,8.5,4.381371021270752,89800
1993-09-20,8.5,8.625,8.5,8.5,4.381371021270752,35200
1993-09-21,8.5,8.625,8.4375,8.4375,4.34915828704834,89200
1993-09-22,8.5625,8.5625,8.375,8.5,4.381371021270752,92400
1993-09-23,8.5,8.5,8.375,8.4375,4.34915828704834,133400
1993-09-24,8.4375,8.6875,8.4375,8.6875,4.4780192375183105,129600
1993-09-27,8.75,9.0,8.5625,8.9375,4.6068854331970215,246400
1993-09-28,9.0,9.125,8.9375,9.0,4.639101505279541,515400
1993-09-29,9.0,9.125,9.0,9.125,4.703533172607422,226200
1993-09-30,9.125,9.1875,9.0,9.1875,4.735746383666992,385200
1993-10-01,9.0625,9.125,9.0,9.0625,4.671315670013428,262600
1993-10-04,9.0,9.125,8.6875,8.6875,4.4780192375183105,152000
1993-10-05,8.6875,8.875,8.6875,8.875,4.57466983795166,224400
1993-10-06,8.8125,8.875,8.6875,8.6875,4.4780192375183105,324200
1993-10-07,8.6875,8.6875,8.5625,8.5625,4.4135894775390625,64800
1993-10-08,8.6875,8.6875,8.5625,8.5625,4.4135894775390625,48800
1993-10-11,8.5,8.5,8.375,8.375,4.316943168640137,107200
1993-10-12,8.375,8.625,8.375,8.625,4.445804119110107,111000
1993-10-13,8.5,8.8125,8.5,8.75,4.510236740112305,146600
1993-10-14,8.875,9.0,8.8125,9.0,4.639101505279541,360000
1993-10-15,9.0,9.25,8.9375,9.1875,4.735746383666992,182000
1993-10-18,9.25,9.25,9.125,9.25,4.767965316772461,130400
1993-10-19,9.125,9.5625,9.125,9.375,4.832396030426025,406000
1993-10-20,9.375,9.5,9.25,9.3125,4.8001813888549805,237200
1993-10-21,9.25,9.375,9.0625,9.125,4.703533172607422,420600
1993-10-22,9.125,9.1875,9.0,9.0625,4.671315670013428,240200
1993-10-25,9.0625,9.3125,9.0625,9.25,4.767965316772461,360000
1993-10-26,9.25,9.25,9.125,9.25,4.767965316772461,215200
1993-10-27,9.3125,9.3125,9.125,9.1875,4.735746383666992,165200
1993-10-28,9.125,9.25,9.0,9.0625,4.671315670013428,287800
1993-10-29,9.125,9.125,9.0,9.125,4.703533172607422,15000
1993-11-01,9.0,9.125,8.625,8.9375,4.6068854331970215,215600
1993-11-02,8.875,8.9375,8.8125,8.9375,4.6068854331970215,47400
1993-11-03,8.8125,9.0,8.8125,8.875,4.57466983795166,338000
1993-11-04,8.8125,9.0,8.8125,9.0,4.639101505279541,30800
1993-11-05,8.875,9.0,8.875,8.875,4.57466983795166,73600
1993-11-08,8.875,9.0,8.875,8.9375,4.6068854331970215,94800
1993-11-09,8.875,9.0,8.75,8.75,4.510236740112305,64800
1993-11-10,8.75,8.875,8.75,8.75,4.510236740112305,96400
1993-11-11,8.75,8.75,8.5,8.625,4.445804119110107,344000
1993-11-12,8.4375,8.5625,8.375,8.5,4.381371021270752,911000
1993-11-15,8.375,8.5,8.375,8.375,4.316943168640137,143800
1993-11-16,8.375,8.5,8.375,8.5,4.381371021270752,163600
1993-11-17,8.4375,8.4375,8.25,8.25,4.252506732940674,250400
1993-11-18,8.375,8.375,8.1875,8.1875,4.2202911376953125,72600
1993-11-19,8.25,8.25,7.875,8.0,4.123645305633545,132000
1993-11-22,8.0,8.25,7.875,8.125,4.188076972961426,264600
1993-11-23,8.25,8.5625,8.125,8.5,4.381371021270752,233800
1993-11-24,8.5,8.6875,8.5,8.6875,4.4780192375183105,115400
1993-11-26,8.6875,8.6875,8.625,8.625,4.445804119110107,44000
1993-11-29,8.5625,8.6875,8.5625,8.6875,4.4780192375183105,218000
1993-11-30,8.75,8.75,8.5625,8.5625,4.4135894775390625,157800
1993-12-01,8.6875,8.6875,8.5625,8.6875,4.4780192375183105,73000
1993-12-02,8.6875,8.6875,8.5625,8.5625,4.4135894775390625,14600
1993-12-03,8.5625,8.9375,8.5625,8.9375,4.6068854331970215,270800
1993-12-06,8.8125,8.9375,8.8125,8.9375,4.6068854331970215,51400
1993-12-07,8.8125,8.9375,8.8125,8.9375,4.6068854331970215,137800
1993-12-08,8.9375,9.125,8.8125,9.125,4.703533172607422,215800
1993-12-09,9.0625,9.375,9.0625,9.3125,4.8001813888549805,181600
1993-12-10,9.3125,9.5625,9.1875,9.5,4.896828651428223,528200
1993-12-13,9.5625,9.75,9.4375,9.75,5.025693416595459,215400
1993-12-14,9.625,9.6875,9.5625,9.625,4.961259841918945,723000
1993-12-15,9.6875,9.6875,9.5625,9.625,4.961259841918945,296800
1993-12-16,9.6875,9.6875,9.5625,9.6875,4.9934773445129395,319200
1993-12-17,9.5625,9.875,9.5625,9.875,5.090127468109131,145600
1993-12-20,9.8125,10.0625,9.8125,10.0,5.154554843902588,365000
1993-12-21,10.0,10.0,9.875,9.9375,5.122340202331543,208600
1993-12-22,9.875,9.9375,9.75,9.875,5.090127468109131,265200
1993-12-23,9.75,9.875,9.75,9.75,5.025693416595459,171600
1993-12-27,9.8125,10.0,9.75,10.0,5.154554843902588,75600
1993-12-28,10.0,10.125,9.875,10.0625,5.186772346496582,403200
1993-12-29,10.0625,10.0625,9.875,10.0625,5.186772346496582,10000
1993-12-30,9.875,10.0,9.8125,10.0,5.154554843902588,152000
1993-12-31,9.8125,10.0,9.8125,9.875,5.090127468109131,86200
1994-01-03,9.875,10.0,9.875,9.875,5.090127468109131,316800
1994-01-04,9.875,9.9375,9.75,9.875,5.090127468109131,64800
1994-01-05,9.9375,9.9375,9.375,9.4375,4.86461067199707,220600
1994-01-06,9.375,9.5625,9.375,9.5625,4.929043769836426,137800
1994-01-07,9.4375,9.75,9.4375,9.625,4.961259841918945,115600
1994-01-10,9.625,9.6875,9.5,9.5625,4.929043769836426,243000
1994-01-11,9.5625,9.6875,9.5625,9.5625,4.929043769836426,108800
1994-01-12,9.625,9.875,9.625,9.75,5.025693416595459,67000
1994-01-13,9.75,9.9375,9.75,9.9375,5.122340202331543,262400
1994-01-14,9.9375,10.0625,9.875,9.875,5.090127468109131,305400
1994-01-17,9.875,9.9375,9.8125,9.9375,5.122340202331543,24600
1994-01-18,9.8125,9.875,9.6875,9.6875,4.9934773445129395,215400
1994-01-19,9.8125,9.8125,9.6875,9.6875,4.9934773445129395,104400
1994-01-20,9.6875,9.8125,9.6875,9.6875,4.9934773445129395,69200
1994-01-21,9.6875,9.8125,9.6875,9.8125,5.057906150817871,29800
1994-01-24,9.6875,9.8125,9.6875,9.75,5.025693416595459,457200
1994-01-25,9.6875,9.8125,9.5625,9.625,4.961259841918945,79600
1994-01-26,9.6875,9.6875,9.5625,9.625,4.961259841918945,40600
1994-01-27,9.5625,9.6875,9.5625,9.5625,4.929043769836426,177200
1994-01-28,9.5625,9.6875,9.5625,9.625,4.961259841918945,220600
1994-01-31,9.625,9.625,9.3125,9.3125,4.8001813888549805,72600
1994-02-01,9.3125,9.4375,9.1875,9.3125,4.8001813888549805,105600
1994-02-02,9.1875,9.3125,9.0625,9.125,4.703533172607422,105800
1994-02-03,9.0625,9.25,9.0625,9.1875,4.735746383666992,68400
1994-02-04,9.125,9.375,9.0625,9.1875,4.735746383666992,295600
1994-02-07,9.25,9.5625,9.0625,9.5625,4.929043769836426,490200
1994-02-08,9.5,9.8125,9.5,9.8125,5.057906150817871,267000
1994-02-09,9.75,9.75,9.625,9.625,4.961259841918945,110000
1994-02-10,9.75,9.75,9.625,9.75,5.025693416595459,23800
1994-02-11,9.75,9.75,9.625,9.75,5.025693416595459,46600
1994-02-14,9.75,9.9375,9.625,9.8125,5.057906150817871,310200
1994-02-15,9.8125,10.0,9.8125,9.9375,5.122340202331543,379200
1994-02-16,9.875,9.875,9.5625,9.625,4.961259841918945,930600
1994-02-17,9.5625,9.625,9.1875,9.4375,4.86461067199707,1159600
1994-02-18,9.4375,9.4375,9.3125,9.3125,4.8001813888549805,85200
1994-02-22,9.4375,9.4375,9.3125,9.4375,4.86461067199707,124000
1994-02-23,9.3125,9.625,9.3125,9.5,4.896828651428223,307400
1994-02-24,9.5,9.5625,9.4375,9.5,4.896828651428223,197000
1994-02-25,9.5,9.625,9.5,9.5,4.896828651428223,106400
1994-02-28,9.5,9.625,9.5,9.5625,4.929043769836426,375000
1994-03-01,9.625,9.625,9.3125,9.3125,4.8001813888549805,117600
1994-03-02,9.3125,9.3125,9.125,9.3125,4.8001813888549805,202800
1994-03-03,9.3125,9.3125,9.25,9.25,4.767965316772461,176200
1994-03-04,9.1875,9.1875,9.0625,9.0625,4.671315670013428,86600
1994-03-07,9.1875,9.1875,9.0,9.0625,4.671315670013428,27600
1994-03-08,9.125,9.125,9.0,9.125,4.703533172607422,38800
1994-03-09,9.0,9.125,9.0,9.125,4.703533172607422,38800
1994-03-10,9.0,9.125,9.0,9.0,4.639101505279541,12400
1994-03-11,9.0,9.125,9.0,9.0625,4.671315670013428,95600
1994-03-14,9.0,9.0625,9.0,9.0625,4.671315670013428,16400
1994-03-15,9.125,9.3125,9.0,9.25,4.767965316772461,122800
1994-03-16,9.3125,9.5625,9.25,9.5625,4.929043769836426,279400
1994-03-17,9.4375,9.6875,9.4375,9.5625,4.929043769836426,254800
1994-03-18,9.5,9.625,9.4375,9.625,4.961259841918945,92800
1994-03-21,9.625,9.625,9.5,9.5,4.896828651428223,139400
1994-03-22,9.625,9.8125,9.5,9.75,5.025693416595459,177000
1994-03-23,9.6875,10.0,9.6875,9.875,5.090127468109131,156800
1994-03-24,9.875,10.0625,9.875,10.0,5.154554843902588,299600
1994-03-25,9.9375,10.125,9.9375,10.0,5.154554843902588,150600
1994-03-28,10.0,10.0,9.9375,9.9375,5.122340202331543,368000
1994-03-29,9.9375,10.0,9.875,9.875,5.090127468109131,183400
1994-03-30,9.875,10.0,9.625,9.875,5.090127468109131,247600
1994-03-31,9.875,9.9375,9.6875,9.6875,4.9934773445129395,1148200
1994-04-04,9.5625,9.875,9.5625,9.8125,5.057906150817871,162600
1994-04-05,9.8125,9.9375,9.8125,9.8125,5.057906150817871,204800
1994-04-06,9.8125,9.9375,9.75,9.875,5.090127468109131,150400
1994-04-07,9.9375,9.9375,9.8125,9.8125,5.057906150817871,19800
1994-04-08,9.8125,9.9375,9.75,9.8125,5.057906150817871,44400
1994-04-11,9.75,9.9375,9.75,9.8125,5.057906150817871,28000
1994-04-12,9.8125,9.9375,9.8125,9.9375,5.122340202331543,67000
1994-04-13,9.8125,9.875,9.6875,9.6875,4.9934773445129395,52000
1994-04-14,9.875,9.875,9.6875,9.6875,4.9934773445129395,36200
1994-04-15,9.6875,9.6875,9.625,9.625,4.961259841918945,107800
1994-04-18,9.75,9.75,9.375,9.375,4.832396030426025,387600
1994-04-19,9.3125,9.375,9.25,9.25,4.767965316772461,173000
1994-04-20,9.1875,9.3125,8.75,8.8125,4.542453289031982,379000
1994-04-21,8.8125,8.9375,8.6875,8.8125,4.542453289031982,409600
1994-04-22,8.875,8.9375,8.8125,8.9375,4.6068854331970215,114800
1994-04-25,9.0,9.25,9.0,9.1875,4.735746383666992,131000
1994-04-26,9.125,9.375,9.0625,9.375,4.832396030426025,97000
1994-04-28,9.1875,9.1875,9.0625,9.0625,4.671315670013428,106400
1994-04-29,9.0625,9.1875,9.0625,9.125,4.703533172607422,80600
1994-05-02,9.0625,9.3125,9.0625,9.21875,4.751857280731201,125400
1994-05-03,9.1875,9.375,9.1875,9.3125,4.8001813888549805,103200
1994-05-04,9.375,10.0625,9.375,9.6875,4.9934773445129395,409800
1994-05-05,9.625,9.625,9.375,9.5,4.896828651428223,94800
1994-05-06,9.375,9.4375,9.3125,9.375,4.832396030426025,21800
1994-05-09,9.4375,9.4375,9.125,9.125,4.703533172607422,81600
1994-05-10,9.3125,9.3125,9.125,9.28125,4.784071922302246,287200
1994-05-11,9.1875,9.3125,9.125,9.125,4.703533172607422,92400
1994-05-12,9.0625,9.1875,8.8125,8.875,4.57466983795166,182800
1994-05-13,8.875,8.9375,8.6875,8.75,4.510236740112305,61800
1994-05-16,8.75,8.75,8.625,8.6875,4.4780192375183105,167000
1994-05-17,8.75,8.8125,8.46875,8.5625,4.4135894775390625,118000
1994-05-18,8.5,8.625,8.4375,8.5625,4.4135894775390625,127800
1994-05-19,8.5625,8.5625,8.4375,8.5625,4.4135894775390625,143600
1994-05-20,8.4375,8.5,8.25,8.25,4.252506732940674,333200
1994-05-23,8.375,8.6875,8.25,8.625,4.445804119110107,860800
1994-05-24,8.5,8.6875,8.5,8.5,4.381371021270752,207800
1994-05-25,8.6875,8.6875,8.5,8.5,4.381371021270752,32000
1994-05-26,8.625,8.625,8.5,8.5,4.381371021270752,74200
1994-05-27,8.625,8.625,8.5,8.625,4.445804119110107,20000
1994-05-31,8.6875,8.6875,8.5,8.6875,4.4780192375183105,26400
1994-06-01,8.6875,8.6875,8.5,8.5,4.381371021270752,8600
1994-06-02,8.6875,9.0625,8.625,9.03125,4.655208587646484,358000
1994-06-03,9.0625,9.375,9.0,9.375,4.832396030426025,485600
1994-06-06,9.375,9.5,9.3125,9.3125,4.8001813888549805,228000
1994-06-07,9.3125,9.4375,9.125,9.125,4.703533172607422,160200
1994-06-08,9.1875,9.25,9.0,9.0,4.639101505279541,211000
1994-06-09,9.0,9.0,8.5625,8.5625,4.4135894775390625,438200
1994-06-10,8.5625,8.6875,8.4375,8.4375,4.34915828704834,105600
1994-06-13,8.4375,8.625,8.4375,8.625,4.445804119110107,265200
1994-06-14,8.5625,8.75,8.5625,8.625,4.445804119110107,226200
1994-06-15,8.625,8.75,8.4375,8.5,4.381371021270752,288600
1994-06-16,8.5625,8.5625,8.4375,8.4375,4.34915828704834,324000
1994-06-17,8.5625,8.5625,8.4375,8.4375,4.34915828704834,268400
1994-06-20,8.4375,8.4375,8.3125,8.3125,4.28472375869751,23200
1994-06-21,8.25,8.3125,8.0,8.125,4.188076972961426,1640200
1994-06-22,8.25,8.4375,8.125,8.3125,4.28472375869751,135400
1994-06-23,8.375,8.5,8.25,8.25,4.252506732940674,185000
1994-06-24,8.25,8.4375,8.1875,8.1875,4.2202911376953125,67600
1994-06-27,8.125,8.3125,8.125,8.1875,4.2202911376953125,65600
1994-06-28,8.25,8.25,8.0,8.125,4.188076972961426,168000
1994-06-29,8.125,8.25,8.125,8.21875,4.2364020347595215,59800
1994-06-30,8.1875,8.25,8.125,8.25,4.252506732940674,175400
1994-07-01,8.0625,8.25,8.0625,8.25,4.252506732940674,27200
1994-07-05,8.125,8.3125,8.125,8.25,4.252506732940674,81600
1994-07-06,8.3125,8.3125,8.1875,8.25,4.252506732940674,211400
1994-07-07,8.1875,8.3125,8.0625,8.0625,4.155860900878906,65800
1994-07-08,8.25,8.3125,8.0625,8.125,4.188076972961426,252800
1994-07-11,8.125,8.25,8.125,8.1875,4.2202911376953125,247800
1994-07-12,8.3125,8.3125,8.1875,8.3125,4.28472375869751,139400
1994-07-13,8.1875,8.3125,8.1875,8.1875,4.2202911376953125,165800
1994-07-14,8.1875,8.3125,8.1875,8.1875,4.2202911376953125,102600
1994-07-15,8.1875,8.3125,8.1875,8.3125,4.28472375869751,162200
1994-07-18,8.25,8.375,8.25,8.25,4.252506732940674,111400
1994-07-19,8.375,8.375,8.1875,8.1875,4.2202911376953125,19200
1994-07-20,8.3125,8.375,8.25,8.3125,4.28472375869751,31000
1994-07-21,8.25,8.375,8.25,8.375,4.316943168640137,6400
1994-07-22,8.25,8.40625,8.25,8.375,4.316943168640137,67400
1994-07-25,8.375,8.4375,8.3125,8.4375,4.34915828704834,33600
1994-07-26,8.3125,8.5625,8.3125,8.5,4.381371021270752,52400
1994-07-27,8.5,8.625,8.1875,8.1875,4.2202911376953125,565800
1994-07-28,8.1875,8.3125,8.0,8.0,4.123645305633545,878000
1994-07-29,8.125,8.125,7.9375,8.0625,4.155860900878906,218400
1994-08-01,7.9375,8.0625,7.9375,8.0,4.123645305633545,65000
1994-08-02,7.9375,8.0625,7.9375,7.9375,4.091428756713867,74600
1994-08-03,7.9375,8.0625,7.8125,7.8125,4.026998043060303,81600
1994-08-04,7.9375,7.9375,7.6875,7.75,3.9947826862335205,94600
1994-08-05,7.8125,7.8125,7.6875,7.8125,4.026998043060303,9200
1994-08-08,7.6875,7.8125,7.6875,7.75,3.9947826862335205,64000
1994-08-09,7.8125,7.8125,7.625,7.6875,3.962564706802368,286200
1994-08-10,7.625,7.6875,7.625,7.625,3.9303486347198486,97400
1994-08-11,7.625,7.9375,7.625,7.9375,4.091428756713867,142400
1994-08-12,7.8125,7.9375,7.8125,7.9375,4.091428756713867,20000
1994-08-15,7.9375,8.0625,7.875,7.875,4.0592145919799805,55400
1994-08-16,7.875,7.9375,7.8125,7.875,4.0592145919799805,114000
1994-08-17,7.8125,7.875,7.75,7.75,3.9947826862335205,24400
1994-08-18,7.75,7.75,7.5625,7.625,3.9303486347198486,282200
1994-08-19,7.75,7.75,7.5625,7.625,3.9303486347198486,88400
1994-08-22,7.5625,7.6875,7.5625,7.5625,3.8981354236602783,156000
1994-08-23,7.5625,8.0,7.5625,7.9375,4.091428756713867,204600
1994-08-24,7.9375,8.03125,7.9375,7.9375,4.091428756713867,15200
1994-08-25,7.9375,8.0625,7.9375,8.0,4.123645305633545,198600
1994-08-26,8.0,8.0,7.9375,7.9375,4.091428756713867,6000
1994-08-29,7.9375,8.0625,7.9375,8.0,4.123645305633545,27400
1994-08-30,8.0625,8.0625,7.875,7.875,4.0592145919799805,48400
1994-08-31,7.875,8.0,7.875,8.0,4.123645305633545,108000
1994-09-01,7.875,7.875,7.8125,7.8125,4.026998043060303,53400
1994-09-02,7.75,7.875,7.75,7.8125,4.026998043060303,64800
1994-09-06,7.875,8.0,7.8125,7.875,4.0592145919799805,93600
1994-09-07,7.875,8.0,7.875,8.0,4.123645305633545,55400
1994-09-08,8.0,8.0625,7.875,7.9375,4.091428756713867,111200
1994-09-09,7.875,8.0625,7.875,7.875,4.0592145919799805,70400
1994-09-12,7.8125,8.0625,7.8125,7.9375,4.091428756713867,88200
1994-09-13,7.9375,8.0625,7.875,7.9375,4.091428756713867,123200
1994-09-14,7.875,8.0,7.875,7.875,4.0592145919799805,78400
1994-09-15,7.875,8.0,7.875,7.9375,4.091428756713867,92000
1994-09-16,7.875,8.0,7.875,7.875,4.0592145919799805,62800
1994-09-19,7.875,8.0,7.875,8.0,4.123645305633545,42000
1994-09-20,7.875,8.0,7.8125,7.9375,4.091428756713867,212600
1994-09-21,7.8125,7.9375,7.75,7.75,3.9947826862335205,90600
1994-09-22,7.75,7.9375,7.75,7.75,3.9947826862335205,102600
1994-09-23,7.6875,7.875,7.6875,7.71875,3.978672981262207,215600
1994-09-26,7.75,7.75,7.6875,7.6875,3.962564706802368,47200
1994-09-27,7.6875,7.75,7.5625,7.625,3.9303486347198486,165000
1994-09-28,7.5625,7.6875,7.5,7.625,3.9303486347198486,697600
1994-09-29,7.6875,7.6875,7.5,7.6875,3.962564706802368,111800
1994-09-30,7.6875,7.8125,7.5625,7.75,3.9947826862335205,310400
1994-10-03,7.8125,7.8125,7.6875,7.75,3.9947826862335205,369000
1994-10-04,7.875,7.875,7.5625,7.6875,3.962564706802368,85800
1994-10-05,7.5625,7.6875,7.5,7.625,3.9303486347198486,46800
1994-10-06,7.5625,7.75,7.5625,7.75,3.9947826862335205,65600
1994-10-07,7.75,7.8125,7.625,7.6875,3.962564706802368,68600
1994-10-10,7.6875,7.8125,7.6875,7.75,3.9947826862335205,19600
1994-10-11,7.8125,7.8125,7.6875,7.75,3.9947826862335205,182200
1994-10-12,7.75,7.8125,7.6875,7.8125,4.026998043060303,172000
1994-10-13,7.6875,7.8125,7.6875,7.75,3.9947826862335205,114800
1994-10-14,7.6875,7.8125,7.6875,7.8125,4.026998043060303,137600
1994-10-17,7.8125,7.8125,7.6875,7.6875,3.962564706802368,111000
1994-10-18,7.6875,7.8125,7.625,7.6875,3.962564706802368,42200
1994-10-19,7.8125,7.875,7.6875,7.875,4.0592145919799805,219000
1994-10-20,7.875,7.875,7.625,7.8125,4.026998043060303,123800
1994-10-21,7.6875,7.8125,7.625,7.625,3.9303486347198486,15200
1994-10-24,7.8125,7.8125,7.625,7.75,3.9947826862335205,53800
1994-10-25,7.625,7.8125,7.625,7.8125,4.026998043060303,52600
1994-10-26,7.8125,7.8125,7.625,7.625,3.9303486347198486,93000
1994-10-27,7.625,7.625,7.625,7.625,3.9303486347198486,17600
1994-10-28,7.625,7.75,7.625,7.75,3.9947826862335205,273200
1994-10-31,7.75,7.8125,7.625,7.75,3.9947826862335205,241400
1994-11-01,7.8125,7.8125,7.6875,7.71875,3.978672981262207,154000
1994-11-02,7.6875,7.8125,7.625,7.6875,3.962564706802368,1173000
1994-11-03,7.625,7.75,7.625,7.625,3.9303486347198486,227800
1994-11-04,7.625,7.6875,7.5,7.53125,3.8820252418518066,214400
1994-11-07,7.5,7.625,7.4375,7.53125,3.8820252418518066,91400
1994-11-08,7.53125,7.5625,7.4375,7.5625,3.8981354236602783,242800
1994-11-09,7.5625,7.625,7.5,7.5,3.865917444229126,366000
1994-11-10,7.5,7.625,7.4375,7.46875,3.8498096466064453,410200
1994-11-11,7.4375,7.5,7.4375,7.5,3.865917444229126,33600
1994-11-14,7.4375,7.5,7.25,7.375,3.8014862537384033,319200
1994-11-15,7.25,7.375,7.25,7.375,3.8014862537384033,147200
1994-11-16,7.375,7.5625,7.3125,7.5625,3.8981354236602783,544800
1994-11-17,7.5625,7.5625,7.4375,7.5625,3.8981354236602783,273000
1994-11-18,7.5,7.75,7.5,7.75,3.9947826862335205,202400
1994-11-21,7.5625,7.75,7.5625,7.5625,3.8981354236602783,205200
1994-11-22,7.5625,7.6875,7.5625,7.5625,3.8981354236602783,251800
1994-11-23,7.5625,7.5625,7.4375,7.4375,3.8337018489837646,126600
1994-11-25,7.4375,7.5625,7.4375,7.5625,3.8981354236602783,6600
1994-11-28,7.5625,7.5625,7.4375,7.4375,3.8337018489837646,157800
1994-11-29,7.5625,7.5625,7.375,7.4375,3.8337018489837646,154200
1994-11-30,7.4375,7.5,7.375,7.375,3.8014862537384033,112800
1994-12-01,7.375,7.5,7.375,7.375,3.8014862537384033,30400
1994-12-02,7.375,7.6875,7.375,7.6875,3.962564706802368,948600
1994-12-05,7.6875,7.875,7.6875,7.75,3.9947826862335205,77200
1994-12-06,7.875,8.0,7.75,7.9375,4.091428756713867,121200
1994-12-07,7.875,7.9375,7.875,7.875,4.0592145919799805,24400
1994-12-08,7.9375,7.9375,7.5625,7.6875,3.962564706802368,268000
1994-12-09,7.6875,7.6875,7.375,7.5,3.865917444229126,96600
1994-12-12,7.5,7.5,7.375,7.5,3.865917444229126,140400
1994-12-13,7.4375,7.6875,7.4375,7.625,3.9303486347198486,405800
1994-12-14,7.5625,7.8125,7.5625,7.8125,4.026998043060303,94800
1994-12-15,7.6875,7.8125,7.6875,7.75,3.9947826862335205,169400
1994-12-16,7.75,7.75,7.6875,7.71875,3.978672981262207,101800
1994-12-19,7.6875,7.75,7.625,7.75,3.9947826862335205,692200
1994-12-20,7.8125,8.0,7.75,8.0,4.123645305633545,138200
1994-12-21,7.875,8.0,7.8125,7.875,4.0592145919799805,230600
1994-12-22,8.0,8.0,7.875,8.0,4.123645305633545,406600
1994-12-23,7.875,8.0,7.875,7.875,4.0592145919799805,20200
1994-12-27,8.0,8.0,7.9375,7.9375,4.091428756713867,48200
1994-12-28,7.9375,8.0,7.8125,7.8125,4.026998043060303,96800
1994-12-29,7.8125,7.875,7.8125,7.8125,4.026998043060303,35400
1994-12-30,7.8125,8.0,7.8125,7.9375,4.091428756713867,487000
1995-01-03,7.875,8.0,7.8125,7.9375,4.091428756713867,56000
1995-01-04,7.8125,7.9375,7.8125,7.9375,4.091428756713867,31000
1995-01-05,7.9375,8.1875,7.9375,8.0,4.123645305633545,138600
1995-01-06,8.0,8.125,7.9375,7.96875,4.107537746429443,96800
1995-01-09,7.9375,8.25,7.9375,8.25,4.252506732940674,92000
1995-01-10,8.125,8.3125,8.125,8.25,4.252506732940674,124800
1995-01-11,8.125,8.25,8.0625,8.0625,4.155860900878906,85000
1995-01-12,8.0625,8.125,8.0,8.125,4.188076972961426,198800
1995-01-13,8.125,8.125,8.0,8.0,4.123645305633545,58000
1995-01-16,8.0625,8.0625,7.875,8.0,4.123645305633545,153800
1995-01-17,8.0625,8.0625,7.9375,8.0,4.123645305633545,49400
1995-01-18,8.0,8.0625,8.0,8.0,4.123645305633545,21200
1995-01-19,8.0625,8.1875,8.0625,8.1875,4.2202911376953125,56400
1995-01-20,8.1875,8.5,8.0625,8.5,4.381371021270752,307400
1995-01-23,8.4375,8.4375,8.3125,8.375,4.316943168640137,108800
1995-01-24,8.375,8.375,8.1875,8.1875,4.2202911376953125,65400
1995-01-25,8.1875,8.5625,8.125,8.125,4.188076972961426,274200
1995-01-26,8.1875,8.875,8.125,8.875,4.57466983795166,677200
1995-01-27,9.0,9.0,8.75,8.875,4.57466983795166,256000
1995-01-30,8.875,8.875,8.6875,8.875,4.57466983795166,269000
1995-01-31,8.875,8.875,8.6875,8.875,4.57466983795166,339600
1995-02-01,8.8125,8.8125,8.5625,8.65625,4.461913108825684,354600
1995-02-02,8.6875,8.8125,8.625,8.78125,4.526343822479248,1051200
1995-02-03,8.875,8.875,8.75,8.75,4.510236740112305,74800
1995-02-06,8.75,9.125,8.75,9.125,4.703533172607422,194200
1995-02-07,9.0,9.25,9.0,9.25,4.767965316772461,517200
1995-02-08,9.3125,9.5,9.1875,9.375,4.832396030426025,340000
1995-02-09,9.375,9.5,9.375,9.375,4.832396030426025,54800
1995-02-10,9.5,9.75,9.375,9.6875,4.9934773445129395,643400
1995-02-13,9.625,9.75,9.5625,9.6875,4.9934773445129395,145400
1995-02-14,9.75,9.75,9.4375,9.4375,4.86461067199707,128000
1995-02-15,9.375,9.5625,9.375,9.5625,4.929043769836426,55200
1995-02-16,9.375,9.5,9.375,9.375,4.832396030426025,72400
1995-02-17,9.375,9.5,9.375,9.5,4.896828651428223,15000
1995-02-21,9.375,9.5,9.3125,9.4375,4.86461067199707,64600
1995-02-22,9.3125,9.4375,9.25,9.25,4.767965316772461,11400
1995-02-23,9.4375,9.4375,9.21875,9.3125,4.8001813888549805,170000
1995-02-24,9.1875,9.3125,9.125,9.3125,4.8001813888549805,105600
1995-02-27,9.125,9.3125,9.0,9.0,4.639101505279541,117000
1995-02-28,9.125,9.25,9.0,9.25,4.767965316772461,253400
1995-03-01,9.25,9.25,9.0625,9.0625,4.671315670013428,127200
1995-03-02,9.0625,9.125,8.8125,8.8125,4.542453289031982,222200
1995-03-03,8.8125,8.9375,8.5625,8.75,4.510236740112305,229000
1995-03-06,8.5625,8.6875,8.5,8.5625,4.4135894775390625,141200
1995-03-07,8.6875,8.6875,8.625,8.6875,4.4780192375183105,118200
1995-03-08,8.6875,9.125,8.625,9.0,4.639101505279541,182200
1995-03-09,9.125,9.3125,9.0,9.125,4.703533172607422,169800
1995-03-10,9.0625,9.25,9.0625,9.0625,4.671315670013428,21200
1995-03-13,9.0625,9.375,9.0625,9.25,4.767965316772461,72800
1995-03-14,9.375,9.5625,9.3125,9.5,4.896828651428223,149200
1995-03-15,9.375,9.5625,9.3125,9.34375,4.816288471221924,157600
1995-03-16,9.3125,9.375,9.125,9.1875,4.735746383666992,83200
1995-03-17,9.125,9.25,9.125,9.25,4.767965316772461,37200
1995-03-20,9.25,9.375,9.1875,9.375,4.832396030426025,138800
1995-03-21,9.375,9.375,9.25,9.3125,4.8001813888549805,81400
1995-03-22,9.1875,9.375,9.1875,9.25,4.767965316772461,26000
1995-03-23,9.25,9.375,9.25,9.3125,4.8001813888549805,220400
1995-03-24,9.375,9.375,9.25,9.3125,4.8001813888549805,70400
1995-03-27,9.25,9.375,9.25,9.375,4.832396030426025,272200
1995-03-28,9.3125,9.3125,9.1875,9.3125,4.8001813888549805,116200
1995-03-29,9.1875,9.3125,9.0,9.0625,4.671315670013428,395400
1995-03-30,9.0,9.125,9.0,9.0,4.639101505279541,33400
1995-03-31,9.0,9.1875,9.0,9.15625,4.719639778137207,109600
1995-04-03,9.1875,9.25,9.125,9.125,4.703533172607422,72000
1995-04-04,9.1875,9.25,9.125,9.25,4.767965316772461,89200
1995-04-05,9.125,9.25,9.125,9.1875,4.735746383666992,111800
1995-04-06,9.1875,9.1875,9.0,9.1875,4.735746383666992,188600
1995-04-07,9.1875,9.1875,9.0625,9.1875,4.735746383666992,30400
1995-04-10,9.1875,9.1875,9.0625,9.0625,4.671315670013428,151000
1995-04-11,9.25,9.5,9.140625,9.5,4.896828651428223,392000
1995-04-12,9.375,10.375,9.375,10.3125,5.31563663482666,1501600
1995-04-13,10.1875,10.375,9.9375,10.1875,5.251204013824463,886800
1995-04-17,10.1875,10.25,10.0,10.1875,5.251204013824463,175400
1995-04-18,10.0,10.1875,10.0,10.09375,5.202881813049316,188600
1995-04-19,10.0625,10.1875,10.0,10.125,5.21898889541626,330400
1995-04-20,10.0,10.125,9.9375,10.125,5.21898889541626,373400
1995-04-21,10.125,10.125,10.0,10.0625,5.186772346496582,108400
1995-04-24,10.0,10.3125,10.0,10.3125,5.31563663482666,284200
1995-04-25,10.3125,10.375,10.1875,10.375,5.347853183746338,57600
1995-04-26,10.375,10.5,10.1875,10.25,5.28341817855835,176800
1995-04-27,10.3125,10.3125,10.0,10.0,5.154554843902588,390800
1995-04-28,10.0,10.0,9.75,10.0,5.154554843902588,269200
1995-05-01,9.875,10.0,9.875,9.9375,5.122340202331543,66600
1995-05-02,10.0,10.1875,9.9375,10.0625,5.186772346496582,396800
1995-05-03,10.25,10.25,10.0,10.125,5.21898889541626,275800
1995-05-04,10.1875,10.25,9.875,9.875,5.090127468109131,412800
1995-05-05,10.0625,10.0625,9.8125,10.0,5.154554843902588,271600
1995-05-08,9.875,10.0625,9.875,10.0,5.154554843902588,70600
1995-05-09,9.875,10.0625,9.875,9.875,5.090127468109131,91200
1995-05-10,10.0625,10.0625,9.875,9.875,5.090127468109131,42200
1995-05-11,10.0,10.0625,9.9375,10.0,5.154554843902588,64400
1995-05-12,10.0625,10.0625,9.851563453674316,10.0,5.154554843902588,824000
1995-05-15,10.125,10.375,10.0,10.1875,5.251204013824463,293800
1995-05-16,10.0625,10.3125,10.0625,10.3125,5.31563663482666,132000
1995-05-17,10.3125,10.5625,10.3125,10.5625,5.444499969482422,235800
1995-05-18,10.4375,10.5,10.375,10.4375,5.380066871643066,627600
1995-05-19,10.5,10.6875,10.375,10.5625,5.444499969482422,596800
1995-05-22,10.5625,10.75,10.5,10.6875,5.508934020996094,996200
1995-05-23,10.6875,10.75,10.625,10.75,5.5411481857299805,512400
1995-05-24,10.75,10.8125,10.6875,10.8125,5.573364734649658,121800
1995-05-25,10.8125,10.8125,10.6875,10.8125,5.573364734649658,56800
1995-05-26,10.8125,10.875,10.6875,10.8125,5.573364734649658,121400
1995-05-30,10.875,11.0,10.75,11.0,5.6700119972229,176200
1995-05-31,10.875,11.0,10.8125,10.875,5.605579376220703,98200
1995-06-01,10.875,11.0,10.875,10.875,5.605579376220703,136200
1995-06-02,10.875,10.9375,10.8125,10.90625,5.621685028076172,202000
1995-06-05,10.8125,10.9375,10.8125,10.9375,5.6377949714660645,20000
1995-06-06,10.8125,11.0625,10.8125,10.9375,5.6377949714660645,188600
1995-06-07,10.9375,11.125,10.9375,11.0625,5.702229976654053,244800
1995-06-08,11.125,11.3125,11.0,11.25,5.7988762855529785,690000
1995-06-09,11.3125,11.375,11.125,11.1875,5.766660690307617,344600
1995-06-12,11.1875,11.375,11.1875,11.28125,5.8149847984313965,571800
1995-06-13,11.375,11.5,11.1875,11.5,5.927738666534424,448600
1995-06-14,11.3125,11.5,11.3125,11.375,5.863306999206543,849400
1995-06-15,11.5,11.5,11.3125,11.40625,5.879418849945068,580200
1995-06-16,11.375,11.4375,11.3125,11.375,5.863306999206543,2264400
1995-06-19,11.3125,11.5,11.3125,11.375,5.863306999206543,53200
1995-06-20,11.4375,11.4375,11.1875,11.1875,5.766660690307617,1619000
1995-06-21,11.1875,11.3125,11.0,11.0,5.6700119972229,419400
1995-06-22,11.0,11.0,10.8125,10.8125,5.573364734649658,89400
1995-06-23,10.8125,10.9375,10.75,10.8125,5.573364734649658,267400
1995-06-26,10.8125,10.875,10.625,10.625,5.476715564727783,240400
1995-06-27,10.625,10.625,10.4375,10.5625,5.444499969482422,228800
1995-06-28,10.5,10.625,10.5,10.5625,5.444499969482422,367200
1995-06-29,10.625,10.75,10.5,10.75,5.5411481857299805,80000
1995-06-30,10.625,10.9375,10.625,10.9375,5.6377949714660645,126000
1995-07-03,10.8125,11.0,10.8125,10.875,5.605579376220703,42800
1995-07-05,10.9375,11.125,10.875,11.0,5.6700119972229,94000
1995-07-06,11.0625,11.125,10.9375,10.96875,5.653904438018799,81600
1995-07-07,10.9375,11.125,10.9375,11.0,5.6700119972229,602800
1995-07-10,11.0,11.125,11.0,11.0625,5.702229976654053,151400
1995-07-11,11.125,11.125,11.0,11.0625,5.702229976654053,51200
1995-07-12,11.0,11.125,11.0,11.0,5.6700119972229,194600
1995-07-13,11.0,11.3125,11.0,11.125,5.734445095062256,395200
1995-07-14,11.0625,11.125,11.0,11.0,5.6700119972229,97200
1995-07-17,11.0,11.125,11.0,11.0,5.6700119972229,325200
1995-07-18,11.0,11.125,11.0,11.0625,5.702229976654053,367800
1995-07-19,11.0625,11.0625,10.75,10.875,5.605579376220703,211400
1995-07-20,10.8125,10.875,10.8125,10.8125,5.573364734649658,46600
1995-07-21,10.8125,10.8125,10.6875,10.75,5.5411481857299805,260400
1995-07-24,10.6875,10.875,10.6875,10.6875,5.508934020996094,62600
1995-07-25,10.6875,10.8125,10.375,10.375,5.347853183746338,531800
1995-07-26,10.5625,10.5625,10.375,10.375,5.347853183746338,47200
1995-07-27,10.375,10.5,10.375,10.4375,5.380066871643066,74400
1995-07-28,10.5,10.625,10.5,10.53125,5.4283905029296875,194600
1995-07-31,10.625,10.6875,10.5,10.6875,5.508934020996094,67000
1995-08-01,10.625,10.6875,10.625,10.625,5.476715564727783,43200
1995-08-02,10.625,10.6875,10.5,10.5,5.412284851074219,118400
1995-08-03,10.625,10.625,10.5,10.5625,5.444499969482422,145400
1995-08-04,10.625,10.625,10.5625,10.5625,5.444499969482422,31200
1995-08-07,10.625,10.625,10.5,10.5625,5.444499969482422,24400
1995-08-08,10.5,10.625,10.5,10.625,5.476715564727783,8800
1995-08-09,10.625,10.625,10.5,10.5,5.412284851074219,145000
1995-08-10,10.5,10.625,10.5,10.53125,5.4283905029296875,258000
1995-08-11,10.625,10.625,10.5,10.5625,5.444499969482422,56600
1995-08-14,10.75,10.75,10.5625,10.5625,5.444499969482422,14600
1995-08-15,10.625,10.75,10.5625,10.5625,5.444499969482422,212600
1995-08-16,10.75,10.75,10.5625,10.625,5.476715564727783,28000
1995-08-17,10.5625,10.75,10.5625,10.75,5.5411481857299805,223400
1995-08-18,10.625,10.75,10.625,10.625,5.476715564727783,477200
1995-08-21,10.75,10.75,10.625,10.75,5.5411481857299805,107800
1995-08-22,10.6875,10.75,10.6875,10.6875,5.508934020996094,29800
1995-08-23,10.6875,10.75,10.6875,10.75,5.5411481857299805,50200
1995-08-24,10.6875,10.875,10.6875,10.8125,5.573364734649658,211800
1995-08-25,10.75,10.9375,10.75,10.875,5.605579376220703,50400
1995-08-28,10.875,11.1875,10.875,11.03125,5.68612003326416,818000
1995-08-29,11.125,11.125,11.0,11.0625,5.702229976654053,57800
1995-08-30,11.0625,11.1875,11.0,11.1875,5.766660690307617,18200
1995-08-31,11.09375,11.375,11.0,11.25,5.7988762855529785,333000
1995-09-01,11.25,11.375,11.25,11.25,5.7988762855529785,20000
1995-09-05,11.375,11.625,11.25,11.46875,5.911631107330322,309600
1995-09-06,11.4375,11.75,11.4375,11.75,6.056603908538818,209400
1995-09-07,11.8125,11.8125,11.6875,11.6875,6.024387359619141,33800
1995-09-08,11.6875,12.0,11.6875,11.9375,6.153250694274902,159800
1995-09-11,11.8125,12.0,11.8125,11.8125,6.088820457458496,492600
1995-09-12,11.8125,11.8125,11.4375,11.4375,5.895524024963379,859200
1995-09-13,11.375,11.375,11.25,11.25,5.7988762855529785,43800
1995-09-14,11.25,11.3125,11.25,11.3125,5.831092357635498,152800
1995-09-15,11.25,11.375,11.25,11.25,5.7988762855529785,149000
1995-09-18,11.25,11.25,11.25,11.25,5.7988762855529785,9800
1995-09-19,11.25,11.375,11.25,11.375,5.863306999206543,40200
1995-09-20,11.25,11.375,11.25,11.375,5.863306999206543,71600
1995-09-21,11.25,11.4375,11.25,11.375,5.863306999206543,45200
1995-09-22,11.3125,11.375,11.3125,11.34375,5.847202777862549,60400
1995-09-25,11.3125,11.4375,11.3125,11.3125,5.831092357635498,32000
1995-09-26,11.3125,11.3125,11.0,11.125,5.734445095062256,181600
1995-09-27,11.1875,11.1875,10.9375,10.9375,5.6377949714660645,110800
1995-09-28,10.875,11.0,10.875,11.0,5.6700119972229,68400
1995-09-29,10.875,11.0625,10.875,11.0625,5.702229976654053,161200
1995-10-02,10.9375,11.0625,10.9375,10.9375,5.6377949714660645,14400
1995-10-03,11.0625,11.0625,10.75,10.75,5.5411481857299805,142600
1995-10-04,10.875,10.875,10.75,10.75,5.5411481857299805,49200
1995-10-05,10.875,10.875,10.75,10.75,5.5411481857299805,58400
1995-10-06,10.75,10.875,10.75,10.875,5.605579376220703,74600
1995-10-09,10.875,10.875,10.75,10.75,5.5411481857299805,56200
1995-10-10,10.75,10.8125,10.75,10.75,5.5411481857299805,55000
1995-10-11,10.75,10.8125,10.6875,10.8125,5.573364734649658,389800
1995-10-12,10.8125,11.0,10.75,10.8125,5.573364734649658,433600
1995-10-13,10.875,10.875,10.75,10.8125,5.573364734649658,657400
1995-10-16,10.8125,10.875,10.75,10.75,5.5411481857299805,375400
1995-10-17,10.75,10.75,10.4375,10.53125,5.4283905029296875,534400
1995-10-18,10.4375,10.46875,10.40625,10.46875,5.396177291870117,62800
1995-10-19,10.375,10.5,10.3125,10.34375,5.331745624542236,124600
1995-10-20,10.3125,10.3125,9.8125,9.875,5.090127468109131,133000
1995-10-23,9.9375,9.9375,9.375,9.5,4.896828651428223,239600
1995-10-24,9.5625,9.6875,9.5,9.5,4.896828651428223,241800
1995-10-25,8.75,9.5625,8.6875,9.53125,4.912935733795166,1614000
1995-10-26,9.4375,9.5625,9.4375,9.5,4.896828651428223,441800
1995-10-27,9.4375,9.5625,9.4375,9.4375,4.86461067199707,176600
1995-10-30,9.5625,9.9375,9.4375,9.875,5.090127468109131,114800
1995-10-31,9.8125,10.125,9.8125,9.9375,5.122340202331543,149000
1995-11-01,9.8125,9.9375,9.8125,9.875,5.090127468109131,88400
1995-11-02,9.9375,9.9375,9.8125,9.9375,5.122340202331543,161000
1995-11-03,9.875,10.4375,9.875,10.4375,5.380066871643066,212400
1995-11-06,10.3125,10.4375,10.25,10.25,5.28341817855835,44000
1995-11-07,10.375,10.375,10.1875,10.1875,5.251204013824463,30200
1995-11-08,10.1875,10.3125,10.1875,10.3125,5.31563663482666,9800
1995-11-09,10.1875,10.3125,10.0625,10.125,5.21898889541626,42800
1995-11-10,10.0625,10.125,9.6875,9.8125,5.057906150817871,203000
1995-11-13,9.75,9.9375,9.75,9.9375,5.122340202331543,6800
1995-11-14,9.875,9.9375,9.8125,9.8125,5.057906150817871,15800
1995-11-15,9.9375,10.1875,9.8125,10.125,5.21898889541626,152600
1995-11-16,10.0,10.1875,9.875,9.9375,5.122340202331543,237000
1995-11-17,10.0,10.0,9.8125,9.8125,5.057906150817871,18600
1995-11-20,9.8125,9.9375,9.6875,9.8125,5.057906150817871,184400
1995-11-21,9.75,9.875,9.75,9.75,5.025693416595459,274200
1995-11-22,9.875,10.375,9.75,10.375,5.347853183746338,369200
1995-11-24,10.25,10.3125,10.25,10.25,5.28341817855835,64000
1995-11-27,10.25,10.375,10.25,10.375,5.347853183746338,25200
1995-11-28,10.25,10.375,10.125,10.125,5.21898889541626,96600
1995-11-29,10.3125,10.3125,10.125,10.125,5.21898889541626,7600
1995-11-30,10.3125,10.3125,10.0625,10.0625,5.186772346496582,140800
1995-12-01,10.0,10.03125,9.9375,9.96875,5.138449668884277,107200
1995-12-04,9.9375,10.25,9.9375,10.0625,5.186772346496582,134000
1995-12-05,10.0625,10.25,10.0625,10.25,5.28341817855835,72200
1995-12-06,10.0625,10.0625,10.0,10.0,5.154554843902588,47800
1995-12-07,10.0,10.0625,10.0,10.0625,5.186772346496582,29800
1995-12-08,10.0,10.125,10.0,10.0625,5.186772346496582,47200
1995-12-11,10.0625,10.1875,10.0625,10.0625,5.186772346496582,96800
1995-12-12,10.0625,10.125,10.0625,10.0625,5.186772346496582,93000
1995-12-13,10.09375,10.09375,10.0625,10.09375,5.202881813049316,10600
1995-12-14,10.09375,10.125,10.0,10.125,5.21898889541626,58800
1995-12-15,10.125,10.125,9.8125,9.8125,5.057906150817871,209000
1995-12-18,9.8125,9.9375,9.75,9.75,5.025693416595459,94800
1995-12-19,9.75,9.875,9.75,9.75,5.025693416595459,112000
1995-12-20,9.75,9.875,9.75,9.8125,5.057906150817871,106600
1995-12-21,9.75,9.898438453674316,9.75,9.898438453674316,5.1022047996521,173800
1995-12-22,9.9375,9.9375,9.75,9.9375,5.122340202331543,56600
1995-12-26,9.8125,9.9375,9.8125,9.9375,5.122340202331543,112200
1995-12-27,9.8125,9.9375,9.8125,9.9375,5.122340202331543,106600
1995-12-28,9.9375,9.9375,9.75,9.9375,5.122340202331543,111600
1995-12-29,9.9375,9.9375,9.625,9.6875,4.9934773445129395,155000
1996-01-02,9.75,9.9375,9.75,9.9375,5.122340202331543,48600
1996-01-03,9.9375,10.0,9.875,9.9375,5.122340202331543,41200
1996-01-04,10.0,10.0,9.75,9.8125,5.057906150817871,60000
1996-01-05,9.75,9.75,9.5625,9.625,4.961259841918945,76200
1996-01-08,9.625,9.6875,9.625,9.6875,4.9934773445129395,80600
1996-01-09,9.6875,9.6875,9.5625,9.5625,4.929043769836426,40600
1996-01-10,9.625,9.625,9.25,9.4375,4.86461067199707,93200
1996-01-11,9.5,9.75,9.4375,9.6875,4.9934773445129395,150000
1996-01-12,9.6875,9.75,9.6875,9.75,5.025693416595459,20400
1996-01-15,9.6875,9.75,9.6875,9.6875,4.9934773445129395,31600
1996-01-16,9.6875,9.75,9.6875,9.75,5.025693416595459,39200
1996-01-17,9.5625,9.75,9.5625,9.75,5.025693416595459,85600
1996-01-18,9.6875,9.6875,9.5625,9.5625,4.929043769836426,105600
1996-01-19,9.625,9.625,9.375,9.4375,4.86461067199707,31600
1996-01-22,9.5,9.5625,9.4375,9.5,4.896828651428223,64400
1996-01-23,9.5,9.625,9.4375,9.625,4.961259841918945,101200
1996-01-24,9.5625,9.5625,9.5,9.5625,4.929043769836426,90000
1996-01-25,9.5,9.6875,9.5,9.625,4.961259841918945,70600
1996-01-26,9.625,9.625,9.5625,9.5625,4.929043769836426,37600
1996-01-29,9.5625,9.625,9.4375,9.5,4.896828651428223,105000
1996-01-30,9.75,9.8125,9.625,9.75,5.025693416595459,223000
1996-01-31,9.625,9.6875,9.5625,9.6875,4.9934773445129395,159600
1996-02-01,9.5,9.875,9.5,9.8125,5.057906150817871,313600
1996-02-02,9.625,9.8125,9.625,9.8125,5.057906150817871,209800
1996-02-05,9.75,9.875,9.75,9.875,5.090127468109131,352400
1996-02-06,9.875,10.25,9.8125,10.25,5.28341817855835,308600
1996-02-07,10.25,10.3125,10.1875,10.25,5.28341817855835,75600
1996-02-08,10.25,10.375,10.25,10.375,5.347853183746338,99000
1996-02-09,10.4375,10.5,10.4375,10.5,5.412284851074219,28800
1996-02-12,10.625,10.625,10.375,10.375,5.347853183746338,141000
1996-02-13,10.4375,10.5625,10.375,10.375,5.347853183746338,110000
1996-02-14,10.375,10.5625,10.375,10.5625,5.444499969482422,107000
1996-02-15,10.5625,10.5625,10.4375,10.5,5.412284851074219,71800
1996-02-16,10.4375,10.5625,10.4375,10.5625,5.444499969482422,30800
1996-02-20,10.625,10.75,10.5625,10.625,5.476715564727783,94400
1996-02-21,10.75,10.75,10.5625,10.5625,5.444499969482422,20800
1996-02-22,10.6875,10.6875,10.5,10.5625,5.444499969482422,75400
1996-02-23,9.9375,9.9375,9.625,9.625,4.961259841918945,274000
1996-02-26,9.5,9.5,9.0,9.125,4.703533172607422,396600
1996-02-27,9.125,9.25,9.0,9.1875,4.735746383666992,77800
1996-02-28,9.1875,9.1875,8.9375,8.9375,4.6068854331970215,54400
1996-02-29,8.9375,9.0,8.875,8.875,4.57466983795166,190200
1996-03-01,8.3125,8.375,8.3125,8.375,4.316943168640137,819800
1996-03-04,8.5,8.6875,8.5,8.625,4.445804119110107,314000
1996-03-05,8.625,8.625,8.5,8.5625,4.4135894775390625,170400
1996-03-06,8.625,8.625,8.4375,8.4375,4.34915828704834,88800
1996-03-07,8.4375,8.4375,8.25,8.3125,4.28472375869751,88000
1996-03-08,8.25,8.25,8.0625,8.0625,4.155860900878906,45600
1996-03-11,8.125,8.1875,8.0625,8.125,4.188076972961426,75400
1996-03-12,8.1875,8.375,8.1875,8.375,4.316943168640137,106800
1996-03-13,8.5,8.5,8.4375,8.5,4.381371021270752,122400
1996-03-14,8.5625,8.75,8.5,8.6875,4.4780192375183105,116600
1996-03-15,8.6875,8.75,8.375,8.375,4.316943168640137,512600
1996-03-18,8.375,8.6875,8.375,8.6875,4.4780192375183105,132400
1996-03-19,8.6875,8.8125,8.625,8.6875,4.4780192375183105,25200
1996-03-20,8.75,8.75,8.625,8.6875,4.4780192375183105,44600
1996-03-21,8.625,8.8125,8.5625,8.8125,4.542453289031982,166600
1996-03-22,8.8125,8.875,8.75,8.875,4.57466983795166,52800
1996-03-25,8.9375,8.9375,8.75,8.75,4.510236740112305,19000
1996-03-26,8.75,8.875,8.75,8.875,4.57466983795166,60200
1996-03-27,8.9375,8.9375,8.875,8.9375,4.6068854331970215,29000
1996-03-28,8.875,8.9375,8.8125,8.9375,4.6068854331970215,20600
1996-03-29,8.875,8.9375,8.75,8.875,4.57466983795166,29400
1996-04-01,8.75,8.9375,8.75,8.875,4.57466983795166,48400
1996-04-02,9.0,9.0,8.9375,9.0,4.639101505279541,44800
1996-04-03,8.75,8.8125,8.5,8.6875,4.4780192375183105,133400
1996-04-04,8.625,8.75,8.5625,8.6875,4.4780192375183105,87600
1996-04-08,8.6875,8.6875,8.4375,8.5625,4.4135894775390625,119600
1996-04-09,8.625,8.625,8.4375,8.4375,4.34915828704834,20400
1996-04-10,8.375,8.5,8.375,8.5,4.381371021270752,92400
1996-04-11,8.5,8.5,8.375,8.375,4.316943168640137,32600
1996-04-12,8.4375,8.4375,8.0625,8.25,4.252506732940674,342800
1996-04-15,8.3125,8.4375,8.3125,8.375,4.316943168640137,12000
1996-04-16,8.375,8.4375,8.3125,8.3125,4.28472375869751,29800
1996-04-17,8.375,8.4375,8.25,8.375,4.316943168640137,30000
1996-04-18,8.3125,8.4375,8.3125,8.4375,4.34915828704834,19200
1996-04-19,8.4375,8.4375,8.25,8.375,4.316943168640137,36200
1996-04-22,8.375,8.5,8.375,8.4375,4.34915828704834,13200
1996-04-23,8.4375,8.6875,8.4375,8.6875,4.4780192375183105,65600
1996-04-24,8.6875,8.75,8.625,8.75,4.510236740112305,18600
1996-04-25,8.625,8.75,8.4375,8.75,4.510236740112305,38600
1996-04-26,8.6875,8.75,8.625,8.625,4.445804119110107,13200
1996-04-29,8.5625,8.625,8.4375,8.5625,4.4135894775390625,41200
1996-04-30,8.5,8.6875,8.4375,8.625,4.445804119110107,65600
1996-05-01,8.6875,8.875,8.6875,8.875,4.57466983795166,489200
1996-05-02,8.9375,9.0,8.875,8.9375,4.6068854331970215,78800
1996-05-03,9.0,9.0625,8.9375,9.0625,4.671315670013428,11800
1996-05-06,9.1875,9.375,9.0,9.0625,4.671315670013428,98400
1996-05-07,9.0625,9.25,9.0625,9.1875,4.735746383666992,297800
1996-05-08,9.25,9.3125,9.0625,9.125,4.703533172607422,237200
1996-05-09,9.125,9.1875,9.0625,9.125,4.703533172607422,171800
1996-05-10,9.125,9.125,9.0625,9.125,4.703533172607422,213000
1996-05-13,9.1875,9.1875,9.0625,9.125,4.703533172607422,34400
1996-05-14,9.125,9.375,9.125,9.375,4.832396030426025,456600
1996-05-15,9.25,9.375,9.25,9.25,4.767965316772461,32000
1996-05-16,9.25,9.375,9.1875,9.375,4.832396030426025,61200
1996-05-17,9.3125,9.375,9.3125,9.375,4.832396030426025,39000
1996-05-20,9.4375,9.5,9.3125,9.3125,4.8001813888549805,87000
1996-05-21,9.3125,9.375,9.3125,9.3125,4.8001813888549805,27200
1996-05-22,9.3125,9.375,9.25,9.25,4.767965316772461,23400
1996-05-23,9.25,9.25,9.125,9.25,4.767965316772461,90400
1996-05-24,9.125,9.1875,9.0,9.1875,4.735746383666992,51600
1996-05-28,9.125,9.1875,9.125,9.1875,4.735746383666992,17600
1996-05-29,9.1875,9.1875,9.125,9.1875,4.735746383666992,8800
1996-05-30,9.125,9.1875,9.125,9.125,4.703533172607422,13000
1996-05-31,9.0625,9.25,9.0625,9.1875,4.735746383666992,50800
1996-06-03,9.1875,9.3125,9.1875,9.25,4.767965316772461,67400
1996-06-04,9.1875,9.25,9.1875,9.1875,4.735746383666992,57600
1996-06-05,9.3125,9.3125,9.25,9.25,4.767965316772461,19400
1996-06-06,9.3125,9.3125,9.25,9.3125,4.8001813888549805,6000
1996-06-07,9.25,9.25,9.1875,9.1875,4.735746383666992,9600
1996-06-10,9.1875,9.375,9.1875,9.3125,4.8001813888549805,16800
1996-06-11,9.3125,9.4375,9.25,9.3125,4.8001813888549805,44800
1996-06-12,9.3125,9.375,9.3125,9.3125,4.8001813888549805,9400
1996-06-13,9.25,9.25,9.125,9.125,4.703533172607422,41200
1996-06-14,9.125,9.125,9.0,9.0,4.639101505279541,609000
1996-06-17,9.0,9.0,8.9375,8.9375,4.6068854331970215,19600
1996-06-18,9.0,9.125,9.0,9.0625,4.671315670013428,57800
1996-06-19,9.125,9.3125,9.125,9.3125,4.8001813888549805,34000
1996-06-20,9.25,9.3125,9.25,9.25,4.767965316772461,26200
1996-06-21,9.375,9.375,9.25,9.25,4.767965316772461,23800
1996-06-24,9.1875,9.25,9.1875,9.1875,4.735746383666992,36000
1996-06-25,9.1875,9.1875,9.125,9.1875,4.735746383666992,15200
1996-06-26,9.125,9.125,9.0625,9.125,4.703533172607422,12400
1996-06-27,9.0625,9.0625,8.875,8.875,4.57466983795166,128000
1996-06-28,8.875,8.875,8.75,8.75,4.510236740112305,41600
1996-07-01,9.0,9.125,8.9375,9.0,4.639101505279541,156000
1996-07-02,9.0625,9.0625,9.0,9.0,4.639101505279541,103800
1996-07-03,9.0625,9.1875,9.0,9.1875,4.735746383666992,92000
1996-07-05,9.125,9.1875,9.125,9.1875,4.735746383666992,32600
1996-07-08,9.125,9.1875,9.0625,9.125,4.703533172607422,18800
1996-07-09,9.125,9.125,9.0625,9.0625,4.671315670013428,16000
1996-07-10,9.125,9.1875,9.125,9.1875,4.735746383666992,13200
1996-07-11,9.125,9.1875,9.0625,9.125,4.703533172607422,18200
1996-07-12,9.0625,9.0625,8.9375,8.9375,4.6068854331970215,16800
1996-07-15,8.9375,9.0,8.8125,8.9375,4.6068854331970215,19000
1996-07-16,9.0,9.0,8.6875,8.6875,4.4780192375183105,39600
1996-07-17,8.6875,8.75,8.5625,8.5625,4.4135894775390625,90000
1996-07-18,8.625,8.625,8.4375,8.4375,4.34915828704834,138000
1996-07-19,8.4375,8.6875,8.4375,8.6875,4.4780192375183105,899000
1996-07-22,8.625,8.625,8.5,8.5,4.381371021270752,443400
1996-07-23,8.625,8.75,8.5,8.75,4.510236740112305,379000
1996-07-24,8.75,8.75,8.625,8.6875,4.4780192375183105,300200
1996-07-25,8.6875,8.6875,8.5625,8.625,4.445804119110107,125800
1996-07-26,8.625,8.625,8.5625,8.625,4.445804119110107,106200
1996-07-29,8.625,8.625,8.5,8.5,4.381371021270752,173800
1996-07-30,8.5625,8.5625,8.5,8.5,4.381371021270752,72400
1996-07-31,8.4375,8.4375,8.375,8.375,4.316943168640137,321400
1996-08-01,8.4375,8.5,8.375,8.375,4.316943168640137,205200
1996-08-02,8.4375,8.625,8.4375,8.5625,4.4135894775390625,76800
1996-08-05,8.5625,8.875,8.5625,8.75,4.510236740112305,75400
1996-08-06,8.8125,8.9375,8.75,8.875,4.57466983795166,67200
1996-08-07,8.875,9.1875,8.875,9.1875,4.735746383666992,54200
1996-08-08,9.25,9.375,9.25,9.375,4.832396030426025,171200
1996-08-09,9.5,9.5,9.3125,9.3125,4.8001813888549805,27600
1996-08-12,9.375,9.375,9.25,9.25,4.767965316772461,28800
1996-08-13,9.25,9.3125,9.25,9.3125,4.8001813888549805,30800
1996-08-14,9.3125,9.375,9.3125,9.375,4.832396030426025,21600
1996-08-15,9.375,9.375,9.3125,9.375,4.832396030426025,13000
1996-08-16,9.375,9.375,9.3125,9.375,4.832396030426025,9000
1996-08-19,9.375,9.4375,9.375,9.4375,4.86461067199707,39800
1996-08-20,9.4375,9.4375,9.375,9.4375,4.86461067199707,41000
1996-08-21,9.4375,9.4375,9.375,9.375,4.832396030426025,7800
1996-08-22,9.4375,9.4375,9.375,9.375,4.832396030426025,59600
1996-08-23,9.375,9.4375,9.375,9.375,4.832396030426025,5600
1996-08-26,9.4375,9.4375,9.375,9.375,4.832396030426025,16400
1996-08-27,9.4375,9.4375,9.3125,9.375,4.832396030426025,10400
1996-08-28,9.375,9.375,9.3125,9.375,4.832396030426025,11200
1996-08-29,9.4375,9.4375,9.3125,9.4375,4.86461067199707,30600
1996-08-30,9.375,9.375,9.3125,9.375,4.832396030426025,6600
1996-09-03,9.3125,9.375,9.25,9.3125,4.8001813888549805,25800
1996-09-04,9.3125,9.4375,9.3125,9.4375,4.86461067199707,12000
1996-09-05,9.4375,9.5,9.4375,9.5,4.896828651428223,17600
1996-09-06,9.5,9.5,9.4375,9.5,4.896828651428223,13200
1996-09-09,9.4375,9.5,9.4375,9.4375,4.86461067199707,11800
1996-09-10,9.4375,9.5625,9.375,9.5625,4.929043769836426,35400
1996-09-11,9.5,9.8125,9.5,9.6875,4.9934773445129395,108400
1996-09-12,9.6875,9.6875,9.4375,9.4375,4.86461067199707,50600
1996-09-13,9.5,9.5,9.3125,9.3125,4.8001813888549805,117400
1996-09-16,9.3125,9.5625,9.3125,9.5,4.896828651428223,110400
1996-09-17,9.4375,9.5,9.375,9.375,4.832396030426025,35800
1996-09-18,9.4375,9.4375,9.375,9.375,4.832396030426025,37200
1996-09-19,9.375,9.4375,9.375,9.4375,4.86461067199707,55200
1996-09-20,9.375,9.5,9.375,9.4375,4.86461067199707,45400
1996-09-23,9.3125,9.375,9.3125,9.3125,4.8001813888549805,14200
1996-09-24,9.375,9.5,9.375,9.5,4.896828651428223,84600
1996-09-25,9.4375,9.4375,9.375,9.4375,4.86461067199707,52600
1996-09-26,9.375,9.4375,9.375,9.375,4.832396030426025,31400
1996-09-27,9.375,9.5,9.375,9.4375,4.86461067199707,23600
1996-09-30,9.375,9.6875,9.375,9.625,4.961259841918945,184000
1996-10-01,9.6875,10.0,9.6875,10.0,5.154554843902588,64800
1996-10-02,9.9375,10.25,9.875,10.25,5.28341817855835,54800
1996-10-03,10.25,10.25,10.0,10.0,5.154554843902588,60800
1996-10-04,9.875,10.0625,9.75,10.0,5.154554843902588,61800
1996-10-07,10.0,10.125,9.875,10.125,5.21898889541626,49200
1996-10-08,10.125,10.125,10.0,10.0,5.154554843902588,69000
1996-10-09,10.125,10.125,9.875,9.875,5.090127468109131,53400
1996-10-10,9.9375,10.0,9.875,10.0,5.154554843902588,48400
1996-10-11,9.9375,10.0,9.9375,9.9375,5.122340202331543,14000
1996-10-14,10.0,10.0,9.9375,10.0,5.154554843902588,17400
1996-10-15,10.0625,10.0625,9.875,10.0,5.154554843902588,22400
1996-10-16,9.9375,10.0,9.9375,10.0,5.154554843902588,7200
1996-10-17,9.9375,10.0,9.9375,9.9375,5.122340202331543,7400
1996-10-18,10.0,10.0,9.5,9.75,5.025693416595459,82600
1996-10-21,9.75,9.75,9.625,9.625,4.961259841918945,24400
1996-10-22,9.625,9.625,9.5,9.5,4.896828651428223,32600
1996-10-23,9.5,9.5,9.375,9.4375,4.86461067199707,61400
1996-10-24,9.4375,9.4375,9.375,9.4375,4.86461067199707,7600
1996-10-25,9.375,9.4375,9.375,9.4375,4.86461067199707,9200
1996-10-28,9.3125,9.4375,9.3125,9.4375,4.86461067199707,29800
1996-10-29,9.4375,9.4375,9.375,9.4375,4.86461067199707,35400
1996-10-30,9.4375,9.4375,9.375,9.4375,4.86461067199707,40800
1996-10-31,9.375,9.375,9.3125,9.3125,4.8001813888549805,42200
1996-11-01,9.3125,9.3125,9.125,9.1875,4.735746383666992,106200
1996-11-04,9.1875,9.1875,9.125,9.1875,4.735746383666992,23600
1996-11-05,9.125,9.1875,9.125,9.1875,4.735746383666992,49600
1996-11-06,9.1875,9.1875,9.125,9.125,4.703533172607422,146000
1996-11-07,9.125,9.125,9.0,9.0625,4.671315670013428,35200
1996-11-08,9.0625,9.0625,8.96875,9.0,4.639101505279541,30400
1996-11-11,9.0,9.0625,8.9375,9.0,4.639101505279541,69000
1996-11-12,8.9375,9.0,8.9375,8.9375,4.6068854331970215,37600
1996-11-13,8.9375,9.0,8.9375,9.0,4.639101505279541,543800
1996-11-14,9.0,9.125,9.0,9.0,4.639101505279541,155600
1996-11-15,9.0625,9.0625,8.9375,8.9375,4.6068854331970215,135400
1996-11-18,8.9375,9.0625,8.9375,9.0625,4.671315670013428,18600
1996-11-19,9.0,9.0625,8.9375,9.0625,4.671315670013428,60600
1996-11-20,9.0625,9.1875,8.875,9.125,4.703533172607422,73400
1996-11-21,9.1875,9.1875,8.9375,9.0,4.639101505279541,79400
1996-11-22,8.9375,9.125,8.9375,9.0625,4.671315670013428,63400
1996-11-25,9.0625,9.125,9.0,9.0625,4.671315670013428,117400
1996-11-26,9.0,9.0625,8.875,8.875,4.57466983795166,55800
1996-11-27,8.875,9.0,8.875,9.0,4.639101505279541,276200
1996-11-29,9.0,9.0625,9.0,9.0625,4.671315670013428,22000
1996-12-02,9.0625,9.1875,9.0625,9.1875,4.735746383666992,80600
1996-12-03,9.1875,9.25,9.15625,9.1875,4.735746383666992,65800
1996-12-04,9.25,9.3125,9.125,9.25,4.767965316772461,248600
1996-12-05,9.25,9.375,9.25,9.25,4.767965316772461,38600
1996-12-06,9.1875,9.25,9.125,9.1875,4.735746383666992,27800
1996-12-09,9.125,9.3125,9.125,9.3125,4.8001813888549805,49000
1996-12-10,9.25,9.6875,9.1875,9.6875,4.9934773445129395,33600
1996-12-11,9.5625,9.8125,9.5625,9.8125,5.057906150817871,42400
1996-12-12,9.875,9.9375,9.875,9.875,5.090127468109131,96200
1996-12-13,9.875,9.875,9.4375,9.5625,4.929043769836426,29600
1996-12-16,9.5,9.6875,9.5,9.5,4.896828651428223,26000
1996-12-17,9.4375,9.5,9.375,9.375,4.832396030426025,13600
1996-12-18,9.375,9.375,9.3125,9.3125,4.8001813888549805,22000
1996-12-19,9.3125,9.6875,9.3125,9.625,4.961259841918945,122000
1996-12-20,9.6875,9.6875,9.5625,9.625,4.961259841918945,39800
1996-12-23,9.625,9.6875,9.625,9.625,4.961259841918945,38400
1996-12-24,9.75,9.9375,9.6875,9.875,5.090127468109131,41600
1996-12-26,9.9375,9.9375,9.6875,9.8125,5.057906150817871,31800
1996-12-27,9.8125,9.9375,9.8125,9.875,5.090127468109131,24400
1996-12-30,9.8125,9.875,9.75,9.875,5.090127468109131,26200
1996-12-31,9.875,9.9375,9.8125,9.9375,5.122340202331543,27200
1997-01-02,9.9375,10.25,9.875,10.25,5.28341817855835,90200
1997-01-03,10.375,10.6875,10.1875,10.5625,5.444499969482422,86400
1997-01-06,10.5,10.5,10.3125,10.3125,5.31563663482666,62600
1997-01-07,10.25,10.25,10.125,10.1875,5.251204013824463,40200
1997-01-08,10.25,10.3125,10.0625,10.0625,5.186772346496582,120200
1997-01-09,10.0625,10.125,10.0,10.0,5.154554843902588,91200
1997-01-10,9.875,10.125,9.875,10.125,5.21898889541626,82600
1997-01-13,10.125,10.125,10.0,10.125,5.21898889541626,70200
1997-01-14,10.0625,10.125,10.0,10.0,5.154554843902588,57200
1997-01-15,10.0625,10.1875,10.0625,10.1875,5.251204013824463,89000
1997-01-16,10.0625,10.1875,10.0,10.0,5.154554843902588,44200
1997-01-17,9.9375,10.0625,9.9375,10.0625,5.186772346496582,61800
1997-01-20,10.0625,10.0625,9.8125,10.0625,5.186772346496582,84400
1997-01-21,10.0,10.1875,9.9375,9.9375,5.122340202331543,38000
1997-01-22,9.9375,10.0,9.75,9.75,5.025693416595459,51600
1997-01-23,9.75,10.4375,9.75,10.25,5.28341817855835,291600
1997-01-24,10.375,10.6875,10.3125,10.375,5.347853183746338,248200
1997-01-27,10.3125,10.375,10.25,10.3125,5.31563663482666,87800
1997-01-28,10.4375,10.4375,10.25,10.3125,5.31563663482666,56600
1997-01-29,10.25,10.375,10.1875,10.3125,5.31563663482666,72800
1997-01-30,10.375,10.5,10.25,10.5,5.412284851074219,81200
1997-01-31,10.5,10.625,10.375,10.4375,5.380066871643066,185200
1997-02-03,10.5,10.5,10.4375,10.5,5.412284851074219,60200
1997-02-04,10.5,10.5,10.375,10.5,5.412284851074219,144200
1997-02-05,10.5625,10.5625,10.4375,10.5625,5.444499969482422,72400
1997-02-06,10.5,10.5,10.4375,10.5,5.412284851074219,47600
1997-02-07,10.5,10.5625,10.5,10.5625,5.444499969482422,156600
1997-02-10,10.5625,10.5625,10.5,10.5625,5.444499969482422,36400
1997-02-11,10.5,10.625,10.5,10.5625,5.444499969482422,19400
1997-02-12,10.625,10.625,10.375,10.375,5.347853183746338,60600
1997-02-13,10.4375,10.5625,10.375,10.5,5.412284851074219,94000
1997-02-14,10.6875,10.8125,10.625,10.8125,5.573364734649658,294800
1997-02-18,10.75,10.8125,10.5,10.6875,5.508934020996094,133400
1997-02-19,10.5625,10.6875,10.5,10.625,5.476715564727783,111600
1997-02-20,10.5625,10.625,10.5,10.5625,5.444499969482422,33200
1997-02-21,10.5625,10.5625,10.3125,10.375,5.347853183746338,92600
1997-02-24,10.3125,10.5,10.25,10.5,5.412284851074219,351000
1997-02-25,10.375,10.5625,10.375,10.5625,5.444499969482422,300800
1997-02-26,10.5,10.5625,10.375,10.375,5.347853183746338,31200
1997-02-27,10.375,10.5,10.25,10.4375,5.380066871643066,127200
1997-02-28,10.5,10.625,10.4375,10.625,5.476715564727783,100400
1997-03-03,10.625,11.1875,10.625,11.0625,5.702229976654053,188800
1997-03-04,11.1875,11.5,11.1875,11.3125,5.831092357635498,136400
1997-03-05,11.25,11.375,11.25,11.3125,5.831092357635498,39000
1997-03-06,11.25,11.5625,11.1875,11.5,5.927738666534424,153600
1997-03-07,11.375,11.625,11.375,11.5625,5.959957122802734,100400
1997-03-10,11.5,11.5625,11.3125,11.4375,5.895524024963379,63400
1997-03-11,11.5,11.5,11.3125,11.4375,5.895524024963379,59600
1997-03-12,11.4375,11.4375,11.3125,11.375,5.863306999206543,53800
1997-03-13,11.375,11.5625,11.25,11.25,5.7988762855529785,86000
1997-03-14,11.25,11.375,11.25,11.375,5.863306999206543,37800
1997-03-17,11.3125,11.375,11.3125,11.375,5.863306999206543,30000
1997-03-18,11.375,11.5,11.3125,11.5,5.927738666534424,20000
1997-03-19,11.4375,11.6875,11.375,11.6875,6.024387359619141,52400
1997-03-20,11.625,11.875,11.625,11.875,6.121034145355225,67800
1997-03-21,11.875,12.4375,11.875,12.4375,6.410980701446533,262000
1997-03-24,12.4375,12.5625,12.1875,12.25,6.314331531524658,429400
1997-03-25,12.125,12.375,12.125,12.125,6.249902248382568,860800
1997-03-26,12.125,12.1875,12.125,12.125,6.249902248382568,26800
1997-03-27,12.1875,12.3125,12.125,12.125,6.249902248382568,430800
1997-03-31,12.125,12.125,11.5,11.5,5.927738666534424,107200
1997-04-01,11.5,11.5625,11.375,11.4375,5.895524024963379,18000
1997-04-02,11.4375,11.625,11.25,11.5625,5.959957122802734,19400
1997-04-03,11.5,11.625,11.4375,11.5,5.927738666534424,21200
1997-04-04,11.4375,11.625,11.4375,11.5,5.927738666534424,12400
1997-04-07,11.5,11.875,11.4375,11.875,6.121034145355225,43400
1997-04-08,11.875,11.875,11.8125,11.875,6.121034145355225,11800
1997-04-09,11.75,11.9375,11.5,11.875,6.121034145355225,83200
1997-04-10,11.9375,12.0,11.8125,11.9375,6.153250694274902,46200
1997-04-11,11.8125,12.0625,11.8125,11.875,6.121034145355225,318600
1997-04-14,11.8125,11.9375,11.75,11.9375,6.153250694274902,29200
1997-04-15,11.9375,12.25,11.9375,12.25,6.314331531524658,80800
1997-04-16,12.25,12.5625,12.1875,12.375,6.378765106201172,193800
1997-04-17,12.375,12.375,12.25,12.3125,6.346546649932861,124000
1997-04-18,12.375,12.5625,12.25,12.4375,6.410980701446533,187800
1997-04-21,12.375,12.4375,12.28125,12.3125,6.346546649932861,121600
1997-04-22,12.3125,12.375,12.1875,12.3125,6.346546649932861,75200
1997-04-23,12.5,13.1875,12.5,13.0625,6.733139514923096,1044000
1997-04-24,12.9375,13.0,12.875,12.875,6.636491298675537,92400
1997-04-25,12.8125,12.8125,12.625,12.625,6.507628440856934,261000
1997-04-28,12.625,12.9375,12.5625,12.8125,6.604275703430176,65400
1997-04-29,13.0,13.125,12.9375,13.0,6.700923919677734,297200
1997-04-30,12.9375,13.0,12.8125,12.8125,6.604275703430176,120600
1997-05-01,12.875,13.125,12.6875,13.125,6.765355587005615,226800
1997-05-02,13.0625,13.25,13.0625,13.25,6.829790115356445,333800
1997-05-05,13.25,13.4375,13.1875,13.1875,6.797573089599609,114400
1997-05-06,13.25,13.25,13.125,13.25,6.829790115356445,288600
1997-05-07,13.25,13.25,12.8125,12.9375,6.668710231781006,169000
1997-05-08,12.9375,13.0625,12.875,13.0625,6.733139514923096,208600
1997-05-09,13.0,13.0625,12.8125,12.875,6.636491298675537,74800
1997-05-12,12.75,12.75,12.625,12.75,6.572058200836182,49200
1997-05-13,12.875,12.875,12.75,12.75,6.572058200836182,89800
1997-05-14,12.75,12.75,12.625,12.75,6.572058200836182,23800
1997-05-15,12.6875,12.75,12.5625,12.625,6.507628440856934,177000
1997-05-16,12.625,13.125,12.5,13.125,6.765355587005615,295400
1997-05-19,13.0625,13.125,13.0,13.0625,6.733139514923096,117400
1997-05-20,13.0625,13.3125,13.0625,13.3125,6.862003803253174,466000
1997-05-21,13.4375,13.4375,13.375,13.375,6.894217491149902,149400
1997-05-22,13.3125,13.3125,13.0,13.125,6.765355587005615,397800
1997-05-23,13.0625,13.25,12.9375,13.25,6.829790115356445,406200
1997-05-27,13.25,13.25,13.1875,13.25,6.829790115356445,152000
1997-05-28,13.1875,13.5625,13.1875,13.25,6.829790115356445,432600
1997-05-29,13.3125,14.1875,13.25,14.0,7.216380596160889,616200
1997-05-30,13.875,14.625,13.875,14.625,7.538538455963135,454000
1997-06-02,14.625,14.75,14.5625,14.75,7.602972507476807,562200
1997-06-03,14.75,14.9375,14.6875,14.8125,7.635184288024902,447400
1997-06-04,14.875,14.875,14.6875,14.875,7.667403697967529,116200
1997-06-05,14.875,15.0,14.6875,14.6875,7.570755481719971,173800
1997-06-06,14.8125,14.8125,14.375,14.5,7.47410774230957,82000
1997-06-09,14.5625,14.5625,14.1875,14.25,7.345242023468018,69200
1997-06-10,14.1875,14.1875,13.375,13.75,7.0875139236450195,167200
1997-06-11,13.75,13.9375,13.75,13.875,7.151947498321533,103400
1997-06-12,13.9375,13.9375,13.875,13.875,7.151947498321533,75400
1997-06-13,13.9375,13.9375,13.8125,13.875,7.151947498321533,89600
1997-06-16,13.875,14.0,13.8125,14.0,7.216380596160889,55200
1997-06-17,14.0,14.0,13.9375,14.0,7.216380596160889,137000
1997-06-18,14.0,14.0,13.875,14.0,7.216380596160889,67000
1997-06-19,14.0,14.0,13.8125,14.0,7.216380596160889,53200
1997-06-20,13.75,13.9375,13.75,13.9375,7.184164047241211,109400
1997-06-23,13.9375,14.0,13.8125,13.8125,7.119731903076172,171600
1997-06-24,13.8125,14.5625,13.78125,14.5625,7.506319999694824,299000
1997-06-25,14.59375,14.625,13.875,14.15625,7.2969160079956055,131200
1997-06-26,14.15625,14.1875,14.0,14.0,7.216380596160889,209400
1997-06-27,14.0,14.125,13.9375,14.0625,7.248595237731934,127200
1997-06-30,14.0625,14.75,14.0,14.5,7.47410774230957,244200
1997-07-01,14.5,14.5,14.1875,14.25,7.345242023468018,54000
1997-07-02,14.25,14.25,14.0,14.09375,7.264702796936035,128000
1997-07-03,14.0625,14.0625,13.625,14.03125,7.232487678527832,82600
1997-07-07,14.125,14.5625,14.125,14.46875,7.457997798919678,136000
1997-07-08,14.46875,14.46875,14.3125,14.375,7.40967321395874,1109200
1997-07-09,14.4375,14.5625,14.375,14.5625,7.506319999694824,205200
1997-07-10,14.5625,14.875,14.4375,14.875,7.667403697967529,162000
1997-07-11,14.9375,14.9375,14.53125,14.59375,7.522433757781982,168000
1997-07-14,14.5,14.75,14.375,14.71875,7.586863994598389,153400
1997-07-15,14.59375,15.34375,14.59375,15.28125,7.876805782318115,311800
1997-07-16,15.21875,15.25,14.875,15.125,7.796270847320557,318000
1997-07-17,14.9375,14.9375,14.21875,14.25,7.345242023468018,197200
1997-07-18,14.1875,14.1875,13.6875,13.96875,7.200270652770996,110000
1997-07-21,13.875,13.875,13.71875,13.875,7.151947498321533,79000
1997-07-22,13.8125,14.0,13.6875,13.875,7.151947498321533,53400
1997-07-23,13.9375,13.9375,13.71875,13.8125,7.119731903076172,56800
1997-07-24,13.875,13.875,13.375,13.53125,6.974761962890625,101400
1997-07-25,13.5,13.71875,13.5,13.71875,7.07140588760376,37600
1997-07-28,13.65625,13.6875,13.5,13.625,7.023082733154297,108000
1997-07-29,13.6875,13.875,13.625,13.84375,7.135838031768799,57200
1997-07-30,13.875,13.875,13.71875,13.8125,7.119731903076172,64400
1997-07-31,13.9375,13.96875,13.625,13.6875,7.055297374725342,146200
1997-08-01,13.625,13.625,13.375,13.5,6.958651542663574,130400
1997-08-04,13.4375,13.8125,13.4375,13.75,7.0875139236450195,95400
1997-08-05,13.75,13.84375,13.5,13.5,6.958651542663574,314000
1997-08-06,13.5,13.625,13.46875,13.59375,7.006977558135986,146400
1997-08-07,13.5625,13.75,13.5,13.5625,6.990868091583252,47000
1997-08-08,13.5,13.5625,13.125,13.3125,6.862003803253174,99600
1997-08-11,13.1875,13.1875,12.875,12.875,6.636491298675537,162200
1997-08-12,12.75,13.125,12.75,12.8125,6.604275703430176,137400
1997-08-13,12.6875,13.0,12.625,12.875,6.636491298675537,251400
1997-08-14,13.0,13.125,12.875,13.125,6.765355587005615,60200
1997-08-15,13.125,13.1875,12.8125,12.84375,6.620380878448486,368200
1997-08-18,12.90625,13.125,12.90625,13.03125,6.717031002044678,53800
1997-08-19,13.0,13.125,12.9375,13.03125,6.717031002044678,168000
1997-08-20,13.0,13.21875,12.875,13.125,6.765355587005615,35400
1997-08-21,13.25,13.3125,13.03125,13.1875,6.797573089599609,98000
1997-08-22,13.125,13.125,12.71875,13.03125,6.717031002044678,141800
1997-08-25,13.03125,13.46875,13.03125,13.40625,6.910326957702637,48200
1997-08-26,13.5,13.75,13.46875,13.59375,7.006977558135986,148000
1997-08-27,13.5625,13.8125,13.5625,13.8125,7.119731903076172,119800
1997-08-28,13.8125,13.96875,13.78125,13.78125,7.1036248207092285,36800
1997-08-29,13.71875,14.0,13.6875,14.0,7.216380596160889,57000
1997-09-02,13.875,14.25,13.875,14.09375,7.264702796936035,37400
1997-09-03,14.09375,14.15625,14.0,14.0,7.216380596160889,32000
1997-09-04,14.0625,14.09375,14.0,14.0,7.216380596160889,35400
1997-09-05,14.0625,14.0625,13.90625,14.0,7.216380596160889,68000
1997-09-08,14.0,14.1875,13.9375,13.9375,7.184164047241211,85200
1997-09-09,13.9375,14.3125,13.9375,14.125,7.280810832977295,93400
1997-09-10,14.0625,14.0625,13.78125,13.78125,7.1036248207092285,62000
1997-09-11,13.84375,14.0625,13.71875,13.8125,7.119731903076172,54000
1997-09-12,13.78125,13.9375,13.53125,13.71875,7.07140588760376,52200
1997-09-15,13.8125,13.8125,13.65625,13.8125,7.119731903076172,120400
1997-09-16,13.84375,13.84375,13.65625,13.71875,7.07140588760376,27600
1997-09-17,13.75,13.84375,13.6875,13.84375,7.135838031768799,23800
1997-09-18,13.8125,14.21875,13.34375,13.34375,6.878113746643066,98000
1997-09-19,13.28125,13.4375,13.28125,13.40625,6.910326957702637,31000
1997-09-22,13.375,13.5,13.375,13.375,6.894217491149902,71800
1997-09-23,13.375,13.375,13.0625,13.0625,6.733139514923096,83600
1997-09-24,12.9375,13.3125,12.9375,13.1875,6.797573089599609,97200
1997-09-25,13.125,13.25,13.125,13.1875,6.797573089599609,202400
1997-09-26,13.25,13.25,13.03125,13.0625,6.733139514923096,89800
1997-09-29,13.03125,13.28125,13.03125,13.15625,6.781463146209717,94600
1997-09-30,13.1875,13.1875,13.03125,13.125,6.765355587005615,57200
1997-10-01,13.28125,13.71875,13.28125,13.625,7.023082733154297,143600
1997-10-02,13.625,13.625,13.53125,13.53125,6.974761962890625,118600
1997-10-03,13.59375,13.59375,13.34375,13.5,6.958651542663574,147200
1997-10-06,13.5,13.625,13.25,13.25,6.829790115356445,132600
1997-10-07,13.375,13.5625,13.375,13.5,6.958651542663574,101000
1997-10-08,13.4375,13.5,13.375,13.46875,6.942541122436523,188200
1997-10-09,13.5,13.5,13.4375,13.5,6.958651542663574,70400
1997-10-10,13.4375,13.46875,13.40625,13.40625,6.910326957702637,38800
1997-10-13,13.4375,13.625,13.40625,13.53125,6.974761962890625,212000
1997-10-14,13.5,13.6875,13.5,13.6875,7.055297374725342,50400
1997-10-15,13.625,13.65625,13.375,13.5,6.958651542663574,313800
1997-10-16,13.4375,13.4375,13.125,13.21875,6.8136796951293945,130000
1997-10-17,13.09375,13.25,12.9375,13.125,6.765355587005615,142400
1997-10-20,13.0625,13.4375,13.0625,13.25,6.829790115356445,184400
1997-10-21,13.34375,13.5,13.25,13.28125,6.845894813537598,473800
1997-10-22,13.375,13.4375,13.3125,13.4375,6.926434516906738,572000
1997-10-23,13.4375,13.4375,13.125,13.1875,6.797573089599609,91400
1997-10-24,13.25,13.90625,13.1875,13.4375,6.926434516906738,833400
1997-10-27,13.5,13.6875,13.1875,13.21875,6.8136796951293945,70200
1997-10-28,13.09375,13.40625,12.875,13.25,6.829790115356445,147800
1997-10-29,13.5,13.59375,13.375,13.5,6.958651542663574,312600
1997-10-30,13.46875,13.46875,13.34375,13.375,6.894217491149902,214200
1997-10-31,13.375,13.5625,13.28125,13.5625,6.990868091583252,84800
1997-11-03,13.5,13.625,13.3125,13.625,7.023082733154297,236200
1997-11-04,13.6875,13.84375,13.6875,13.84375,7.135838031768799,40600
1997-11-05,13.8125,14.03125,13.75,14.0,7.216380596160889,139800
1997-11-06,13.9375,14.125,13.78125,14.09375,7.264702796936035,63400
1997-11-07,14.125,14.125,13.9375,13.96875,7.200270652770996,91400
1997-11-10,14.09375,14.09375,13.9375,13.96875,7.200270652770996,33400
1997-11-11,14.0,14.15625,14.0,14.15625,7.2969160079956055,13200
1997-11-12,14.125,14.125,13.90625,13.96875,7.200270652770996,50400
1997-11-13,13.90625,14.125,13.875,13.90625,7.168056011199951,103400
1997-11-14,14.03125,14.03125,13.96875,14.0,7.216380596160889,21200
1997-11-17,14.03125,14.34375,14.0,14.34375,7.39356803894043,134400
1997-11-18,14.375,14.6875,14.375,14.46875,7.457997798919678,211000
1997-11-19,14.375,14.40625,14.125,14.1875,7.313024997711182,32200
1997-11-20,14.25,14.34375,14.125,14.15625,7.2969160079956055,166600
1997-11-21,14.125,14.375,14.125,14.375,7.40967321395874,92000
1997-11-24,14.3125,14.34375,14.0625,14.1875,7.313024997711182,100400
1997-11-25,14.3125,14.65625,14.3125,14.65625,7.554647445678711,92400
1997-11-26,14.71875,14.71875,14.625,14.625,7.538538455963135,76800
1997-11-28,14.65625,14.71875,14.625,14.625,7.538538455963135,14800
1997-12-01,14.65625,14.65625,14.375,14.375,7.40967321395874,109600
1997-12-02,14.4375,14.4375,14.1875,14.25,7.345242023468018,230000
1997-12-03,14.3125,14.375,14.15625,14.15625,7.2969160079956055,28600
1997-12-04,14.1875,14.4375,14.0,14.4375,7.441892147064209,75400
1997-12-05,14.5,15.15625,14.40625,15.15625,7.812374591827393,86400
1997-12-08,15.125,15.125,14.65625,14.71875,7.586863994598389,39800
1997-12-09,14.75,14.875,14.6875,14.71875,7.586863994598389,34400
1997-12-10,14.8125,14.8125,14.4375,14.4375,7.441892147064209,28400
1997-12-11,14.5,14.5,14.3125,14.5,7.47410774230957,59200
1997-12-12,14.5625,14.65625,14.375,14.65625,7.554647445678711,62600
1997-12-15,14.625,14.625,14.4375,14.5625,7.506319999694824,60600
1997-12-16,14.5625,14.625,14.375,14.5,7.47410774230957,35400
1997-12-17,14.625,14.875,14.59375,14.8125,7.635184288024902,135200
1997-12-18,14.8125,15.5,14.8125,15.375,7.925129413604736,269000
1997-12-19,15.25,15.46875,15.1875,15.40625,7.941239833831787,46600
1997-12-22,15.3125,15.875,15.3125,15.5,7.989565372467041,150200
1997-12-23,15.53125,15.625,15.28125,15.28125,7.876805782318115,22400
1997-12-24,15.1875,15.1875,15.0625,15.0625,7.764050483703613,18000
1997-12-26,15.09375,15.25,15.0625,15.125,7.796270847320557,13200
1997-12-29,15.1875,15.46875,15.1875,15.4375,7.957345962524414,18200
1997-12-30,15.5,15.65625,15.25,15.4375,7.957345962524414,82800
1997-12-31,15.5,15.5625,15.125,15.125,7.796270847320557,45800
1998-01-02,15.125,15.5625,15.0625,15.53125,8.005671501159668,56600
1998-01-05,15.53125,15.5625,15.28125,15.28125,7.876805782318115,195800
1998-01-06,15.375,15.8125,15.375,15.8125,8.150644302368164,230800
1998-01-07,15.78125,15.8125,15.71875,15.8125,8.150644302368164,123000
1998-01-08,15.8125,15.8125,15.34375,15.4375,7.957345962524414,106200
1998-01-09,15.375,15.375,14.96875,14.96875,7.715726852416992,29400
1998-01-12,14.625,15.0,14.625,14.90625,7.68350887298584,216800
1998-01-13,15.0,15.0,14.71875,14.71875,7.586863994598389,327800
1998-01-14,14.78125,15.125,14.75,15.0,7.731834888458252,327000
1998-01-15,15.0,15.09375,14.9375,14.9375,7.699619293212891,75400
1998-01-16,15.0,15.4375,15.0,15.28125,7.876805782318115,50400
1998-01-20,15.34375,15.34375,15.25,15.25,7.860697269439697,3800
1998-01-21,15.25,15.25,15.09375,15.15625,7.812374591827393,47000
1998-01-22,15.15625,15.15625,15.03125,15.09375,7.780160903930664,39600
1998-01-23,15.15625,15.6875,15.03125,15.59375,8.037887573242188,179000
1998-01-26,15.53125,15.6875,15.53125,15.65625,8.070101737976074,74600
1998-01-27,15.65625,15.75,15.65625,15.71875,8.102320671081543,25200
1998-01-28,15.84375,16.0,15.84375,15.96875,8.231181144714355,111000
1998-01-29,16.0,16.25,15.96875,16.0,8.24729061126709,63200
1998-01-30,15.90625,15.9375,15.78125,15.78125,8.134538650512695,59400
1998-02-02,15.78125,16.125,15.78125,15.875,8.182857513427734,124800
1998-02-03,15.8125,16.09375,15.8125,16.0625,8.279505729675293,45800
1998-02-04,16.0,16.125,16.0,16.125,8.311721801757812,81400
1998-02-05,16.125,16.46875,16.125,16.40625,8.456695556640625,118000
1998-02-06,16.5,16.8125,16.4375,16.59375,8.553343772888184,128600
1998-02-09,16.625,16.75,16.5,16.5,8.505013465881348,15400
1998-02-10,16.59375,16.875,16.5625,16.78125,8.649992942810059,249600
1998-02-11,16.78125,16.875,16.625,16.75,8.633886337280273,132400
1998-02-12,16.8125,16.8125,16.4375,16.5625,8.537236213684082,109200
1998-02-13,16.5,17.125,16.5,17.125,8.827178955078125,108800
1998-02-17,17.0,17.15625,17.0,17.0625,8.794963836669922,99200
1998-02-18,17.0625,17.1875,17.0,17.125,8.827178955078125,51200
1998-02-19,17.0625,17.1875,17.0,17.1875,8.859395980834961,50600
1998-02-20,17.125,17.15625,16.875,17.15625,8.84328842163086,127400
1998-02-23,17.1875,17.4375,17.15625,17.375,8.956038475036621,66200
1998-02-24,17.375,17.375,17.0,17.125,8.827178955078125,32400
1998-02-25,17.1875,17.375,17.15625,17.21875,8.87550163269043,43200
1998-02-26,17.15625,17.375,17.125,17.34375,8.939933776855469,176600
1998-02-27,17.28125,17.40625,17.0,17.0,8.762742042541504,55000
1998-03-02,17.0,17.125,16.65625,16.75,8.633886337280273,81800
1998-03-03,16.71875,17.125,16.71875,17.09375,8.811071395874023,73800
1998-03-04,17.125,17.21875,17.09375,17.09375,8.811071395874023,40000
1998-03-05,17.0625,17.0625,16.71875,16.71875,8.617776870727539,64200
1998-03-06,16.78125,16.9375,16.75,16.8125,8.666096687316895,62600
1998-03-09,16.8125,16.9375,16.625,16.625,8.56944751739502,98400
1998-03-10,16.6875,17.25,16.6875,16.875,8.69831657409668,57000
1998-03-11,16.84375,16.953125,16.5,16.78125,8.649992942810059,62000
1998-03-12,16.84375,16.96875,16.84375,16.96875,8.746635437011719,14400
1998-03-13,17.03125,17.21875,16.96875,16.96875,8.746635437011719,77000
1998-03-16,16.90625,17.28125,16.78125,17.28125,8.907716751098633,80600
1998-03-17,17.25,17.46875,17.25,17.3125,8.923826217651367,71400
1998-03-18,17.375,17.46875,17.34375,17.4375,8.988258361816406,45800
1998-03-19,17.46875,17.5,17.3125,17.40625,8.972149848937988,33600
1998-03-20,17.34375,17.6875,17.34375,17.625,9.084906578063965,109200
1998-03-23,17.625,17.8125,17.625,17.71875,9.133231163024902,57200
1998-03-24,17.75,17.78125,17.5,17.53125,9.036580085754395,48800
1998-03-25,17.4375,17.625,17.375,17.53125,9.036580085754395,57000
1998-03-26,17.5,17.625,17.40625,17.5,9.02047348022461,89000
1998-03-27,17.5,17.5,17.21875,17.21875,8.87550163269043,36200
1998-03-30,17.3125,17.375,17.1875,17.25,8.891608238220215,47600
1998-03-31,17.375,17.5,17.1875,17.3125,8.923826217651367,86400
1998-04-01,17.375,17.9375,17.34375,17.65625,9.10101318359375,373600
1998-04-02,17.65625,17.6875,17.5,17.5,9.02047348022461,180200
1998-04-03,17.59375,17.875,17.53125,17.75,9.14933967590332,42600
1998-04-06,17.75,17.875,17.75,17.78125,9.165446281433105,43200
1998-04-07,17.875,17.875,17.65625,17.71875,9.133231163024902,102000
1998-04-08,17.65625,18.125,17.65625,18.03125,9.294310569763184,251200
1998-04-09,18.03125,18.1875,18.03125,18.1875,9.374848365783691,281600
1998-04-13,18.28125,18.375,18.09375,18.21875,9.390952110290527,143600
1998-04-14,18.125,18.3125,18.125,18.3125,9.439279556274414,122000
1998-04-15,18.34375,18.34375,18.25,18.34375,9.455389022827148,100200
1998-04-16,18.28125,18.375,18.1875,18.375,9.471492767333984,278800
1998-04-17,18.375,18.6875,18.375,18.65625,9.61646842956543,401800
1998-04-20,18.6875,18.75,18.5,18.5,9.535930633544922,169400
1998-04-21,18.5,18.84375,18.5,18.84375,9.71312141418457,150200
1998-04-22,18.875,19.0625,18.875,19.0,9.793657302856445,755400
1998-04-23,19.0,19.125,18.75,18.875,9.72922134399414,136600
1998-04-24,18.8125,19.0,18.65625,18.65625,9.61646842956543,328600
1998-04-27,18.625,18.6875,18.28125,18.40625,9.4876070022583,88400
1998-04-28,18.3125,18.3125,17.875,18.25,9.407066345214844,128000
1998-04-29,18.25,18.625,18.25,18.28125,9.423174858093262,185200
1998-04-30,18.34375,18.5,18.25,18.25,9.407066345214844,148800
1998-05-01,18.25,18.46875,18.25,18.34375,9.455389022827148,96600
1998-05-04,18.3125,18.375,18.03125,18.03125,9.294310569763184,54400
1998-05-05,17.9375,18.0,17.65625,17.75,9.14933967590332,132400
1998-05-06,17.8125,18.0625,17.8125,17.875,9.213770866394043,353600
1998-05-07,17.875,17.90625,17.5625,17.5625,9.052687644958496,120800
1998-05-08,17.625,17.84375,17.625,17.75,9.14933967590332,355600
1998-05-11,17.8125,17.9375,17.6875,17.6875,9.117117881774902,228000
1998-05-12,17.75,17.90625,17.6875,17.84375,9.197656631469727,61200
1998-05-13,17.875,17.96875,17.5,17.5,9.02047348022461,150000
1998-05-14,17.5,17.65625,16.3125,17.625,9.084906578063965,347000
1998-05-15,17.5625,17.625,17.125,17.28125,8.907716751098633,95400
1998-05-18,17.21875,17.21875,17.0,17.0625,8.794963836669922,27600
1998-05-19,17.03125,17.71875,17.03125,17.546875,9.044637680053711,214400
1998-05-20,17.75,17.84375,17.71875,17.75,9.14933967590332,115000
1998-05-21,17.75,17.8125,17.5,17.8125,9.181557655334473,245800
1998-05-22,17.8125,17.8125,17.4375,17.6875,9.117117881774902,77600
1998-05-26,17.6875,17.875,17.59375,17.84375,9.197656631469727,117800
1998-05-27,17.84375,17.90625,17.75,17.78125,9.165446281433105,123400
1998-05-28,17.65625,17.65625,17.4375,17.46875,9.004363059997559,43000
1998-05-29,17.46875,17.46875,17.40625,17.4375,8.988258361816406,31800
1998-06-01,17.4375,17.625,17.375,17.40625,8.972149848937988,94200
1998-06-02,17.40625,17.5,17.125,17.1875,8.859395980834961,323000
1998-06-03,17.125,17.625,17.125,17.4375,8.988258361816406,291600
1998-06-04,17.3125,17.625,17.25,17.5,9.02047348022461,245600
1998-06-05,17.4375,17.5,17.4375,17.5,9.02047348022461,119000
1998-06-08,17.375,17.46875,17.34375,17.34375,8.939933776855469,33200
1998-06-09,17.3125,17.4375,17.1875,17.1875,8.859395980834961,18200
1998-06-10,17.125,17.25,17.03125,17.03125,8.778857231140137,37200
1998-06-11,17.125,17.1875,16.8125,16.84375,8.68220329284668,264000
1998-06-12,16.71875,16.71875,16.5,16.6875,8.601661682128906,45400
1998-06-15,16.75,16.75,16.46875,16.53125,8.521123886108398,152000
1998-06-16,16.5625,16.875,16.5625,16.875,8.69831657409668,280000
1998-06-17,16.875,17.09375,16.875,17.03125,8.778857231140137,230200
1998-06-18,16.90625,17.0,16.8125,16.84375,8.68220329284668,54600
1998-06-19,16.875,16.90625,16.25,16.5625,8.537236213684082,58600
1998-06-22,16.625,16.625,16.25,16.375,8.440582275390625,101200
1998-06-23,16.4375,16.46875,16.21875,16.25,8.376153945922852,34400
1998-06-24,16.3125,16.71875,16.1875,16.59375,8.553343772888184,133600
1998-06-25,16.625,16.9375,16.46875,16.8125,8.666096687316895,641000
1998-06-26,17.0,19.25,17.0,18.71875,9.64868450164795,1175000
1998-06-29,18.875,18.875,18.375,18.78125,9.680902481079102,428000
1998-06-30,18.8125,18.8125,18.5625,18.625,9.600362777709961,180800
1998-07-01,18.625,18.71875,18.375,18.5,9.535930633544922,207600
1998-07-02,18.5,18.96875,18.5,18.875,9.72922134399414,182600
1998-07-06,18.875,18.875,18.375,18.375,9.471492767333984,151000
1998-07-07,18.5,18.75,18.15625,18.1875,9.374848365783691,89600
1998-07-08,18.25,18.625,18.1875,18.53125,9.552035331726074,40400
1998-07-09,18.625,18.625,18.125,18.1875,9.374848365783691,34600
1998-07-10,19.0,19.0625,18.625,18.6875,9.632576942443848,155200
1998-07-13,18.6875,19.25,18.6875,19.25,9.92251968383789,98600
1998-07-14,19.3125,19.6875,19.3125,19.5625,10.083597183227539,99200
1998-07-15,19.59375,20.0,19.53125,19.875,10.244680404663086,108400
1998-07-16,19.875,20.1875,19.75,20.09375,10.357441902160645,72800
1998-07-17,20.5,20.8125,20.375,20.6875,10.663491249084473,182800
1998-07-20,20.625,20.625,20.375,20.40625,10.518514633178711,139000
1998-07-21,20.4375,20.4375,20.1875,20.1875,10.405763626098633,129400
1998-07-22,20.125,20.1875,19.3125,19.5625,10.083597183227539,103200
1998-07-23,19.5625,19.5625,18.25,18.75,9.66479206085205,555600
1998-07-24,18.8125,18.9375,17.875,18.0625,9.310417175292969,267800
1998-07-27,18.125,18.125,17.875,17.875,9.213770866394043,112000
1998-07-28,17.9375,17.9375,16.375,16.84375,8.68220329284668,532000
1998-07-29,16.875,17.21875,16.875,16.96875,8.746635437011719,201800
1998-07-30,16.96875,17.25,16.96875,17.0,8.762742042541504,305200
1998-07-31,17.0625,17.28125,16.4375,16.4375,8.472804069519043,135400
1998-08-03,16.4375,16.4375,15.8125,16.0,8.24729061126709,233800
1998-08-04,16.125,16.875,16.0625,16.75,8.633886337280273,200400
1998-08-05,16.8125,17.1875,16.8125,17.1875,8.859395980834961,282000
1998-08-06,17.125,17.75,17.0625,17.71875,9.133231163024902,168400
1998-08-07,17.8125,17.875,17.78125,17.84375,9.197656631469727,43200
1998-08-10,17.90625,17.96875,17.15625,17.1875,8.859395980834961,60000
1998-08-11,17.09375,17.09375,16.40625,16.75,8.633886337280273,208400
1998-08-12,16.6875,16.875,16.5625,16.8125,8.666096687316895,86200
1998-08-13,16.84375,16.84375,16.53125,16.75,8.633886337280273,75400
1998-08-14,16.6875,16.78125,16.625,16.65625,8.585556030273438,30600
1998-08-17,16.625,16.875,16.5,16.78125,8.649992942810059,49000
1998-08-18,16.78125,17.09375,16.78125,16.90625,8.714425086975098,85400
1998-08-19,16.90625,16.90625,16.5625,16.6875,8.601661682128906,32200
1998-08-20,16.625,16.6875,16.5625,16.625,8.56944751739502,28000
1998-08-21,16.625,16.6875,16.1875,16.28125,8.39225959777832,176200
1998-08-24,16.25,16.375,16.25,16.3125,8.408370018005371,33000
1998-08-25,16.375,16.5,16.21875,16.21875,8.3600435256958,129600
1998-08-26,16.3125,16.3125,15.4375,15.5,7.989565372467041,141200
1998-08-27,15.5,15.6875,15.125,15.5,7.989565372467041,294400
1998-08-28,15.5,15.5,15.15625,15.1875,7.828481197357178,28400
1998-08-31,15.25,15.25,14.25,14.25,7.345242023468018,132000
1998-09-01,14.125,14.25,13.625,13.625,7.023082733154297,329000
1998-09-02,13.625,14.0,13.625,13.875,7.151947498321533,162000
1998-09-03,13.9375,13.9375,13.125,13.25,6.829790115356445,174800
1998-09-04,13.375,13.5,13.0,13.25,6.829790115356445,106800
1998-09-08,13.4375,14.5625,13.4375,14.5625,7.506319999694824,267200
1998-09-09,14.5625,14.5625,13.90625,13.90625,7.168056011199951,124600
1998-09-10,13.8125,13.8125,13.25,13.3125,6.862003803253174,197000
1998-09-11,13.1875,13.28125,13.1875,13.1875,6.797573089599609,256000
1998-09-14,13.25,14.0625,13.25,14.0625,7.248595237731934,316400
1998-09-15,13.9375,14.0625,13.8125,14.0,7.216380596160889,56600
1998-09-16,14.0,14.0,13.875,14.0,7.216380596160889,39000
1998-09-17,13.875,14.0,13.75,14.0,7.216380596160889,522400
1998-09-18,14.25,14.6875,14.125,14.375,7.40967321395874,117400
1998-09-21,14.3125,14.375,14.125,14.25,7.345242023468018,73800
1998-09-22,14.3125,15.0625,14.3125,14.9375,7.699619293212891,90600
1998-09-23,14.96875,15.09375,14.96875,15.0625,7.764050483703613,50800
1998-09-24,15.0,15.03125,14.75,14.78125,7.619082927703857,10200
1998-09-25,14.75,14.75,14.4375,14.46875,7.457997798919678,18200
1998-09-28,14.53125,14.9375,14.5,14.9375,7.699619293212891,53400
1998-09-29,15.0,15.21875,15.0,15.21875,7.844592094421387,65000
1998-09-30,15.21875,15.3125,15.15625,15.3125,7.89291524887085,42400
1998-10-01,15.3125,15.75,15.3125,15.40625,7.941239833831787,274600
1998-10-02,15.375,15.4375,15.34375,15.40625,7.941239833831787,47800
1998-10-05,15.46875,15.46875,14.9375,15.0,7.731834888458252,88600
1998-10-06,14.9375,15.0,14.875,14.875,7.667403697967529,26000
1998-10-07,14.875,15.0,14.78125,14.9375,7.699619293212891,79800
1998-10-08,14.875,14.875,14.15625,14.25,7.345242023468018,110800
1998-10-09,14.25,14.40625,14.21875,14.34375,7.39356803894043,70000
1998-10-12,14.5,14.8125,13.9375,13.9375,7.184164047241211,200600
1998-10-13,13.875,13.90625,13.8125,13.84375,7.135838031768799,41800
1998-10-14,13.84375,13.875,13.46875,13.5,6.958651542663574,152600
1998-10-15,13.4375,13.5,13.3125,13.3125,6.862003803253174,100000
1998-10-16,13.4375,13.78125,13.375,13.625,7.023082733154297,100800
1998-10-19,13.6875,14.125,13.6875,14.0625,7.248595237731934,218600
1998-10-20,14.125,14.75,14.125,14.5625,7.506319999694824,92800
1998-10-21,14.6875,15.25,14.6875,15.0,7.731834888458252,187200
1998-10-22,15.03125,15.40625,14.875,15.40625,7.941239833831787,126600
1998-10-23,15.40625,16.0,15.40625,15.9375,8.215075492858887,159200
1998-10-26,16.0,16.25,16.0,16.0625,8.279505729675293,41000
1998-10-27,16.0625,16.625,16.0625,16.625,8.56944751739502,82400
1998-10-28,16.625,16.625,16.375,16.59375,8.553343772888184,24800
1998-10-29,16.5625,16.625,16.4375,16.4375,8.472804069519043,23000
1998-10-30,16.5,16.6875,16.375,16.6875,8.601661682128906,40200
1998-11-02,16.75,17.125,16.75,17.0625,8.794963836669922,106800
1998-11-03,17.125,17.71875,17.125,17.6875,9.117117881774902,74800
1998-11-04,17.8125,17.90625,17.78125,17.875,9.213770866394043,253600
1998-11-05,17.8125,17.90625,17.6875,17.8125,9.181557655334473,90600
1998-11-06,17.6875,17.9375,17.625,17.90625,9.229879379272461,74000
1998-11-09,17.8125,17.84375,17.3125,17.375,8.956038475036621,63600
1998-11-10,17.375,17.375,17.21875,17.25,8.891608238220215,73400
1998-11-11,17.25,17.3125,16.875,16.875,8.69831657409668,107600
1998-11-12,16.75,16.78125,16.4375,16.5625,8.537236213684082,56200
1998-11-13,16.5,16.6875,16.5,16.59375,8.553343772888184,39600
1998-11-16,16.625,17.0625,16.5625,17.0625,8.794963836669922,78200
1998-11-17,17.0,17.125,16.4375,16.625,8.56944751739502,139600
1998-11-18,16.625,16.625,16.53125,16.625,8.56944751739502,23200
1998-11-19,16.6875,17.1875,16.6875,17.1875,8.859395980834961,50800
1998-11-20,17.125,17.6875,17.125,17.625,9.084906578063965,125200
1998-11-23,17.625,17.875,17.5625,17.78125,9.165446281433105,70800
1998-11-24,17.78125,18.125,17.78125,18.03125,9.294310569763184,183600
1998-11-25,18.0,18.09375,18.0,18.0625,9.310417175292969,63400
1998-11-27,18.125,18.125,18.0,18.0,9.278203010559082,31200
1998-11-30,18.0625,18.375,18.0,18.09375,9.32652473449707,108000
1998-12-01,18.03125,18.125,18.03125,18.09375,9.32652473449707,43200
1998-12-02,18.03125,18.125,18.0,18.0625,9.310417175292969,39400
1998-12-03,18.0625,18.0625,17.8125,17.8125,9.181557655334473,11000
1998-12-04,17.8125,17.84375,17.75,17.8125,9.181557655334473,52000
1998-12-07,17.8125,17.8125,17.46875,17.5,9.02047348022461,38000
1998-12-08,17.5,17.59375,17.4375,17.5625,9.052687644958496,31200
1998-12-09,17.59375,17.59375,17.375,17.4375,8.988258361816406,54800
1998-12-10,17.375,17.375,17.15625,17.25,8.891608238220215,137600
1998-12-11,17.1875,17.9375,17.1875,17.9375,9.245983123779297,126200
1998-12-14,18.0,18.875,18.0,18.53125,9.552035331726074,192000
1998-12-15,18.5625,18.8125,18.3125,18.375,9.471492767333984,143200
1998-12-16,18.40625,19.0,18.125,18.875,9.72922134399414,154800
1998-12-17,18.8125,19.875,18.8125,19.875,10.244680404663086,226800
1998-12-18,20.125,20.34375,19.125,19.125,9.858087539672852,252800
1998-12-21,19.25,19.59375,19.125,19.125,9.858087539672852,136800
1998-12-22,19.0,19.0625,18.9375,18.96875,9.777551651000977,76600
1998-12-23,18.875,19.25,18.875,19.25,9.92251968383789,46600
1998-12-24,19.25,19.25,19.0625,19.1875,9.89030647277832,5600
1998-12-28,19.125,19.1875,19.125,19.1875,9.89030647277832,45800
1998-12-29,19.1875,19.25,19.125,19.125,9.858087539672852,159200
1998-12-30,19.1875,19.1875,19.0,19.125,9.858087539672852,75000
1998-12-31,19.125,19.46875,19.03125,19.21875,9.90640926361084,88000
1999-01-04,19.25,19.3125,18.5625,18.5625,9.568143844604492,165800
1999-01-05,18.5625,19.0,18.5625,18.9375,9.761439323425293,79200
1999-01-06,18.9375,18.96875,18.6875,18.875,9.72922134399414,38600
1999-01-07,18.8125,18.8125,18.125,18.25,9.407066345214844,100200
1999-01-08,18.3125,18.4375,17.96875,18.03125,9.294310569763184,87000
1999-01-11,18.0625,18.6875,18.0,18.625,9.600362777709961,102600
1999-01-12,18.5,18.5,18.0625,18.125,9.342631340026855,33400
1999-01-13,18.0,18.0625,17.75,18.0625,9.310417175292969,47400
1999-01-14,18.1875,18.25,17.8125,17.96875,9.262096405029297,73200
1999-01-15,17.84375,18.3125,17.84375,18.25,9.407066345214844,70200
1999-01-19,18.3125,18.3125,18.0,18.0625,9.310417175292969,73800
1999-01-20,18.09375,18.375,17.875,18.375,9.471492767333984,59600
1999-01-21,18.3125,18.5,18.28125,18.28125,9.423174858093262,39200
1999-01-22,18.25,18.6875,17.75,17.8125,9.181557655334473,245000
1999-01-25,17.875,17.875,17.375,17.5,9.02047348022461,91600
1999-01-26,17.5625,18.0625,17.5625,18.0625,9.310417175292969,245600
1999-01-27,18.0625,18.0625,17.5625,17.5625,9.052687644958496,287600
1999-01-28,17.625,17.8125,17.5,17.625,9.084906578063965,141600
1999-01-29,17.75,17.75,17.5625,17.75,9.14933967590332,54600
1999-02-01,17.6875,17.9375,17.5,17.5625,9.052687644958496,50200
1999-02-02,17.5,17.5625,17.28125,17.375,8.956038475036621,45000
1999-02-03,17.375,17.375,17.25,17.3125,8.923826217651367,44000
1999-02-04,17.4375,17.4375,17.25,17.28125,8.907716751098633,178000
1999-02-05,17.25,17.3125,17.125,17.125,8.827178955078125,23200
1999-02-08,17.0625,17.0625,16.8125,16.875,8.69831657409668,109600
1999-02-09,16.9375,17.0,16.75,16.84375,8.68220329284668,105200
1999-02-10,16.84375,16.875,16.5,16.5625,8.537236213684082,80800
1999-02-11,16.5625,16.9375,16.5,16.875,8.69831657409668,46000
1999-02-12,16.8125,16.8125,16.4375,16.75,8.633886337280273,59400
1999-02-16,16.8125,16.96875,16.75,16.875,8.69831657409668,72000
1999-02-17,16.875,17.1875,16.875,17.0,8.762742042541504,35200
1999-02-18,17.0,17.5625,17.0,17.5625,9.052687644958496,62000
1999-02-19,17.5,17.5625,17.34375,17.5625,9.052687644958496,40600
1999-02-22,17.53125,17.53125,17.0625,17.125,8.827178955078125,68600
1999-02-23,17.1875,17.375,17.0625,17.15625,8.84328842163086,27800
1999-02-24,17.09375,17.1875,17.03125,17.0625,8.794963836669922,40200
1999-02-25,16.9375,16.9375,16.21875,16.25,8.376153945922852,64000
1999-02-26,16.3125,16.375,15.96875,16.1875,8.343936920166016,106800
1999-03-01,16.3125,16.8125,16.25,16.78125,8.649992942810059,59400
1999-03-02,16.78125,17.0,16.75,16.875,8.69831657409668,122400
1999-03-03,16.875,16.9375,16.8125,16.875,8.69831657409668,146600
1999-03-04,16.875,17.5625,16.875,17.5625,9.052687644958496,343600
1999-03-05,17.625,17.8125,17.5625,17.5625,9.052687644958496,28600
1999-03-08,17.5625,18.21875,17.5625,18.1875,9.374848365783691,134600
1999-03-09,18.25,18.5,18.25,18.4375,9.503714561462402,215600
1999-03-10,18.375,18.75,18.375,18.5625,9.568143844604492,106000
1999-03-11,18.59375,18.625,18.3125,18.625,9.600362777709961,34400
1999-03-12,18.59375,18.75,18.5625,18.6875,9.632576942443848,34000
1999-03-15,18.75,18.875,18.65625,18.71875,9.64868450164795,50800
1999-03-16,18.75,18.75,18.375,18.5,9.535930633544922,226600
1999-03-17,18.4375,18.5625,18.375,18.5,9.535930633544922,75200
1999-03-18,18.5,18.625,18.375,18.5,9.535930633544922,38800
1999-03-19,18.5,18.59375,18.4375,18.4375,9.503714561462402,51400
1999-03-22,18.4375,18.5625,18.40625,18.4375,9.503714561462402,29800
1999-03-23,18.375,18.5625,18.3125,18.3125,9.439279556274414,73000
1999-03-24,18.375,18.5,18.25,18.375,9.471492767333984,107400
1999-03-25,18.375,18.875,18.375,18.84375,9.71312141418457,82800
1999-03-26,18.75,18.828125,18.625,18.625,9.600362777709961,19600
1999-03-29,18.625,18.90625,18.625,18.8125,9.697006225585938,122600
1999-03-30,18.75,18.9375,18.75,18.9375,9.761439323425293,80000
1999-03-31,18.875,18.9375,18.375,18.6875,9.632576942443848,145600
1999-04-01,18.8125,18.9375,18.75,18.9375,9.761439323425293,43400
1999-04-05,19.0,19.25,18.96875,19.25,9.92251968383789,77800
1999-04-06,19.25,19.375,19.0625,19.3125,9.954733848571777,102200
1999-04-07,19.3125,19.375,19.25,19.34375,9.970844268798828,46400
1999-04-08,19.25,19.34375,19.25,19.3125,9.954733848571777,64200
1999-04-09,19.28125,19.375,19.125,19.375,9.986954689025879,68000
1999-04-12,19.375,19.9375,19.3125,19.6875,10.148035049438477,166400
1999-04-13,19.75,19.78125,19.4375,19.4375,10.019174575805664,51000
1999-04-14,19.4375,19.8125,19.4375,19.6875,10.148035049438477,121400
1999-04-15,19.5625,19.6875,19.40625,19.46875,10.035273551940918,53000
1999-04-16,19.53125,20.0,19.53125,19.78125,10.196356773376465,144800
1999-04-19,19.8125,20.125,19.8125,20.125,10.373544692993164,178600
1999-04-20,20.5,20.9375,20.5,20.6875,10.663491249084473,124000
1999-04-21,20.75,20.9375,20.6875,20.71875,10.679597854614258,94000
1999-04-22,20.59375,20.6875,20.5,20.6875,10.663491249084473,55400
1999-04-23,20.8125,21.1875,20.625,20.75,10.695706367492676,147200
1999-04-26,20.75,20.875,20.25,20.5,10.5668363571167,63800
1999-04-27,20.4375,20.5625,20.375,20.5,10.5668363571167,99400
1999-04-28,20.4375,20.4375,20.1875,20.25,10.43797779083252,31600
1999-04-29,20.1875,20.375,20.125,20.25,10.43797779083252,71600
1999-04-30,20.34375,20.6875,20.3125,20.5625,10.599054336547852,112200
1999-05-03,20.6875,21.125,20.625,21.125,10.888999938964844,79800
1999-05-04,21.25,21.3125,20.8125,20.90625,10.776243209838867,71400
1999-05-05,20.96875,20.96875,20.625,20.6875,10.663491249084473,30200
1999-05-06,20.6875,20.9375,20.6875,20.8125,10.727914810180664,69200
1999-05-07,20.75,20.8125,19.875,19.96875,10.293004035949707,142600
1999-05-10,20.0,20.4375,19.96875,20.375,10.502408027648926,151600
1999-05-11,20.5,20.625,20.46875,20.625,10.63127326965332,173400
1999-05-12,20.625,20.8125,20.5,20.5,10.5668363571167,119600
1999-05-13,20.5625,20.90625,20.53125,20.8125,10.727914810180664,45800
1999-05-14,20.75,20.8125,20.59375,20.78125,10.711817741394043,90600
1999-05-17,20.75,21.0625,20.28125,21.03125,10.840678215026855,75600
1999-05-18,21.125,21.375,21.125,21.3125,10.985649108886719,124600
1999-05-19,21.375,21.375,21.1875,21.25,10.953431129455566,135400
1999-05-20,21.1875,21.5625,21.1875,21.375,11.017868041992188,125600
1999-05-21,21.40625,22.25,21.34375,21.9375,11.307808876037598,136800
1999-05-24,22.0,22.3125,21.8125,21.90625,11.291701316833496,82000
1999-05-25,21.84375,22.25,21.8125,22.1875,11.436676025390625,110400
1999-05-26,22.1875,22.375,21.8125,22.125,11.404459953308105,90400
1999-05-27,22.125,22.1875,21.875,21.9375,11.307808876037598,62400
1999-05-28,21.9375,22.5,21.9375,22.0,11.3400239944458,84800
1999-06-01,22.0625,22.375,21.8125,22.3125,11.501103401184082,97800
1999-06-02,22.3125,22.3125,22.0625,22.25,11.468890190124512,69400
1999-06-03,22.25,22.25,22.0625,22.1875,11.436676025390625,34800
1999-06-04,22.1875,22.25,22.125,22.25,11.468890190124512,70200
1999-06-07,22.25,22.25,22.125,22.21875,11.45278263092041,29000
1999-06-08,22.15625,22.15625,21.75,21.8125,11.243370056152344,95200
1999-06-09,21.75,21.8125,21.59375,21.6875,11.178940773010254,114800
1999-06-10,21.75,21.8125,21.6875,21.8125,11.243370056152344,10200
1999-06-11,21.75,21.8125,20.75,21.0625,10.856781005859375,164600
1999-06-14,21.1875,21.1875,20.875,20.9375,10.792354583740234,143400
1999-06-15,20.8125,20.8125,20.59375,20.6875,10.663491249084473,191400
1999-06-16,20.6875,21.125,20.6875,21.125,10.888999938964844,120000
1999-06-17,21.0625,21.5,21.0625,21.5,11.082296371459961,41600
1999-06-18,21.625,21.8125,21.5,21.625,11.146729469299316,113000
1999-06-21,21.625,22.25,21.625,22.25,11.468890190124512,110400
1999-06-22,22.375,22.5,22.125,22.46875,11.58164119720459,179600
1999-06-23,22.46875,22.46875,22.125,22.34375,11.517210006713867,271200
1999-06-24,22.21875,22.21875,21.75,22.0,11.3400239944458,64600
1999-06-25,21.875,22.0625,21.5625,21.84375,11.259483337402344,104200
1999-06-28,21.9375,22.4375,21.9375,22.40625,11.54942512512207,44200
1999-06-29,22.53125,22.78125,22.40625,22.6875,11.694405555725098,59000
1999-06-30,22.71875,24.0,22.6875,23.8125,12.274284362792969,231800
1999-07-01,23.875,23.875,23.3125,23.46875,12.097103118896484,163200
1999-07-02,23.46875,23.5,23.375,23.5,12.113207817077637,25800
1999-07-06,23.4375,23.5,23.15625,23.1875,11.952127456665039,52000
1999-07-07,23.3125,23.390625,23.0,23.0,11.855477333068848,43000
1999-07-08,23.0,23.0,22.1875,22.34375,11.517210006713867,154800
1999-07-09,22.375,22.375,22.0625,22.09375,11.388348579406738,90000
1999-07-12,22.09375,22.09375,19.5,20.53125,10.582947731018066,1188600
1999-07-13,20.53125,20.53125,19.90625,20.09375,10.357441902160645,747200
1999-07-14,20.0625,20.125,19.875,19.90625,10.260788917541504,265600
1999-07-15,19.875,20.0,19.5625,19.625,10.115812301635742,400400
1999-07-16,19.6875,19.96875,19.5625,19.625,10.115812301635742,165200
1999-07-19,19.65625,20.1875,19.5625,19.96875,10.293004035949707,460000
1999-07-20,20.09375,20.625,19.96875,20.5,10.5668363571167,276400
1999-07-21,20.625,21.4375,20.625,21.125,10.888999938964844,195600
1999-07-22,21.25,21.5,21.09375,21.1875,10.921216011047363,131000
1999-07-23,21.21875,21.5,21.21875,21.46875,11.06618881225586,55000
1999-07-26,21.5,21.5,20.84375,20.875,10.760133743286133,142000
1999-07-27,21.0,21.3125,20.875,21.21875,10.937320709228516,111600
1999-07-28,21.3125,21.5,21.25,21.375,11.017868041992188,79000
1999-07-29,21.4375,22.03125,21.375,21.9375,11.307808876037598,142800
1999-07-30,22.0,22.375,21.875,22.375,11.533321380615234,108000
1999-08-02,22.375,22.375,21.5625,21.5625,11.114508628845215,132000
1999-08-03,21.5625,21.5625,20.625,20.6875,10.663491249084473,125000
1999-08-04,20.6875,20.8125,20.4375,20.75,10.695706367492676,101400
1999-08-05,20.75,20.75,20.4375,20.5,10.5668363571167,51600
1999-08-06,20.4375,20.5625,20.1875,20.375,10.502408027648926,44000
1999-08-09,20.4375,20.5,20.3125,20.3125,10.470191955566406,36000
1999-08-10,20.25,20.3125,20.15625,20.21875,10.421866416931152,68400
1999-08-11,20.28125,20.34375,20.125,20.1875,10.405763626098633,51200
1999-08-12,20.125,20.3125,20.125,20.3125,10.470191955566406,21800
1999-08-13,20.375,20.6875,20.34375,20.5625,10.599054336547852,32800
1999-08-16,20.5,20.875,20.46875,20.75,10.695706367492676,43200
1999-08-17,20.8125,20.9375,20.75,20.75,10.695706367492676,12600
1999-08-18,20.6875,20.75,20.5,20.5625,10.599054336547852,18200
1999-08-19,20.5,20.5,19.90625,20.375,10.502408027648926,84000
1999-08-20,20.375,20.375,20.0,20.0,10.309109687805176,24600
1999-08-23,19.875,19.875,19.71875,19.8125,10.212471008300781,173600
1999-08-24,19.75,20.375,19.75,20.34375,10.486302375793457,101200
1999-08-25,20.34375,20.4375,20.3125,20.375,10.502408027648926,144400
1999-08-26,20.3125,20.3125,20.09375,20.1875,10.405763626098633,42600
1999-08-27,20.25,20.25,19.90625,20.0,10.309109687805176,42800
1999-08-30,20.0625,20.0625,19.59375,19.84375,10.228572845458984,83200
1999-08-31,19.875,20.0,19.8125,19.84375,10.228572845458984,171200
1999-09-01,19.78125,19.90625,19.5625,19.625,10.115812301635742,96800
1999-09-02,19.625,19.625,19.46875,19.5,10.051386833190918,63400
1999-09-03,19.4375,19.71875,19.4375,19.53125,10.067489624023438,66800
1999-09-07,19.59375,19.9375,19.5,19.9375,10.276899337768555,99800
1999-09-08,19.875,20.0,19.8125,20.0,10.309109687805176,15200
1999-09-09,20.0,20.03125,19.84375,19.9375,10.276899337768555,7800
1999-09-10,20.0,20.09375,19.875,19.96875,10.293004035949707,23800
1999-09-13,19.96875,20.0,19.875,19.875,10.244680404663086,23200
1999-09-14,19.75,19.75,19.1875,19.25,9.92251968383789,136200
1999-09-15,19.3125,19.375,19.1875,19.1875,9.89030647277832,31600
1999-09-16,19.1875,19.1875,18.5625,18.5625,9.568143844604492,119800
1999-09-17,18.5625,18.5625,18.28125,18.375,9.471492767333984,285200
1999-09-20,18.3125,18.3125,18.1875,18.1875,9.374848365783691,66800
1999-09-21,18.1875,18.1875,17.84375,17.9375,9.245983123779297,75200
1999-09-22,17.9375,18.0,17.75,17.875,9.213770866394043,129800
1999-09-23,17.9375,17.96875,17.8125,17.8125,9.181557655334473,23800
1999-09-24,17.8125,17.8125,17.5625,17.625,9.084906578063965,66400
1999-09-27,17.6875,18.125,17.6875,17.9375,9.245983123779297,71400
1999-09-28,17.9375,17.9375,17.625,17.9375,9.245983123779297,38000
1999-09-29,17.8125,17.96875,17.5,17.53125,9.036580085754395,46400
1999-09-30,17.65625,17.6875,17.3125,17.3125,8.923826217651367,104000
1999-10-01,17.375,17.65625,17.3125,17.625,9.084906578063965,106200
1999-10-04,17.625,17.8125,17.4375,17.78125,9.165446281433105,90000
1999-10-05,17.6875,18.4375,17.6875,18.375,9.471492767333984,97800
1999-10-06,18.5,19.125,18.5,18.875,9.72922134399414,64600
1999-10-07,19.0,19.75,18.875,19.5,10.051386833190918,135800
1999-10-08,19.5625,19.625,19.3125,19.5,10.051386833190918,54400
1999-10-11,19.5625,19.5625,19.3125,19.3125,9.954733848571777,32200
1999-10-12,19.375,19.5625,19.3125,19.375,9.986954689025879,40600
1999-10-13,19.3125,19.4375,19.125,19.3125,9.954733848571777,60800
1999-10-14,19.3125,19.4375,19.0,19.3125,9.954733848571777,34800
1999-10-15,19.25,19.4375,18.875,19.1875,9.89030647277832,57000
1999-10-18,19.125,19.125,18.6875,18.90625,9.745331764221191,63000
1999-10-19,18.90625,19.15625,18.90625,19.15625,9.874198913574219,21800
1999-10-20,19.25,19.3125,17.875,18.25,9.407066345214844,219000
1999-10-21,18.0,18.4375,17.78125,18.1875,9.374848365783691,236600
1999-10-22,18.3125,19.0,18.3125,19.0,9.793657302856445,60800
1999-10-25,19.0,19.25,19.0,19.25,9.92251968383789,146600
1999-10-26,19.28125,19.6875,19.1875,19.21875,9.90640926361084,222000
1999-10-27,19.3125,19.53125,19.3125,19.375,9.986954689025879,41800
1999-10-28,19.5,19.6875,19.4375,19.6875,10.148035049438477,51000
1999-10-29,19.75,20.125,19.6875,20.0625,10.341325759887695,128200
1999-11-01,20.0625,20.125,20.0,20.03125,10.325223922729492,100600
1999-11-02,20.0,20.0625,19.90625,20.0625,10.341325759887695,133600
1999-11-03,20.0625,20.25,20.0625,20.25,10.43797779083252,41200
1999-11-04,20.3125,20.3125,20.125,20.15625,10.38965129852295,130200
1999-11-05,20.1875,20.1875,19.90625,20.0625,10.341325759887695,139800
1999-11-08,20.0,20.0625,19.8125,19.9375,10.276899337768555,70600
1999-11-09,20.0,20.125,19.6875,19.78125,10.196356773376465,150400
1999-11-10,19.71875,19.9375,19.625,19.84375,10.228572845458984,192200
1999-11-11,20.125,20.25,20.0,20.125,10.373544692993164,170200
1999-11-12,20.15625,20.1875,20.0625,20.0625,10.341325759887695,159200
1999-11-15,20.0625,20.25,20.0625,20.25,10.43797779083252,138000
1999-11-16,20.25,20.625,20.25,20.5625,10.599054336547852,32200
1999-11-17,20.625,20.6875,20.4375,20.625,10.63127326965332,30000
1999-11-18,20.6875,20.96875,20.5625,20.5625,10.599054336547852,189000
1999-11-19,20.625,20.625,20.1875,20.1875,10.405763626098633,58000
1999-11-22,20.125,20.125,19.9375,19.9375,10.276899337768555,32800
1999-11-23,19.875,20.3125,19.75,20.25,10.43797779083252,291800
1999-11-24,20.28125,20.5,20.25,20.28125,10.454087257385254,106000
1999-11-26,20.25,20.3125,20.1875,20.1875,10.405763626098633,112200
1999-11-29,20.1875,20.21875,19.875,20.21875,10.421866416931152,159800
1999-11-30,20.21875,20.25,20.0,20.09375,10.357441902160645,156000
1999-12-01,20.15625,20.15625,19.84375,19.9375,10.276899337768555,98200
1999-12-02,19.9375,19.96875,19.78125,19.78125,10.196356773376465,37400
1999-12-03,19.71875,19.96875,19.6875,19.9375,10.276899337768555,54600
1999-12-06,19.9375,20.125,19.9375,20.03125,10.325223922729492,135400
1999-12-07,20.03125,20.1875,20.0,20.1875,10.405763626098633,41000
1999-12-08,20.25,20.25,20.0,20.125,10.373544692993164,39800
1999-12-09,20.125,20.125,19.9375,20.0,10.309109687805176,102200
1999-12-10,20.0625,20.125,19.6875,19.71875,10.164141654968262,66000
1999-12-13,19.71875,19.71875,19.375,19.4375,10.019174575805664,95800
1999-12-14,19.375,19.4375,18.5,18.5625,9.568143844604492,166600
1999-12-15,18.5,18.5625,18.40625,18.46875,9.519819259643555,110600
1999-12-16,18.5,19.3125,18.375,19.3125,9.954733848571777,201400
1999-12-17,19.3125,19.875,19.0,19.15625,9.874198913574219,401400
1999-12-20,19.15625,19.15625,18.78125,19.125,9.858087539672852,104400
1999-12-21,19.25,19.25,18.9375,19.03125,9.80976390838623,84800
1999-12-22,19.15625,19.28125,18.5625,19.25,9.92251968383789,115800
1999-12-23,19.3125,19.5,19.25,19.25,9.92251968383789,41200
1999-12-27,19.25,19.75,19.25,19.6875,10.148035049438477,55400
1999-12-28,19.6875,20.0,19.5625,20.0,10.309109687805176,32000
1999-12-29,19.875,19.9375,19.5625,19.9375,10.276899337768555,31200
1999-12-30,20.0,20.0625,19.8125,19.8125,10.212471008300781,38000
1999-12-31,19.875,20.125,19.84375,20.125,10.373544692993164,83800
2000-01-03,20.125,20.125,19.0,19.125,9.858087539672852,114000
2000-01-04,19.0,19.0,18.25,18.375,9.471492767333984,84600
2000-01-05,18.4375,18.8125,18.15625,18.75,9.66479206085205,109000
2000-01-06,18.6875,19.4375,18.6875,19.375,9.986954689025879,59200
2000-01-07,19.5,19.75,19.40625,19.6875,10.148035049438477,132200
2000-01-10,19.8125,20.0,19.625,19.96875,10.293004035949707,113800
2000-01-11,19.875,19.875,19.25,19.25,9.92251968383789,45000
2000-01-12,19.25,19.25,19.0,19.0625,9.825871467590332,19000
2000-01-13,19.125,19.75,19.125,19.6875,10.148035049438477,45000
2000-01-14,19.625,19.65625,19.5,19.5,10.051386833190918,43000
2000-01-18,19.59375,19.59375,18.9375,18.9375,9.761439323425293,37400
2000-01-19,18.75,18.9375,18.65625,18.75,9.66479206085205,80200
2000-01-20,18.78125,19.3125,18.78125,19.125,9.858087539672852,77800
2000-01-21,19.125,19.1875,18.8125,18.84375,9.71312141418457,99800
2000-01-24,18.96875,19.375,18.84375,18.9375,9.761439323425293,79800
2000-01-25,19.0625,19.0625,18.125,18.34375,9.455389022827148,41400
2000-01-26,18.34375,18.34375,17.96875,18.0,9.278203010559082,129600
2000-01-27,18.0625,18.09375,17.984375,18.03125,9.294310569763184,117000
2000-01-28,18.125,18.1875,17.96875,18.0625,9.310417175292969,67600
2000-01-31,18.0,18.03125,17.53125,17.53125,9.036580085754395,104800
2000-02-01,17.53125,17.53125,17.25,17.34375,8.939933776855469,86800
2000-02-02,17.46875,17.78125,17.28125,17.75,9.14933967590332,133400
2000-02-03,17.6875,18.3125,17.6875,18.1875,9.374848365783691,48000
2000-02-04,18.125,18.28125,17.625,17.875,9.213770866394043,213800
2000-02-07,17.8125,18.625,17.71875,18.0,9.278203010559082,73600
2000-02-08,18.0625,18.3125,18.0,18.125,9.342631340026855,89600
2000-02-09,18.125,18.125,17.1875,17.28125,8.907716751098633,386600
2000-02-10,17.28125,17.78125,16.8125,17.78125,9.165446281433105,173400
2000-02-11,17.90625,18.5625,17.875,18.5625,9.568143844604492,173000
2000-02-14,18.5625,18.5625,17.4375,17.65625,9.10101318359375,67400
2000-02-15,17.65625,17.8125,17.3125,17.8125,9.181557655334473,244200
2000-02-16,17.8125,17.8125,17.21875,17.375,8.956038475036621,130400
2000-02-17,17.25,17.25,16.53125,16.90625,8.714425086975098,283200
2000-02-18,16.9375,17.03125,15.5625,15.875,8.182857513427734,195800
2000-02-22,16.0,16.03125,15.75,15.8125,8.150644302368164,251200
2000-02-23,16.0,16.3125,14.25,16.3125,8.408370018005371,372000
2000-02-24,16.3125,16.3125,16.0625,16.0625,8.279505729675293,100200
2000-02-25,16.0625,16.28125,16.0625,16.0625,8.279505729675293,41600
2000-02-28,15.9375,16.3125,15.9375,16.0625,8.279505729675293,75200
2000-02-29,16.25,16.75,16.25,16.25,8.376153945922852,80800
2000-03-01,16.25,16.34375,15.0625,15.46875,7.97345495223999,185600
2000-03-02,15.5625,15.5625,14.5625,14.71875,7.586863994598389,176400
2000-03-03,15.0,15.34375,14.875,15.28125,7.876805782318115,716400
2000-03-06,15.3125,15.40625,15.25,15.3125,7.89291524887085,374600
2000-03-07,15.3125,15.3125,14.625,14.84375,7.651291847229004,265000
2000-03-08,14.59375,14.96875,14.46875,14.96875,7.715726852416992,159600
2000-03-09,14.96875,15.3125,14.75,15.3125,7.89291524887085,308000
2000-03-10,15.3125,15.3125,15.0,15.0,7.731834888458252,108200
2000-03-13,15.0,15.125,14.90625,15.03125,7.747941017150879,92600
2000-03-14,14.90625,15.125,14.90625,15.0,7.731834888458252,292200
2000-03-15,15.0,15.0,14.75,14.75,7.602972507476807,221400
2000-03-16,14.8125,16.25,14.8125,16.09375,8.295616149902344,483800
2000-03-17,15.96875,16.3125,15.625,15.625,8.053996086120605,241600
2000-03-20,15.65625,16.125,15.65625,16.0,8.24729061126709,125600
2000-03-21,16.0,16.3125,15.75,15.8125,8.150644302368164,236800
2000-03-22,16.25,17.1875,16.25,17.03125,8.778857231140137,323600
2000-03-23,17.03125,17.625,17.03125,17.4375,8.988258361816406,171200
2000-03-24,17.4375,17.71875,17.40625,17.5625,9.052687644958496,138600
2000-03-27,17.5625,17.8125,17.5625,17.78125,9.165446281433105,163400
2000-03-28,17.78125,19.03125,17.78125,18.96875,9.777551651000977,325600
2000-03-29,18.90625,19.125,18.5,19.09375,9.8419828414917,174400
2000-03-30,19.125,19.375,19.0,19.34375,9.970844268798828,124200
2000-03-31,19.34375,21.0,19.28125,21.0,10.824569702148438,212000
2000-04-03,20.96875,21.0,20.09375,20.75,10.695706367492676,191600
2000-04-04,20.75,20.75,19.4375,19.6875,10.148035049438477,154800
2000-04-05,19.75,19.75,19.375,19.375,9.986954689025879,89000
2000-04-06,19.4375,19.5,19.1875,19.46875,10.035273551940918,98800
2000-04-07,19.46875,19.46875,19.1875,19.375,9.986954689025879,98400
2000-04-10,19.4375,19.5,18.8125,18.90625,9.745331764221191,132600
2000-04-11,18.96875,18.96875,18.0,18.625,9.600362777709961,219000
2000-04-12,18.6875,19.5625,18.625,19.25,9.92251968383789,97600
2000-04-13,19.375,19.375,18.9375,19.1875,9.89030647277832,80800
2000-04-14,19.25,19.25,18.65625,18.78125,9.680902481079102,89000
2000-04-17,18.65625,18.96875,18.5,18.6875,9.632576942443848,170000
2000-04-18,18.5625,18.5625,17.5625,18.03125,9.294310569763184,228400
2000-04-19,18.15625,18.28125,17.75,17.84375,9.197656631469727,71000
2000-04-20,17.75,18.0625,17.75,18.03125,9.294310569763184,71000
2000-04-24,18.15625,18.15625,17.6875,17.90625,9.229879379272461,56400
2000-04-25,17.9375,17.9375,17.375,17.625,9.084906578063965,117800
2000-04-26,17.625,19.125,17.625,18.75,9.66479206085205,353800
2000-04-27,18.625,18.625,17.90625,18.0,9.278203010559082,304400
2000-04-28,18.125,18.21875,17.8125,18.0625,9.310417175292969,123600
2000-05-01,18.0625,18.0625,17.625,17.75,9.14933967590332,64200
2000-05-02,17.8125,18.25,17.75,18.25,9.407066345214844,740400
2000-05-03,18.3125,18.4375,18.0625,18.34375,9.455389022827148,65200
2000-05-04,18.21875,18.625,18.21875,18.53125,9.552035331726074,67400
2000-05-05,18.5,18.9375,18.5,18.875,9.72922134399414,59400
2000-05-08,18.9375,19.25,18.90625,19.125,9.858087539672852,91000
2000-05-09,19.0625,19.09375,18.90625,18.96875,9.777551651000977,41800
2000-05-10,18.96875,19.1875,18.75,18.8125,9.697006225585938,125600
2000-05-11,18.90625,19.15625,18.90625,19.03125,9.80976390838623,66800
2000-05-12,19.09375,19.09375,18.875,18.90625,9.745331764221191,52600
2000-05-15,18.875,18.9375,18.8125,18.9375,9.761439323425293,39200
2000-05-16,19.0625,19.09375,18.96875,19.09375,9.8419828414917,28200
2000-05-17,19.0,19.1875,18.84375,19.1875,9.89030647277832,58200
2000-05-18,19.0625,19.09375,18.96875,19.0625,9.825871467590332,26000
2000-05-19,19.125,19.125,18.75,18.8125,9.697006225585938,53200
2000-05-22,18.78125,18.8125,18.40625,18.40625,9.4876070022583,443800
2000-05-23,18.28125,18.96875,18.28125,18.3125,9.439279556274414,50600
2000-05-24,18.25,18.5,18.0625,18.5,9.535930633544922,94400
2000-05-25,18.5,18.65625,18.34375,18.5,9.535930633544922,50800
2000-05-26,18.5,18.5625,18.34375,18.40625,9.4876070022583,84400
2000-05-30,18.375,18.5625,18.375,18.5625,9.568143844604492,108400
2000-05-31,18.5,18.8125,18.5,18.8125,9.697006225585938,272800
2000-06-01,18.875,20.0,18.71875,20.0,10.309109687805176,190200
2000-06-02,20.0,20.5,19.8125,19.9375,10.276899337768555,143600
2000-06-05,19.8125,19.8125,19.15625,19.25,9.92251968383789,78800
2000-06-06,19.125,19.21875,19.09375,19.15625,9.874198913574219,73000
2000-06-07,19.0625,19.625,19.0,19.4375,10.019174575805664,110000
2000-06-08,19.3125,19.40625,19.0625,19.28125,9.938630104064941,45200
2000-06-09,19.1875,19.5625,19.0625,19.53125,10.067489624023438,63800
2000-06-12,19.53125,19.75,19.4375,19.4375,10.019174575805664,34600
2000-06-13,19.5625,19.625,19.375,19.46875,10.035273551940918,51400
2000-06-14,19.34375,19.46875,19.03125,19.34375,9.970844268798828,56600
2000-06-15,19.21875,19.3125,18.75,18.8125,9.697006225585938,209600
2000-06-16,18.625,18.65625,17.3125,17.84375,9.197656631469727,347800
2000-06-19,17.75,17.78125,16.5625,16.6875,8.601661682128906,336800
2000-06-20,16.75,16.875,16.125,16.34375,8.424471855163574,198600
2000-06-21,16.34375,16.6875,16.03125,16.5,8.505013465881348,125200
2000-06-22,16.625,16.875,16.5,16.6875,8.601661682128906,48800
2000-06-23,16.75,16.875,16.71875,16.78125,8.649992942810059,137800
2000-06-26,16.75,17.0,16.75,16.96875,8.746635437011719,98000
2000-06-27,17.0625,17.4375,17.0625,17.40625,8.972149848937988,132400
2000-06-28,17.53125,17.9375,17.1875,17.8125,9.181557655334473,162400
2000-06-29,17.75,18.59375,17.4375,18.46875,9.519819259643555,243400
2000-06-30,18.375,18.5,18.15625,18.25,9.407066345214844,684000
2000-07-03,18.1875,18.9375,18.1875,18.53125,9.552035331726074,72400
2000-07-05,18.59375,18.75,18.4375,18.4375,9.503714561462402,113200
2000-07-06,18.5625,18.9375,18.5,18.5,9.535930633544922,85000
2000-07-07,18.5,18.65625,18.5,18.53125,9.552035331726074,31000
2000-07-10,18.5625,18.5625,18.25,18.34375,9.455389022827148,57600
2000-07-11,18.46875,18.84375,18.28125,18.75,9.66479206085205,95000
2000-07-12,18.65625,18.84375,18.3125,18.53125,9.552035331726074,151000
2000-07-13,18.46875,18.8125,18.3125,18.65625,9.61646842956543,54000
2000-07-14,18.5625,18.5625,18.21875,18.25,9.407066345214844,66400
2000-07-17,18.1875,18.25,17.75,17.78125,9.165446281433105,64200
2000-07-18,17.65625,17.6875,17.25,17.3125,8.923826217651367,64000
2000-07-19,17.4375,17.46875,17.0625,17.1875,8.859395980834961,90200
2000-07-20,17.0625,17.1875,17.0,17.09375,8.811071395874023,97000
2000-07-21,17.0,17.125,16.75,16.8125,8.666096687316895,92400
2000-07-24,16.75,17.125,16.75,16.875,8.69831657409668,57400
2000-07-25,16.9375,17.125,16.875,17.0625,8.794963836669922,31200
2000-07-26,17.0,17.0,16.875,16.9375,8.73052978515625,229000
2000-07-27,17.0,17.0,16.4375,16.53125,8.521123886108398,85000
2000-07-28,16.53125,16.53125,16.0625,16.1875,8.343936920166016,85400
2000-07-31,16.3125,16.34375,16.15625,16.3125,8.408370018005371,172600
2000-08-01,16.34375,16.5625,16.125,16.375,8.440582275390625,99600
2000-08-02,16.375,16.5,16.1875,16.46875,8.488908767700195,262600
2000-08-03,16.46875,16.46875,15.8125,16.28125,8.39225959777832,94800
2000-08-04,16.40625,16.40625,16.125,16.25,8.376153945922852,29000
2000-08-07,16.25,16.25,15.9375,16.0,8.24729061126709,78200
2000-08-08,16.0,16.0625,15.6875,15.8125,8.150644302368164,51000
2000-08-09,15.84375,15.84375,15.65625,15.8125,8.150644302368164,81800
2000-08-10,15.875,15.9375,15.75,15.75,8.118429183959961,170800
2000-08-11,15.8125,15.96875,15.78125,15.9375,8.215075492858887,80800
2000-08-14,15.9375,16.0,15.8125,15.96875,8.231181144714355,37200
2000-08-15,15.84375,16.0,15.84375,15.96875,8.231181144714355,121200
2000-08-16,15.96875,16.0,15.75,15.84375,8.166752815246582,58200
2000-08-17,15.8125,15.875,15.53125,15.59375,8.037887573242188,24000
2000-08-18,15.53125,15.59375,15.5,15.5625,8.021780014038086,75800
2000-08-21,15.4375,15.6875,15.4375,15.6875,8.086211204528809,36800
2000-08-22,15.5625,15.71875,15.53125,15.625,8.053996086120605,40800
2000-08-23,15.625,15.96875,15.5,15.6875,8.086211204528809,86200
2000-08-24,15.5625,16.0,15.53125,15.96875,8.231181144714355,94000
2000-08-25,15.96875,15.96875,15.65625,15.75,8.118429183959961,84400
2000-08-28,15.75,16.03125,15.6875,15.90625,8.198966979980469,368000
2000-08-29,15.8125,15.84375,15.5625,15.8125,8.150644302368164,58800
2000-08-30,15.9375,15.9375,15.375,15.53125,8.005671501159668,128400
2000-08-31,15.5,15.75,15.4375,15.5,7.989565372467041,102600
2000-09-01,15.59375,16.1875,15.59375,15.75,8.118429183959961,169000
2000-09-05,15.8125,16.25,15.8125,16.21875,8.3600435256958,209400
2000-09-06,16.21875,16.46875,16.21875,16.3125,8.408370018005371,56200
2000-09-07,16.375,16.4375,16.0,16.1875,8.343936920166016,60400
2000-09-08,16.125,16.15625,16.03125,16.125,8.311721801757812,61000
2000-09-11,16.15625,16.46875,16.125,16.15625,8.32783031463623,105800
2000-09-12,16.25,16.25,16.03125,16.09375,8.295616149902344,203400
2000-09-13,16.0625,16.125,15.875,15.875,8.182857513427734,74400
2000-09-14,15.90625,15.90625,15.6875,15.78125,8.134538650512695,69400
2000-09-15,15.65625,16.0,15.59375,15.78125,8.134538650512695,98800
2000-09-18,15.78125,16.03125,15.0,15.9375,8.215075492858887,167200
2000-09-19,15.96875,16.0,15.875,15.96875,8.231181144714355,85600
2000-09-20,16.0,16.09375,15.875,15.992188453674316,8.24326229095459,116400
2000-09-21,15.9375,16.40625,15.9375,16.1875,8.343936920166016,100000
2000-09-22,16.25,16.5,15.9375,16.46875,8.488908767700195,177000
2000-09-25,16.40625,16.4375,16.0,16.0,8.24729061126709,59800
2000-09-26,16.0625,16.0625,15.4375,15.84375,8.166752815246582,111800
2000-09-27,15.90625,16.59375,15.75,16.53125,8.521123886108398,135200
2000-09-28,16.46875,17.28125,16.46875,17.1875,8.859395980834961,90200
2000-09-29,17.09375,17.28125,16.6875,16.75,8.633886337280273,141800
2000-10-02,16.8125,16.9375,16.625,16.84375,8.68220329284668,89600
2000-10-03,16.90625,16.90625,16.5,16.53125,8.521123886108398,110800
2000-10-04,16.65625,16.6875,16.3125,16.5,8.505013465881348,58400
2000-10-05,16.5,16.71875,16.34375,16.59375,8.553343772888184,96000
2000-10-06,16.65625,16.65625,16.21875,16.5,8.505013465881348,177400
2000-10-09,16.4375,16.46875,16.1875,16.34375,8.424471855163574,31200
2000-10-10,16.28125,16.375,15.78125,15.90625,8.198966979980469,85800
2000-10-11,15.78125,15.84375,15.3125,15.625,8.053996086120605,83000
2000-10-12,15.5625,15.5625,14.59375,15.0,7.731834888458252,204200
2000-10-13,14.875,15.125,14.8125,15.0,7.731834888458252,542200
2000-10-16,15.0,15.09375,14.9375,14.96875,7.715726852416992,152600
2000-10-17,15.03125,15.03125,14.375,14.4375,7.441892147064209,241200
2000-10-18,14.375,15.34375,14.1875,15.125,7.796270847320557,185000
2000-10-19,15.09375,15.5625,14.9375,15.25,7.860697269439697,112400
2000-10-20,15.25,15.25,15.0625,15.25,7.860697269439697,57200
2000-10-23,15.25,15.25,14.6875,14.75,7.602972507476807,71400
2000-10-24,14.84375,14.84375,14.3125,14.625,7.538538455963135,327200
2000-10-25,14.59375,14.59375,14.125,14.5,7.47410774230957,107200
2000-10-26,14.4375,15.3125,14.40625,15.25,7.860697269439697,123400
2000-10-27,15.1875,15.625,15.1875,15.5,7.989565372467041,74600
2000-10-30,15.5625,16.125,15.5625,16.09375,8.295616149902344,54200
2000-10-31,16.5,17.875,16.5,17.875,9.213770866394043,349600
2000-11-01,17.875,18.125,17.75,17.96875,9.262096405029297,389200
2000-11-02,17.96875,18.0,17.9375,17.96875,9.262096405029297,286600
2000-11-03,18.0,18.0,17.375,17.46875,9.004363059997559,136400
2000-11-06,17.40625,17.46875,16.90625,17.125,8.827178955078125,167000
2000-11-07,17.0,17.21875,16.875,16.96875,8.746635437011719,85000
2000-11-08,17.0625,17.1875,16.90625,16.96875,8.746635437011719,172600
2000-11-09,16.96875,16.96875,16.5,16.96875,8.746635437011719,71400
2000-11-10,16.875,16.90625,16.03125,16.09375,8.295616149902344,85800
2000-11-13,15.96875,16.5,15.875,16.1875,8.343936920166016,130800
2000-11-14,16.3125,17.15625,16.3125,16.8125,8.666096687316895,58800
2000-11-15,16.6875,17.15625,16.6875,16.875,8.69831657409668,45200
2000-11-16,16.96875,17.15625,16.4375,16.5625,8.537236213684082,238600
2000-11-17,16.6875,17.03125,16.625,16.71875,8.617776870727539,83400
2000-11-20,16.6875,16.6875,16.125,16.3125,8.408370018005371,81800
2000-11-21,16.375,16.5625,16.1875,16.3125,8.408370018005371,66600
2000-11-22,16.25,16.34375,15.9375,16.125,8.311721801757812,77400
2000-11-24,16.0,16.5,16.0,16.5,8.505013465881348,40800
2000-11-27,16.5625,16.71875,16.125,16.15625,8.32783031463623,131800
2000-11-28,16.15625,16.5,15.9375,16.03125,8.263397216796875,64600
2000-11-29,16.0625,16.125,15.9375,16.0,8.24729061126709,138000
2000-11-30,16.0625,16.15625,15.71875,15.8125,8.150644302368164,138600
2000-12-01,15.875,16.21875,15.875,16.03125,8.263397216796875,134600
2000-12-04,16.15625,16.25,15.6875,15.8125,8.150644302368164,171800
2000-12-05,15.875,15.875,15.75,15.84375,8.166752815246582,185000
2000-12-06,15.84375,16.0625,15.625,15.625,8.053996086120605,191200
2000-12-07,15.71875,15.96875,15.6875,15.9375,8.215075492858887,108600
2000-12-08,16.125,16.5,16.125,16.5,8.505013465881348,141000
2000-12-11,16.5625,16.75,16.25,16.75,8.633886337280273,232000
2000-12-12,16.6875,16.875,16.65625,16.8125,8.666096687316895,209400
2000-12-13,16.75,16.9375,16.3125,16.4375,8.472804069519043,111400
2000-12-14,16.5,16.625,16.1875,16.5,8.505013465881348,184400
2000-12-15,16.5,16.59375,15.875,15.96875,8.231181144714355,237800
2000-12-18,16.0,16.03125,15.78125,15.8125,8.150644302368164,160000
2000-12-19,15.875,16.9375,15.875,16.6875,8.601661682128906,378200
2000-12-20,16.625,16.6875,16.25,16.65625,8.585556030273438,185800
2000-12-21,16.75,17.1875,16.75,17.125,8.827178955078125,91600
2000-12-22,17.0625,17.875,17.0625,17.8125,9.181557655334473,89600
2000-12-26,17.8125,18.0,17.6875,17.875,9.213770866394043,82000
2000-12-27,17.9375,18.0625,17.75,18.0625,9.310417175292969,88800
2000-12-28,18.0625,19.09375,17.96875,19.0625,9.825871467590332,117800
2000-12-29,19.0,19.34375,18.4375,18.46875,9.519819259643555,155200
2001-01-02,18.5,18.75,18.46875,18.46875,9.519819259643555,78800
2001-01-03,18.5,18.96875,18.40625,18.875,9.72922134399414,86600
2001-01-04,18.84375,18.875,18.3125,18.3125,9.439279556274414,87400
2001-01-05,18.3125,18.8125,18.0625,18.40625,9.4876070022583,84800
2001-01-08,18.5,19.15625,18.5,19.15625,9.874198913574219,48800
2001-01-09,19.25,19.5,18.84375,19.0625,9.825871467590332,228000
2001-01-10,19.1875,19.9375,19.125,19.8125,10.212471008300781,262200
2001-01-11,19.9375,20.125,19.9375,19.96875,10.293004035949707,172800
2001-01-12,19.96875,20.0,19.90625,19.96875,10.293004035949707,324400
2001-01-16,19.96875,20.25,19.84375,20.03125,10.325223922729492,155600
2001-01-17,20.0,20.34375,20.0,20.21875,10.421866416931152,210000
2001-01-18,20.34375,20.96875,20.25,20.9375,10.792354583740234,133600
2001-01-19,20.9375,20.9375,19.71875,19.84375,10.228572845458984,174400
2001-01-22,19.75,19.75,19.25,19.625,10.115812301635742,137000
2001-01-23,19.6875,20.0,19.375,19.8125,10.212471008300781,211200
2001-01-24,19.9375,20.0,19.625,19.6875,10.148035049438477,147000
2001-01-25,19.625,19.875,19.5,19.59375,10.099710464477539,87400
2001-01-26,19.6875,20.5625,19.5,20.5625,10.599054336547852,511800
2001-01-29,20.424999237060547,21.0,20.424999237060547,20.875,10.760133743286133,385400
2001-01-30,20.8700008392334,21.575000762939453,20.8700008392334,21.53499984741211,11.100336074829102,425200
2001-01-31,21.549999237060547,21.700000762939453,21.375,21.5,11.082296371459961,146800
2001-02-01,21.5,21.950000762939453,21.0,21.489999771118164,11.077142715454102,99600
2001-02-02,21.5,21.5,21.25,21.299999237060547,10.979206085205078,128600
2001-02-05,21.350000381469727,21.684999465942383,21.2450008392334,21.264999389648438,10.961162567138672,127600
2001-02-06,21.350000381469727,21.375,21.239999771118164,21.264999389648438,10.961162567138672,146200
2001-02-07,21.350000381469727,21.350000381469727,21.075000762939453,21.2450008392334,10.950851440429688,124000
2001-02-08,21.25,21.299999237060547,21.0,21.299999237060547,10.979206085205078,99800
2001-02-09,21.274999618530273,21.450000762939453,20.899999618530273,20.899999618530273,10.773017883300781,62000
2001-02-12,20.924999237060547,21.049999237060547,20.770000457763672,20.9950008392334,10.821989059448242,204800
2001-02-13,20.9950008392334,21.575000762939453,20.950000762939453,21.274999618530273,10.966317176818848,164200
2001-02-14,21.280000686645508,21.280000686645508,21.024999618530273,21.174999237060547,10.914769172668457,140000
2001-02-15,21.18000030517578,21.274999618530273,21.145000457763672,21.239999771118164,10.94827938079834,572600
2001-02-16,21.25,21.25,21.0,21.145000457763672,10.899304389953613,130400
2001-02-20,21.125,21.25,20.940000534057617,21.075000762939453,10.863225936889648,36800
2001-02-21,21.19499969482422,21.225000381469727,20.899999618530273,20.899999618530273,10.773017883300781,155400
2001-02-22,20.975000381469727,20.975000381469727,20.350000381469727,20.475000381469727,10.553956031799316,110400
2001-02-23,20.549999237060547,20.549999237060547,19.950000762939453,20.549999237060547,10.592611312866211,283600
2001-02-26,20.604999542236328,21.274999618530273,20.530000686645508,21.274999618530273,10.966317176818848,69600
2001-02-27,21.350000381469727,21.350000381469727,20.520000457763672,20.549999237060547,10.592611312866211,125800
2001-02-28,20.625,20.700000762939453,20.5,20.625,10.63127326965332,141400
2001-03-01,20.625,21.375,20.6200008392334,21.149999618530273,10.901885986328125,94200
2001-03-02,21.200000762939453,21.375,21.125,21.200000762939453,10.92765998840332,58600
2001-03-05,21.299999237060547,21.325000762939453,21.125,21.190000534057617,10.922501564025879,71400
2001-03-06,21.225000381469727,21.225000381469727,21.0,21.045000076293945,10.847762107849121,74400
2001-03-07,21.100000381469727,21.395000457763672,21.100000381469727,21.375,11.017868041992188,67400
2001-03-08,21.299999237060547,21.315000534057617,21.024999618530273,21.049999237060547,10.850340843200684,46600
2001-03-09,21.149999618530273,21.149999618530273,20.8799991607666,20.885000228881836,10.765292167663574,131600
2001-03-12,20.78499984741211,20.790000915527344,20.450000762939453,20.454999923706055,10.5436429977417,157800
2001-03-13,20.334999084472656,20.334999084472656,19.700000762939453,20.100000381469727,10.3606538772583,100400
2001-03-14,20.174999237060547,20.174999237060547,19.799999237060547,19.975000381469727,10.296222686767578,160200
2001-03-15,19.854999542236328,20.100000381469727,19.75,19.875,10.244680404663086,130400
2001-03-16,20.0,20.0049991607666,19.674999237060547,19.875,10.244680404663086,156200
2001-03-19,19.799999237060547,19.799999237060547,19.5,19.665000915527344,10.136433601379395,123400
2001-03-20,19.625,19.799999237060547,19.350000381469727,19.6200008392334,10.113242149353027,82000
2001-03-21,19.5,19.5,19.024999618530273,19.049999237060547,9.819427490234375,63200
2001-03-22,19.0,19.0,18.25,18.600000381469727,9.587472915649414,158800
2001-03-23,18.600000381469727,19.440000534057617,18.600000381469727,19.325000762939453,9.961182594299316,255000
2001-03-26,19.25,19.959999084472656,19.110000610351562,19.799999237060547,10.206022262573242,100600
2001-03-27,19.75,19.75,19.170000076293945,19.219999313354492,9.907058715820312,170600
2001-03-28,19.125,19.125,18.375,18.700000762939453,9.639019012451172,408600
2001-03-29,18.704999923706055,19.575000762939453,18.704999923706055,19.145000457763672,9.86839771270752,185200
2001-03-30,19.149999618530273,19.174999237060547,18.899999618530273,19.024999618530273,9.80654239654541,261600
2001-04-02,19.0,19.5,18.899999618530273,19.5,10.051386833190918,426400
2001-04-03,19.5,19.81999969482422,19.5,19.600000381469727,10.102934837341309,248200
2001-04-04,19.604999542236328,19.625,19.100000381469727,19.1200008392334,9.855514526367188,244000
2001-04-05,19.25,19.825000762939453,19.19499969482422,19.825000762939453,10.218911170959473,170000
2001-04-06,19.774999618530273,19.774999618530273,19.2450008392334,19.299999237060547,9.948286056518555,91200
2001-04-09,19.299999237060547,19.825000762939453,19.290000915527344,19.4950008392334,10.048809051513672,67600
2001-04-10,19.614999771118164,19.899999618530273,19.600000381469727,19.65999984741211,10.133859634399414,92600
2001-04-11,19.725000381469727,19.725000381469727,18.049999237060547,18.065000534057617,9.31170654296875,423600
2001-04-12,18.5,19.649999618530273,18.424999237060547,19.524999618530273,10.064270973205566,711600
2001-04-16,19.405000686645508,19.600000381469727,19.125,19.25,9.92251968383789,214400
2001-04-17,19.1299991607666,19.375,19.049999237060547,19.270000457763672,9.932832717895508,189400
2001-04-18,19.30500030517578,19.350000381469727,19.075000762939453,19.264999389648438,9.930253982543945,244000
2001-04-19,19.264999389648438,19.549999237060547,18.899999618530273,19.549999237060547,10.077157020568848,115600
2001-04-20,19.43000030517578,19.43000030517578,19.125,19.274999618530273,9.935410499572754,137600
2001-04-23,19.225000381469727,19.2549991607666,18.75,19.190000534057617,9.891592979431152,121400
2001-04-24,19.190000534057617,19.364999771118164,19.139999389648438,19.344999313354492,9.971489906311035,270200
2001-04-25,19.350000381469727,19.350000381469727,19.2450008392334,19.25,9.92251968383789,128200
2001-04-26,19.5,21.4950008392334,19.25,21.450000762939453,11.056527137756348,906400
2001-04-27,21.899999618530273,22.049999237060547,21.549999237060547,21.80500030517578,11.23951244354248,458200
2001-04-30,21.80500030517578,22.049999237060547,20.899999618530273,20.899999618530273,10.773017883300781,258600
2001-05-01,21.0,21.75,21.0,21.475000381469727,11.069409370422363,77400
2001-05-02,21.399999618530273,21.625,21.325000762939453,21.329999923706055,10.994668006896973,206600
2001-05-03,21.375,21.469999313354492,21.149999618530273,21.209999084472656,10.932809829711914,124600
2001-05-04,21.350000381469727,22.399999618530273,21.350000381469727,22.399999618530273,11.546204566955566,328800
2001-05-07,22.375,22.649999618530273,22.110000610351562,22.225000381469727,11.45600700378418,141600
2001-05-08,22.149999618530273,22.5,22.135000228881836,22.454999923706055,11.574555397033691,85400
2001-05-09,22.524999618530273,22.625,22.3799991607666,22.600000381469727,11.649297714233398,66800
2001-05-10,22.600000381469727,23.190000534057617,22.5,22.6299991607666,11.664758682250977,254200
2001-05-11,22.75,22.9950008392334,22.649999618530273,22.950000762939453,11.82970905303955,183600
2001-05-14,22.954999923706055,22.954999923706055,22.71500015258789,22.7549991607666,11.729187965393066,260000
2001-05-15,22.725000381469727,22.725000381469727,22.43000030517578,22.520000457763672,11.60805892944336,148600
2001-05-16,22.600000381469727,23.5,22.600000381469727,23.375,12.048774719238281,185200
2001-05-17,23.375,23.600000381469727,23.299999237060547,23.549999237060547,12.1389799118042,243400
2001-05-18,23.549999237060547,23.549999237060547,23.040000915527344,23.1299991607666,11.922487258911133,110200
2001-05-21,23.1299991607666,23.19499969482422,23.075000762939453,23.174999237060547,11.94568157196045,125200
2001-05-22,23.200000762939453,23.440000534057617,23.075000762939453,23.360000610351562,12.041044235229492,111000
2001-05-23,23.299999237060547,23.299999237060547,22.93000030517578,23.125,11.919914245605469,105000
2001-05-24,23.135000228881836,23.31999969482422,22.905000686645508,23.09000015258789,11.901872634887695,163400
2001-05-25,23.024999618530273,23.135000228881836,22.524999618530273,22.524999618530273,11.610639572143555,146200
2001-05-29,22.575000762939453,22.75,22.5,22.514999389648438,11.605484962463379,469400
2001-05-30,22.635000228881836,22.649999618530273,22.299999237060547,22.375,11.533321380615234,151000
2001-05-31,22.3700008392334,22.850000381469727,22.25,22.850000381469727,11.778160095214844,157400
2001-06-01,22.844999313354492,22.844999313354492,22.450000762939453,22.600000381469727,11.649297714233398,164000
2001-06-04,22.549999237060547,22.850000381469727,22.5,22.850000381469727,11.778160095214844,150400
2001-06-05,22.899999618530273,22.950000762939453,22.350000381469727,22.610000610351562,11.654452323913574,102200
2001-06-06,22.610000610351562,22.700000762939453,22.5,22.674999237060547,11.68795394897461,62200
2001-06-07,22.625,22.725000381469727,22.549999237060547,22.625,11.662184715270996,104200
2001-06-08,22.625,22.625,22.350000381469727,22.450000762939453,11.571979522705078,81600
2001-06-11,22.399999618530273,22.43000030517578,21.895000457763672,21.899999618530273,11.288476943969727,170400
2001-06-12,21.850000381469727,21.899999618530273,21.475000381469727,21.604999542236328,11.136417388916016,324800
2001-06-13,21.649999618530273,21.690000534057617,21.524999618530273,21.524999618530273,11.095185279846191,258200
2001-06-14,21.524999618530273,21.549999237060547,21.100000381469727,21.235000610351562,10.945698738098145,116600
2001-06-15,21.149999618530273,21.21500015258789,20.09000015258789,20.100000381469727,10.3606538772583,406800
2001-06-18,20.0,20.0,19.75,19.985000610351562,10.301380157470703,523200
2001-06-19,19.985000610351562,20.045000076293945,19.899999618530273,19.950000762939453,10.283337593078613,398200
2001-06-20,19.975000381469727,20.010000228881836,19.5,19.5,10.051386833190918,462800
2001-06-21,19.5049991607666,20.100000381469727,19.399999618530273,20.0,10.309109687805176,221400
2001-06-22,20.0,20.100000381469727,19.924999237060547,20.014999389648438,10.316840171813965,319600
2001-06-25,20.0,20.325000762939453,20.0,20.25,10.43797779083252,182000
2001-06-26,20.174999237060547,20.760000228881836,20.100000381469727,20.5,10.5668363571167,250200
2001-06-27,20.5,20.799999237060547,20.299999237060547,20.799999237060547,10.721475601196289,241600
2001-06-28,20.774999618530273,21.350000381469727,20.700000762939453,21.024999618530273,10.83745288848877,167600
2001-06-29,20.25,21.600000381469727,20.125,20.725000381469727,10.682817459106445,835800
2001-07-02,20.774999618530273,20.799999237060547,20.350000381469727,20.450000762939453,10.541067123413086,224200
2001-07-03,20.325000762939453,20.475000381469727,20.260000228881836,20.385000228881836,10.507564544677734,91800
2001-07-05,20.28499984741211,20.719999313354492,20.270000457763672,20.594999313354492,10.61581039428711,108200
2001-07-06,20.594999313354492,20.600000381469727,20.424999237060547,20.510000228881836,10.571996688842773,73800
2001-07-09,20.510000228881836,20.565000534057617,20.375,20.510000228881836,10.571996688842773,167800
2001-07-10,20.510000228881836,20.700000762939453,20.475000381469727,20.5,10.5668363571167,174000
2001-07-11,20.549999237060547,20.549999237060547,20.184999465942383,20.184999465942383,10.40446949005127,260200
2001-07-12,20.200000762939453,20.225000381469727,19.899999618530273,20.170000076293945,10.396737098693848,128600
2001-07-13,20.165000915527344,20.165000915527344,19.924999237060547,20.084999084472656,10.35292911529541,52800
2001-07-16,19.985000610351562,19.9950008392334,19.78499984741211,19.924999237060547,10.27045726776123,101200
2001-07-17,19.899999618530273,19.924999237060547,19.625,19.799999237060547,10.206022262573242,108800
2001-07-18,19.674999237060547,19.799999237060547,19.5,19.6200008392334,10.113242149353027,292600
2001-07-19,19.649999618530273,19.975000381469727,19.5,19.875,10.244680404663086,110000
2001-07-20,19.850000381469727,19.924999237060547,19.799999237060547,19.924999237060547,10.27045726776123,78600
2001-07-23,19.875,19.875,19.674999237060547,19.75,10.180254936218262,56000
2001-07-24,19.700000762939453,19.799999237060547,19.649999618530273,19.7450008392334,10.177672386169434,126200
2001-07-25,19.700000762939453,20.135000228881836,19.524999618530273,20.05500030517578,10.337462425231934,640200
2001-07-26,20.104999542236328,20.174999237060547,19.924999237060547,20.0,10.309109687805176,208000
2001-07-27,20.024999618530273,20.045000076293945,19.875,20.0,10.309109687805176,89600
2001-07-30,19.975000381469727,19.975000381469727,19.774999618530273,19.864999771118164,10.239522933959961,157800
2001-07-31,19.850000381469727,20.0,19.774999618530273,19.975000381469727,10.296222686767578,166600
2001-08-01,19.9950008392334,20.100000381469727,19.93000030517578,20.0,10.309109687805176,410200
2001-08-02,19.899999618530273,20.049999237060547,19.899999618530273,20.0,10.309109687805176,244600
2001-08-03,20.0,20.020000457763672,19.899999618530273,19.9950008392334,10.306537628173828,174800
2001-08-06,19.9950008392334,20.094999313354492,19.9950008392334,20.0049991607666,10.311687469482422,136400
2001-08-07,20.114999771118164,20.350000381469727,19.979999542236328,20.350000381469727,10.489522933959961,126600
2001-08-08,20.350000381469727,20.594999313354492,20.264999389648438,20.575000762939453,10.605500221252441,150200
2001-08-09,20.5,20.950000762939453,20.424999237060547,20.920000076293945,10.783332824707031,166200
2001-08-10,20.920000076293945,21.19499969482422,20.899999618530273,21.010000228881836,10.829721450805664,133800
2001-08-13,21.010000228881836,21.010000228881836,20.825000762939453,20.899999618530273,10.773017883300781,60000
2001-08-14,20.924999237060547,20.924999237060547,20.415000915527344,20.46500015258789,10.548798561096191,114200
2001-08-15,20.524999618530273,20.549999237060547,20.469999313354492,20.530000686645508,10.582303047180176,93200
2001-08-16,20.530000686645508,20.549999237060547,20.329999923706055,20.334999084472656,10.481792449951172,105400
2001-08-17,20.260000228881836,20.260000228881836,20.0,20.049999237060547,10.334881782531738,138600
2001-08-20,20.049999237060547,20.049999237060547,19.825000762939453,19.9950008392334,10.306537628173828,109800
2001-08-21,19.9950008392334,20.204999923706055,19.950000762939453,19.950000762939453,10.283337593078613,128800
2001-08-22,19.975000381469727,20.350000381469727,19.850000381469727,20.184999465942383,10.40446949005127,115800
2001-08-23,20.149999618530273,20.149999618530273,19.950000762939453,19.954999923706055,10.285919189453125,73000
2001-08-24,19.975000381469727,20.145000457763672,19.950000762939453,20.079999923706055,10.350354194641113,71000
2001-08-27,20.100000381469727,20.4950008392334,20.049999237060547,20.375,10.502408027648926,111200
2001-08-28,20.5,20.600000381469727,20.09000015258789,20.174999237060547,10.399317741394043,120800
2001-08-29,20.174999237060547,20.21500015258789,19.959999084472656,20.125,10.373544692993164,57000
2001-08-30,20.125,20.25,19.959999084472656,20.200000762939453,10.41220474243164,94600
2001-08-31,20.174999237060547,20.174999237060547,19.975000381469727,20.065000534057617,10.342622756958008,112600
2001-09-04,20.149999618530273,20.6299991607666,20.0,20.524999618530273,10.579728126525879,152600
2001-09-05,20.524999618530273,20.524999618530273,20.25,20.350000381469727,10.489522933959961,62600
2001-09-06,20.424999237060547,20.424999237060547,20.21500015258789,20.219999313354492,10.422510147094727,49600
2001-09-07,20.219999313354492,20.219999313354492,19.75,19.850000381469727,10.231793403625488,89600
2001-09-10,19.825000762939453,19.864999771118164,19.600000381469727,19.600000381469727,10.102934837341309,53000
2001-09-17,19.549999237060547,19.549999237060547,18.600000381469727,18.600000381469727,9.587472915649414,98200
2001-09-18,18.649999618530273,18.649999618530273,18.165000915527344,18.44499969482422,9.50757884979248,67800
2001-09-19,17.94499969482422,18.165000915527344,17.225000381469727,17.940000534057617,9.247275352478027,514000
2001-09-20,17.815000534057617,17.825000762939453,17.174999237060547,17.200000762939453,8.865835189819336,242800
2001-09-21,17.0,17.0,16.649999618530273,16.674999237060547,8.595219612121582,240600
2001-09-24,16.600000381469727,16.989999771118164,16.600000381469727,16.65999984741211,8.587491035461426,150800
2001-09-25,16.700000762939453,17.100000381469727,16.700000762939453,16.975000381469727,8.749860763549805,159800
2001-09-26,17.024999618530273,17.209999084472656,16.684999465942383,16.684999465942383,8.600377082824707,189000
2001-09-27,16.684999465942383,16.729999542236328,16.625,16.729999542236328,8.623570442199707,157000
2001-09-28,16.68000030517578,17.334999084472656,16.655000686645508,17.049999237060547,8.788520812988281,217400
2001-10-01,17.274999618530273,17.674999237060547,17.079999923706055,17.290000915527344,8.912230491638184,145000
2001-10-02,17.25,17.375,16.94499969482422,17.225000381469727,8.8787260055542,135800
2001-10-03,17.174999237060547,17.950000762939453,17.174999237060547,17.950000762939453,9.252431869506836,190200
2001-10-04,17.94499969482422,18.415000915527344,17.90999984741211,18.415000915527344,9.492116928100586,118200
2001-10-05,18.415000915527344,18.600000381469727,18.364999771118164,18.5049991607666,9.538505554199219,115800
2001-10-08,18.5049991607666,18.5049991607666,18.325000762939453,18.329999923706055,9.448301315307617,84400
2001-10-09,18.329999923706055,18.600000381469727,17.850000381469727,17.975000381469727,9.265314102172852,127200
2001-10-10,17.975000381469727,18.459999084472656,17.975000381469727,18.459999084472656,9.515311241149902,70800
2001-10-11,18.459999084472656,19.299999237060547,18.459999084472656,19.290000915527344,9.943142890930176,239600
2001-10-12,19.25,19.7450008392334,19.200000762939453,19.6200008392334,10.113242149353027,270200
2001-10-15,19.600000381469727,20.225000381469727,19.600000381469727,19.899999618530273,10.257570266723633,235600
2001-10-16,19.850000381469727,19.989999771118164,19.825000762939453,19.8700008392334,10.242103576660156,81400
2001-10-17,19.850000381469727,19.864999771118164,19.200000762939453,19.28499984741211,9.940560340881348,146000
2001-10-18,19.239999771118164,19.670000076293945,19.200000762939453,19.450000762939453,10.025613784790039,143400
2001-10-19,19.450000762939453,19.850000381469727,19.450000762939453,19.674999237060547,10.14158821105957,147800
2001-10-22,19.674999237060547,19.854999542236328,19.514999389648438,19.56999969482422,10.087467193603516,72000
2001-10-23,19.625,20.0,19.600000381469727,19.975000381469727,10.296222686767578,89800
2001-10-24,20.149999618530273,20.200000762939453,19.8799991607666,19.899999618530273,10.257570266723633,77600
2001-10-25,19.899999618530273,20.440000534057617,19.895000457763672,20.440000534057617,10.53591537475586,187800
2001-10-26,20.440000534057617,20.625,20.174999237060547,20.200000762939453,10.41220474243164,101600
2001-10-29,20.325000762939453,20.600000381469727,20.325000762939453,20.600000381469727,10.618386268615723,84400
2001-10-30,20.399999618530273,20.4950008392334,20.0,20.139999389648438,10.381278038024902,219800
2001-10-31,20.239999771118164,20.5,19.850000381469727,20.155000686645508,10.389007568359375,219400
2001-11-01,20.204999923706055,20.954999923706055,20.204999923706055,20.8799991607666,10.762713432312012,142000
2001-11-02,20.834999084472656,20.84000015258789,20.200000762939453,20.200000762939453,10.41220474243164,224400
2001-11-05,20.200000762939453,20.350000381469727,19.5,19.75,10.180254936218262,230600
2001-11-06,19.75,19.950000762939453,19.600000381469727,19.924999237060547,10.27045726776123,201400
2001-11-07,19.975000381469727,20.114999771118164,19.850000381469727,19.950000762939453,10.283337593078613,117600
2001-11-08,19.950000762939453,20.125,19.950000762939453,20.094999313354492,10.358080863952637,110200
2001-11-09,20.059999465942383,20.200000762939453,19.875,19.950000762939453,10.283337593078613,98400
2001-11-12,20.0,20.075000762939453,19.93000030517578,19.9950008392334,10.306537628173828,78200
2001-11-13,20.0,20.19499969482422,19.985000610351562,20.19499969482422,10.409626007080078,204600
2001-11-14,20.19499969482422,20.610000610351562,20.19499969482422,20.600000381469727,10.618386268615723,68000
2001-11-15,20.59000015258789,20.700000762939453,20.549999237060547,20.549999237060547,10.592611312866211,109200
2001-11-16,20.625,21.600000381469727,20.625,21.5,11.082296371459961,295400
2001-11-19,21.5,22.4950008392334,21.5,22.235000610351562,11.461155891418457,385000
2001-11-20,22.235000610351562,22.325000762939453,21.549999237060547,21.975000381469727,11.32713794708252,201800
2001-11-21,21.950000762939453,21.985000610351562,21.5,21.709999084472656,11.190537452697754,75600
2001-11-23,21.75,22.295000076293945,21.75,22.290000915527344,11.489506721496582,60800
2001-11-26,22.190000534057617,22.375,21.950000762939453,21.950000762939453,11.314248085021973,127400
2001-11-27,21.950000762939453,22.325000762939453,21.674999237060547,22.18000030517578,11.432807922363281,226400
2001-11-28,22.149999618530273,22.5,21.850000381469727,21.875,11.275589942932129,136600
2001-11-29,21.8799991607666,21.9950008392334,21.100000381469727,21.815000534057617,11.24466609954834,238400
2001-11-30,21.940000534057617,21.9950008392334,21.549999237060547,21.905000686645508,11.291057586669922,170200
2001-12-03,21.875,21.969999313354492,21.684999465942383,21.959999084472656,11.319402694702148,137800
2001-12-04,21.959999084472656,22.290000915527344,21.959999084472656,22.290000915527344,11.489506721496582,165400
2001-12-05,22.28499984741211,22.950000762939453,22.28499984741211,22.725000381469727,11.713727951049805,256800
2001-12-06,22.670000076293945,23.049999237060547,22.670000076293945,23.049999237060547,11.881250381469727,330200
2001-12-07,23.040000915527344,23.5,22.934999465942383,23.5,12.113207817077637,266200
2001-12-10,23.475000381469727,23.825000762939453,22.875,23.25,11.98434066772461,606800
2001-12-11,23.25,23.75,23.25,23.649999618530273,12.19052505493164,300400
2001-12-12,23.649999618530273,23.649999618530273,23.25,23.459999084472656,12.092592239379883,208200
2001-12-13,23.459999084472656,23.674999237060547,23.350000381469727,23.450000762939453,12.08743667602539,93600
2001-12-14,23.424999237060547,23.600000381469727,23.0,23.0,11.855477333068848,181800
2001-12-17,23.0,23.235000610351562,22.889999389648438,23.170000076293945,11.943111419677734,217400
2001-12-18,23.170000076293945,23.350000381469727,23.170000076293945,23.350000381469727,12.035889625549316,223600
2001-12-19,23.315000534057617,23.31999969482422,23.024999618530273,23.235000610351562,11.976614952087402,171800
2001-12-20,23.424999237060547,23.5,22.885000228881836,22.885000228881836,11.796201705932617,153000
2001-12-21,22.90999984741211,22.915000915527344,22.25,22.31999969482422,11.504968643188477,773800
2001-12-24,22.31999969482422,22.78499984741211,22.200000762939453,22.774999618530273,11.739502906799316,83600
2001-12-26,22.875,23.25,22.844999313354492,23.25,11.98434066772461,101200
2001-12-27,23.174999237060547,23.5,23.075000762939453,23.389999389648438,12.056507110595703,214000
2001-12-28,23.350000381469727,23.485000610351562,23.270000457763672,23.450000762939453,12.08743667602539,110600
2001-12-31,23.424999237060547,23.885000228881836,23.225000381469727,23.799999237060547,12.267840385437012,221000
2002-01-02,23.75,23.75,23.0,23.40999984741211,12.066815376281738,323200
2002-01-03,23.524999618530273,23.850000381469727,23.524999618530273,23.65999984741211,12.195683479309082,176600
2002-01-04,23.700000762939453,23.920000076293945,23.5,23.545000076293945,12.136404991149902,166400
2002-01-07,23.549999237060547,23.645000457763672,23.424999237060547,23.450000762939453,12.08743667602539,124200
2002-01-08,23.325000762939453,23.450000762939453,23.100000381469727,23.2450008392334,11.98176383972168,240600
2002-01-09,23.299999237060547,23.299999237060547,23.114999771118164,23.149999618530273,11.932804107666016,227400
2002-01-10,23.139999389648438,23.19499969482422,22.764999389648438,22.920000076293945,11.814242362976074,139800
2002-01-11,22.875,23.024999618530273,22.825000762939453,22.829999923706055,11.767851829528809,173800
2002-01-14,22.799999237060547,22.809999465942383,22.350000381469727,22.350000381469727,11.520434379577637,668600
2002-01-15,22.424999237060547,22.59000015258789,22.424999237060547,22.549999237060547,11.623527526855469,239200
2002-01-16,22.600000381469727,22.600000381469727,22.350000381469727,22.395000457763672,11.543628692626953,414000
2002-01-17,22.395000457763672,22.399999618530273,21.950000762939453,22.020000457763672,11.350334167480469,422800
2002-01-18,22.075000762939453,22.25,21.549999237060547,21.764999389648438,11.218887329101562,474600
2002-01-22,21.25,21.825000762939453,21.25,21.735000610351562,11.2034273147583,450800
2002-01-23,21.825000762939453,22.489999771118164,21.825000762939453,22.450000762939453,11.571979522705078,190000
2002-01-24,22.424999237060547,23.155000686645508,22.350000381469727,23.1299991607666,11.922487258911133,261400
2002-01-25,23.274999618530273,24.0,23.165000915527344,23.850000381469727,12.29361629486084,264200
2002-01-28,23.850000381469727,24.100000381469727,23.469999313354492,23.565000534057617,12.146711349487305,477200
2002-01-29,23.549999237060547,23.639999389648438,22.920000076293945,23.25,11.98434066772461,229400
2002-01-30,23.274999618530273,23.6200008392334,23.024999618530273,23.559999465942383,12.144135475158691,216000
2002-01-31,23.625,23.799999237060547,23.53499984741211,23.795000076293945,12.265266418457031,414000
2002-02-01,23.75,23.8799991607666,23.549999237060547,23.725000381469727,12.2291841506958,379200
2002-02-04,23.764999389648438,23.94499969482422,23.610000610351562,23.639999389648438,12.185371398925781,299400
2002-02-05,23.639999389648438,23.670000076293945,23.399999618530273,23.549999237060547,12.1389799118042,108200
2002-02-06,23.600000381469727,23.610000610351562,23.399999618530273,23.479999542236328,12.102898597717285,708200
2002-02-07,23.5049991607666,23.614999771118164,23.399999618530273,23.540000915527344,12.133827209472656,447000
2002-02-08,23.5,23.924999237060547,23.5,23.924999237060547,12.332271575927734,276400
2002-02-11,23.889999389648438,24.100000381469727,23.799999237060547,23.979999542236328,12.360625267028809,379800
2002-02-12,24.100000381469727,24.360000610351562,24.010000228881836,24.135000228881836,12.440521240234375,403000
2002-02-13,24.165000915527344,24.4950008392334,24.165000915527344,24.4950008392334,12.626091003417969,189200
2002-02-14,24.4950008392334,24.4950008392334,24.045000076293945,24.165000915527344,12.455988883972168,329400
2002-02-15,24.125,24.184999465942383,23.875,23.950000762939453,12.34516429901123,135600
2002-02-19,23.950000762939453,23.950000762939453,22.84000015258789,23.1200008392334,11.917330741882324,235200
2002-02-20,23.149999618530273,23.149999618530273,22.770000457763672,23.125,11.919914245605469,315800
2002-02-21,23.274999618530273,23.299999237060547,22.75,22.815000534057617,11.760119438171387,259600
2002-02-22,22.75,22.75,22.420000076293945,22.604999542236328,11.651870727539062,268600
2002-02-25,22.635000228881836,22.69499969482422,22.375,22.53499984741211,11.61579418182373,283400
2002-02-26,22.53499984741211,23.200000762939453,22.530000686645508,23.170000076293945,11.943111419677734,221200
2002-02-27,23.295000076293945,23.6299991607666,23.295000076293945,23.6299991607666,12.180217742919922,299800
2002-02-28,23.600000381469727,23.600000381469727,23.450000762939453,23.5049991607666,12.115787506103516,369000
2002-03-01,23.469999313354492,23.915000915527344,23.424999237060547,23.8700008392334,12.303925514221191,220000
2002-03-04,23.8700008392334,24.0,23.78499984741211,23.950000762939453,12.34516429901123,198400
2002-03-05,23.915000915527344,23.915000915527344,23.350000381469727,23.540000915527344,12.133827209472656,215400
2002-03-06,23.600000381469727,23.809999465942383,23.575000762939453,23.799999237060547,12.267840385437012,128200
2002-03-07,23.75,23.795000076293945,23.5,23.520000457763672,12.123517036437988,145800
2002-03-08,23.645000457763672,23.725000381469727,23.190000534057617,23.3700008392334,12.046194076538086,175800
2002-03-11,23.375,23.729999542236328,23.334999084472656,23.635000228881836,12.182793617248535,350800
2002-03-12,23.600000381469727,24.010000228881836,23.549999237060547,23.709999084472656,12.221454620361328,168200
2002-03-13,23.649999618530273,23.649999618530273,23.25,23.450000762939453,12.08743667602539,203200
2002-03-14,23.450000762939453,23.649999618530273,23.315000534057617,23.405000686645508,12.064239501953125,295200
2002-03-15,23.389999389648438,23.725000381469727,23.389999389648438,23.649999618530273,12.19052505493164,255800
2002-03-18,23.524999618530273,23.954999923706055,23.5049991607666,23.954999923706055,12.347738265991211,239400
2002-03-19,23.5,23.540000915527344,22.799999237060547,22.985000610351562,11.847749710083008,622800
2002-03-20,22.985000610351562,22.985000610351562,21.274999618530273,21.735000610351562,11.2034273147583,1269600
2002-03-21,21.825000762939453,22.75,21.825000762939453,22.735000610351562,11.718887329101562,574600
2002-03-22,22.899999618530273,22.94499969482422,22.5,22.5,11.597752571105957,247600
2002-03-25,22.375,22.549999237060547,21.94499969482422,22.25,11.468890190124512,399400
2002-03-26,22.174999237060547,22.725000381469727,22.174999237060547,22.69499969482422,11.698266983032227,122200
2002-03-27,22.625,23.21500015258789,22.625,23.190000534057617,11.95341682434082,196600
2002-03-28,23.190000534057617,23.190000534057617,22.825000762939453,22.889999389648438,11.798783302307129,178800
2002-04-01,22.899999618530273,22.899999618530273,22.200000762939453,22.5,11.597752571105957,288800
2002-04-02,22.549999237060547,22.80500030517578,22.450000762939453,22.665000915527344,11.682806968688965,158400
2002-04-03,22.649999618530273,22.735000610351562,22.350000381469727,22.3700008392334,11.530740737915039,104600
2002-04-04,22.3799991607666,22.600000381469727,22.315000534057617,22.440000534057617,11.56682300567627,229000
2002-04-05,22.415000915527344,22.510000228881836,22.325000762939453,22.364999771118164,11.528165817260742,240400
2002-04-08,22.34000015258789,22.625,22.149999618530273,22.604999542236328,11.651870727539062,134000
2002-04-09,22.5049991607666,23.010000228881836,22.5049991607666,22.9950008392334,11.852901458740234,172800
2002-04-10,22.975000381469727,23.125,22.81999969482422,22.81999969482422,11.762697219848633,114800
2002-04-11,22.81999969482422,22.81999969482422,22.604999542236328,22.604999542236328,11.651870727539062,108400
2002-04-12,22.729999542236328,22.735000610351562,22.350000381469727,22.6200008392334,11.659605026245117,114200
2002-04-15,22.649999618530273,22.649999618530273,22.329999923706055,22.459999084472656,11.577138900756836,122200
2002-04-16,22.424999237060547,22.584999084472656,22.299999237060547,22.4950008392334,11.595173835754395,77800
2002-04-17,22.4950008392334,22.514999389648438,22.399999618530273,22.46500015258789,11.57970905303955,70000
2002-04-18,22.565000534057617,22.760000228881836,22.424999237060547,22.709999084472656,11.705994606018066,205000
2002-04-19,22.760000228881836,22.760000228881836,22.475000381469727,22.5,11.597752571105957,118800
2002-04-22,22.5,22.549999237060547,21.735000610351562,21.7450008392334,11.208580017089844,184000
2002-04-23,21.700000762939453,21.940000534057617,21.299999237060547,21.604999542236328,11.136417388916016,304600
2002-04-24,21.549999237060547,21.875,21.18000030517578,21.875,11.275589942932129,402600
2002-04-25,22.0,23.25,22.0,23.170000076293945,11.943111419677734,618400
2002-04-26,23.170000076293945,23.81999969482422,22.850000381469727,23.68000030517578,12.205988883972168,507200
2002-04-29,23.625,23.625,23.350000381469727,23.56999969482422,12.14928913116455,463600
2002-04-30,23.56999969482422,23.969999313354492,23.5049991607666,23.854999542236328,12.296191215515137,214000
2002-05-01,23.860000610351562,24.18000030517578,23.584999084472656,24.049999237060547,12.396708488464355,337000
2002-05-02,24.049999237060547,24.25,23.969999313354492,24.200000762939453,12.474024772644043,278600
2002-05-03,24.200000762939453,24.65999984741211,24.200000762939453,24.65999984741211,12.711141586303711,409000
2002-05-06,24.65999984741211,24.790000915527344,24.514999389648438,24.69499969482422,12.729179382324219,307400
2002-05-07,24.700000762939453,24.975000381469727,24.520000457763672,24.799999237060547,12.78330135345459,401600
2002-05-08,24.924999237060547,25.049999237060547,24.670000076293945,24.90999984741211,12.839996337890625,298400
2002-05-09,24.924999237060547,25.375,24.8799991607666,25.174999237060547,12.976595878601074,248600
2002-05-10,25.174999237060547,25.174999237060547,24.454999923706055,24.4950008392334,12.626091003417969,160000
2002-05-13,24.549999237060547,24.59000015258789,24.200000762939453,24.4950008392334,12.626091003417969,190400
2002-05-14,24.524999618530273,24.524999618530273,24.30500030517578,24.520000457763672,12.638973236083984,196600
2002-05-15,24.520000457763672,24.649999618530273,24.184999465942383,24.31999969482422,12.535883903503418,163400
2002-05-16,24.299999237060547,24.524999618530273,24.225000381469727,24.235000610351562,12.492066383361816,132800
2002-05-17,24.235000610351562,24.469999313354492,23.899999618530273,24.389999389648438,12.571964263916016,291600
2002-05-20,24.274999618530273,24.274999618530273,23.7549991607666,23.790000915527344,12.262687683105469,128200
2002-05-21,23.940000534057617,24.184999465942383,23.790000915527344,23.875,12.306501388549805,258800
2002-05-22,23.725000381469727,23.799999237060547,23.350000381469727,23.44499969482422,12.084859848022461,152800
2002-05-23,23.399999618530273,23.46500015258789,22.905000686645508,23.424999237060547,12.074552536010742,501600
2002-05-24,23.489999771118164,23.674999237060547,23.389999389648438,23.5,12.113207817077637,122200
2002-05-28,23.524999618530273,23.690000534057617,23.280000686645508,23.690000534057617,12.211142539978027,167600
2002-05-29,23.565000534057617,23.565000534057617,22.875,22.885000228881836,11.796201705932617,129200
2002-05-30,22.760000228881836,23.274999618530273,22.760000228881836,23.229999542236328,11.974032402038574,281000
2002-05-31,23.229999542236328,23.704999923706055,23.225000381469727,23.424999237060547,12.074552536010742,200000
2002-06-03,23.43000030517578,23.565000534057617,23.139999389648438,23.145000457763672,11.930218696594238,138800
2002-06-04,23.100000381469727,23.100000381469727,22.75,22.850000381469727,11.778160095214844,182000
2002-06-05,22.950000762939453,23.219999313354492,22.924999237060547,23.084999084472656,11.8992919921875,120200
2002-06-06,23.040000915527344,23.040000915527344,22.704999923706055,22.829999923706055,11.767851829528809,144600
2002-06-07,22.704999923706055,23.5,22.649999618530273,23.329999923706055,12.02558422088623,147000
2002-06-10,23.280000686645508,23.280000686645508,22.93000030517578,22.934999465942383,11.82197093963623,188200
2002-06-11,22.829999923706055,23.014999389648438,22.5,22.5049991607666,11.600329399108887,124200
2002-06-12,22.3799991607666,22.700000762939453,22.114999771118164,22.649999618530273,11.675068855285645,232400
2002-06-13,22.600000381469727,22.670000076293945,21.725000381469727,21.7450008392334,11.208580017089844,229200
2002-06-14,21.725000381469727,21.725000381469727,21.100000381469727,21.19499969482422,10.925087928771973,299200
2002-06-17,21.524999618530273,22.149999618530273,21.524999618530273,22.125,11.404459953308105,805000
2002-06-18,22.174999237060547,22.3799991607666,22.079999923706055,22.274999618530273,11.481771469116211,422400
2002-06-19,22.190000534057617,22.790000915527344,22.184999465942383,22.399999618530273,11.546204566955566,166400
2002-06-20,22.405000686645508,22.610000610351562,22.309999465942383,22.309999465942383,11.4998140335083,172400
2002-06-21,22.315000534057617,22.44499969482422,21.875,21.875,11.275589942932129,280200
2002-06-24,21.84000015258789,21.850000381469727,21.2549991607666,21.5049991607666,11.084872245788574,381400
2002-06-25,21.545000076293945,21.639999389648438,21.46500015258789,21.549999237060547,11.108068466186523,234800
2002-06-26,21.5,21.75,21.325000762939453,21.670000076293945,11.169919967651367,415200
2002-06-27,22.0,22.850000381469727,22.0,22.799999237060547,11.752387046813965,410600
2002-06-28,22.75,23.610000610351562,22.700000762939453,22.700000762939453,11.70084285736084,669200
2002-07-01,22.600000381469727,23.05500030517578,22.450000762939453,22.649999618530273,11.675068855285645,327400
2002-07-02,22.674999237060547,22.674999237060547,21.625,21.704999923706055,11.187967300415039,257800
2002-07-03,21.729999542236328,21.799999237060547,21.145000457763672,21.440000534057617,11.051366806030273,316600
2002-07-05,21.475000381469727,22.014999389648438,21.475000381469727,21.975000381469727,11.32713794708252,199400
2002-07-08,22.049999237060547,22.079999923706055,21.854999542236328,21.924999237060547,11.301363945007324,177400
2002-07-09,21.940000534057617,21.950000762939453,21.709999084472656,21.809999465942383,11.242087364196777,146200
2002-07-10,21.684999465942383,21.690000534057617,21.25,21.334999084472656,10.997246742248535,219600
2002-07-11,21.325000762939453,21.405000686645508,20.21500015258789,20.899999618530273,10.773017883300781,264400
2002-07-12,20.885000228881836,20.889999389648438,20.200000762939453,20.2450008392334,10.435404777526855,381000
2002-07-15,20.2450008392334,20.2450008392334,18.829999923706055,19.575000762939453,10.090044021606445,265000
2002-07-16,19.625,19.674999237060547,19.274999618530273,19.299999237060547,9.948286056518555,260600
2002-07-17,19.350000381469727,19.600000381469727,19.25,19.3700008392334,9.984376907348633,171400
2002-07-18,19.3700008392334,19.3700008392334,18.979999542236328,19.0,9.793657302856445,131600
2002-07-19,18.9950008392334,18.9950008392334,18.295000076293945,18.44499969482422,9.50757884979248,217800
2002-07-22,18.549999237060547,18.725000381469727,17.399999618530273,17.71500015258789,9.13129711151123,219600
2002-07-23,17.96500015258789,18.53499984741211,17.96500015258789,18.190000534057617,9.376137733459473,283600
2002-07-24,18.200000762939453,19.125,18.049999237060547,19.079999923706055,9.8348970413208,267400
2002-07-25,19.375,21.704999923706055,19.375,21.15999984741211,10.9070405960083,750800
2002-07-26,21.375,22.625,21.315000534057617,22.174999237060547,11.430232048034668,636800
2002-07-29,22.25,23.2450008392334,22.225000381469727,23.100000381469727,11.907026290893555,422600
2002-07-30,23.100000381469727,23.59000015258789,22.71500015258789,22.834999084472656,11.770431518554688,602000
2002-07-31,22.84000015258789,23.200000762939453,22.524999618530273,22.75,11.726613998413086,428000
2002-08-01,22.674999237060547,22.96500015258789,22.354999542236328,22.69499969482422,11.698266983032227,599400
2002-08-02,22.625,22.875,22.485000610351562,22.604999542236328,11.651870727539062,354000
2002-08-05,22.524999618530273,22.815000534057617,22.43000030517578,22.43000030517578,11.561667442321777,191800
2002-08-06,22.5,22.975000381469727,22.5,22.844999313354492,11.775582313537598,427800
2002-08-07,22.850000381469727,23.239999771118164,22.545000076293945,23.204999923706055,11.961146354675293,139600
2002-08-08,23.25,23.450000762939453,22.829999923706055,23.420000076293945,12.071969985961914,142200
2002-08-09,23.399999618530273,23.915000915527344,23.315000534057617,23.665000915527344,12.198257446289062,207200
2002-08-12,23.625,24.469999313354492,23.530000686645508,24.290000915527344,12.520416259765625,161800
2002-08-13,24.274999618530273,24.375,23.96500015258789,24.010000228881836,12.376091957092285,211800
2002-08-14,24.024999618530273,24.44499969482422,23.549999237060547,24.350000381469727,12.551345825195312,155800
2002-08-15,24.475000381469727,24.700000762939453,24.209999084472656,24.69499969482422,12.729179382324219,241800
2002-08-16,24.700000762939453,24.739999771118164,24.0,24.280000686645508,12.515264511108398,286600
2002-08-19,24.299999237060547,24.325000762939453,23.790000915527344,23.96500015258789,12.35289192199707,405600
2002-08-20,23.975000381469727,24.100000381469727,23.700000762939453,24.06999969482422,12.407015800476074,231000
2002-08-21,24.125,24.200000762939453,23.94499969482422,24.200000762939453,12.474024772644043,147800
2002-08-22,24.200000762939453,24.649999618530273,24.049999237060547,24.600000381469727,12.680211067199707,189400
2002-08-23,24.65999984741211,24.65999984741211,24.274999618530273,24.274999618530273,12.512686729431152,104400
2002-08-26,24.299999237060547,24.540000915527344,24.0,24.540000915527344,12.649279594421387,136600
2002-08-27,24.600000381469727,24.6299991607666,24.350000381469727,24.420000076293945,12.587428092956543,316000
2002-08-28,24.395000457763672,24.489999771118164,24.235000610351562,24.239999771118164,12.494646072387695,232000
2002-08-29,24.315000534057617,24.344999313354492,24.0,24.125,12.435367584228516,185200
2002-08-30,24.125,24.524999618530273,23.850000381469727,24.364999771118164,12.559076309204102,245200
2002-09-03,24.489999771118164,24.489999771118164,23.274999618530273,23.3799991607666,12.051347732543945,712600
2002-09-04,23.399999618530273,24.0,23.399999618530273,24.0,12.370929718017578,268600
2002-09-05,23.399999618530273,24.100000381469727,23.385000228881836,23.604999542236328,12.167332649230957,218600
2002-09-06,23.625,24.1200008392334,23.625,24.0,12.370929718017578,244000
2002-09-09,24.0,24.735000610351562,23.764999389648438,24.399999618530273,12.577119827270508,234200
2002-09-10,24.40999984741211,24.75,24.40999984741211,24.549999237060547,12.65442943572998,180200
2002-09-11,24.565000534057617,24.56999969482422,23.934999465942383,24.264999389648438,12.50753116607666,518800
2002-09-12,24.225000381469727,24.225000381469727,23.344999313354492,23.350000381469727,12.035889625549316,321000
2002-09-13,22.850000381469727,22.854999542236328,21.5,21.5,11.082296371459961,1220200
2002-09-16,21.5,21.934999465942383,21.149999618530273,21.739999771118164,11.206007957458496,589200
2002-09-17,21.739999771118164,22.584999084472656,21.600000381469727,22.165000915527344,11.425071716308594,388000
2002-09-18,22.100000381469727,22.5,21.614999771118164,21.875,11.275589942932129,403200
2002-09-19,21.875,22.485000610351562,21.795000076293945,22.19499969482422,11.440532684326172,308800
2002-09-20,22.200000762939453,22.25,21.885000228881836,22.024999618530273,11.352914810180664,366000
2002-09-23,21.899999618530273,21.905000686645508,21.0049991607666,21.200000762939453,10.92765998840332,541000
2002-09-24,20.950000762939453,20.950000762939453,20.559999465942383,20.610000610351562,10.623541831970215,313600
2002-09-25,20.200000762939453,21.264999389648438,20.200000762939453,21.2549991607666,10.956012725830078,594200
2002-09-26,22.450000762939453,22.975000381469727,21.649999618530273,21.989999771118164,11.334868431091309,1200800
2002-09-27,22.075000762939453,22.174999237060547,20.90999984741211,21.100000381469727,10.876111030578613,742600
2002-09-30,20.850000381469727,20.985000610351562,20.59000015258789,20.844999313354492,10.744668006896973,1361400
2002-10-01,20.850000381469727,23.299999237060547,20.850000381469727,23.200000762939453,11.958569526672363,1652200
2002-10-02,23.075000762939453,23.665000915527344,22.950000762939453,22.959999084472656,11.83486270904541,1019400
2002-10-03,23.0,23.225000381469727,22.725000381469727,22.889999389648438,11.798783302307129,345800
2002-10-04,22.860000610351562,22.895000457763672,21.764999389648438,21.770000457763672,11.221467018127441,920600
2002-10-07,21.725000381469727,22.170000076293945,21.524999618530273,21.934999465942383,11.3065185546875,399400
2002-10-08,22.075000762939453,22.18000030517578,21.725000381469727,22.100000381469727,11.391568183898926,513400
2002-10-09,22.0,22.329999923706055,21.885000228881836,22.094999313354492,11.388992309570312,433000
2002-10-10,21.75,22.700000762939453,21.665000915527344,22.625,11.662184715270996,447800
2002-10-11,22.739999771118164,23.25,22.575000762939453,22.9950008392334,11.852901458740234,415600
2002-10-14,22.979999542236328,23.549999237060547,22.799999237060547,23.424999237060547,12.074552536010742,295200
2002-10-15,23.450000762939453,23.899999618530273,23.450000762939453,23.899999618530273,12.319391250610352,498200
2002-10-16,23.875,23.875,23.375,23.375,12.048774719238281,146800
2002-10-17,23.450000762939453,23.834999084472656,23.450000762939453,23.700000762939453,12.216299057006836,293400
2002-10-18,23.674999237060547,24.125,23.540000915527344,23.84000015258789,12.288460731506348,226000
2002-10-21,23.8700008392334,24.25,23.860000610351562,24.25,12.499804496765137,312000
2002-10-22,24.200000762939453,24.204999923706055,23.80500030517578,23.825000762939453,12.280729293823242,244000
2002-10-23,23.764999389648438,23.989999771118164,23.545000076293945,23.780000686645508,12.257534980773926,239000
2002-10-24,23.795000076293945,23.795000076293945,23.350000381469727,23.475000381469727,12.100323677062988,242600
2002-10-25,23.475000381469727,23.475000381469727,22.950000762939453,22.989999771118164,11.850324630737305,380200
2002-10-28,23.040000915527344,23.174999237060547,22.704999923706055,22.790000915527344,11.747231483459473,359400
2002-10-29,22.700000762939453,22.700000762939453,21.975000381469727,22.40999984741211,11.551360130310059,425400
2002-10-30,22.424999237060547,22.75,22.420000076293945,22.75,11.726613998413086,307800
2002-10-31,23.375,23.899999618530273,23.299999237060547,23.799999237060547,12.267840385437012,449200
2002-11-01,23.739999771118164,24.549999237060547,23.725000381469727,24.274999618530273,12.512686729431152,682800
2002-11-04,24.375,24.434999465942383,23.739999771118164,23.950000762939453,12.34516429901123,275800
2002-11-05,23.875,24.165000915527344,23.8700008392334,23.940000534057617,12.340006828308105,262400
2002-11-06,23.954999923706055,24.25,23.399999618530273,24.225000381469727,12.486915588378906,440200
2002-11-07,24.21500015258789,24.350000381469727,23.825000762939453,23.924999237060547,12.332271575927734,223200
2002-11-08,23.93000030517578,24.049999237060547,23.549999237060547,23.649999618530273,12.19052505493164,220400
2002-11-11,23.674999237060547,23.725000381469727,23.280000686645508,23.350000381469727,12.035889625549316,217600
2002-11-12,23.350000381469727,23.510000228881836,23.28499984741211,23.399999618530273,12.061661720275879,249000
2002-11-13,23.405000686645508,23.459999084472656,23.065000534057617,23.174999237060547,11.94568157196045,264200
2002-11-14,23.25,23.489999771118164,23.25,23.420000076293945,12.071969985961914,157800
2002-11-15,23.325000762939453,23.575000762939453,23.30500030517578,23.395000457763672,12.059086799621582,249600
2002-11-18,23.424999237060547,23.68000030517578,23.350000381469727,23.545000076293945,12.136404991149902,209600
2002-11-19,23.545000076293945,23.575000762939453,23.219999313354492,23.360000610351562,12.041044235229492,239200
2002-11-20,23.485000610351562,23.485000610351562,23.040000915527344,23.084999084472656,11.8992919921875,615000
2002-11-21,23.100000381469727,23.799999237060547,23.100000381469727,23.71500015258789,12.224026679992676,672600
2002-11-22,23.725000381469727,24.18000030517578,23.655000686645508,23.875,12.306501388549805,362000
2002-11-25,24.0,24.2450008392334,23.975000381469727,24.125,12.435367584228516,255800
2002-11-26,24.0,24.125,23.899999618530273,24.125,12.435367584228516,149000
2002-11-27,24.125,24.299999237060547,24.125,24.260000228881836,12.504951477050781,184400
2002-11-29,24.325000762939453,24.7450008392334,24.309999465942383,24.514999389648438,12.636398315429688,151400
2002-12-02,24.5,24.5049991607666,23.915000915527344,24.264999389648438,12.50753116607666,339400
2002-12-03,24.25,24.5,24.075000762939453,24.475000381469727,12.615778923034668,165200
2002-12-04,24.424999237060547,24.565000534057617,24.18000030517578,24.290000915527344,12.520416259765625,214200
2002-12-05,24.31999969482422,24.549999237060547,24.30500030517578,24.3700008392334,12.56165885925293,117800
2002-12-06,24.25,24.575000762939453,24.209999084472656,24.420000076293945,12.587428092956543,259200
2002-12-09,24.375,24.375,24.0,24.0,12.370929718017578,174600
2002-12-10,24.06999969482422,24.6299991607666,24.03499984741211,24.559999465942383,12.659595489501953,255000
2002-12-11,24.575000762939453,25.125,24.565000534057617,24.985000610351562,12.878661155700684,287200
2002-12-12,25.174999237060547,25.19499969482422,24.81999969482422,24.854999542236328,12.811647415161133,164000
2002-12-13,24.854999542236328,24.924999237060547,24.5,24.579999923706055,12.669898986816406,213000
2002-12-16,24.649999618530273,24.905000686645508,24.645000457763672,24.844999313354492,12.80649185180664,188000
2002-12-17,24.774999618530273,25.0,24.600000381469727,24.600000381469727,12.680211067199707,128200
2002-12-18,24.604999542236328,24.704999923706055,24.43000030517578,24.459999084472656,12.608046531677246,149200
2002-12-19,24.459999084472656,24.53499984741211,24.295000076293945,24.424999237060547,12.590004920959473,198800
2002-12-20,24.424999237060547,24.764999389648438,24.405000686645508,24.565000534057617,12.6621675491333,189000
2002-12-23,24.575000762939453,24.649999618530273,24.399999618530273,24.479999542236328,12.618352890014648,113600
2002-12-24,24.354999542236328,24.59000015258789,24.329999923706055,24.524999618530273,12.641549110412598,37000
2002-12-26,24.549999237060547,24.7549991607666,24.424999237060547,24.524999618530273,12.641549110412598,124600
2002-12-27,24.545000076293945,24.725000381469727,24.459999084472656,24.469999313354492,12.613197326660156,126800
2002-12-30,24.549999237060547,24.549999237060547,24.25,24.450000762939453,12.602890014648438,121000
2002-12-31,24.5,24.700000762939453,24.5,24.520000457763672,12.638973236083984,136000
2003-01-02,24.645000457763672,24.975000381469727,24.600000381469727,24.950000762939453,12.86062240600586,469800
2003-01-03,24.950000762939453,24.9950008392334,24.729999542236328,24.774999618530273,12.770407676696777,574000
2003-01-06,24.799999237060547,24.975000381469727,24.774999618530273,24.924999237060547,12.847728729248047,363600
2003-01-07,24.924999237060547,24.959999084472656,24.799999237060547,24.860000610351562,12.814224243164062,248800
2003-01-08,24.864999771118164,25.389999389648438,24.700000762939453,25.364999771118164,13.074530601501465,974000
2003-01-09,26.0,26.950000762939453,25.78499984741211,26.895000457763672,13.86318588256836,1149600
2003-01-10,26.875,27.219999313354492,26.450000762939453,27.139999389648438,13.98946762084961,614600
2003-01-13,27.25,27.795000076293945,27.25,27.420000076293945,14.133787155151367,1033800
2003-01-14,27.5,27.875,27.350000381469727,27.594999313354492,14.223998069763184,788600
2003-01-15,27.600000381469727,27.799999237060547,27.094999313354492,27.155000686645508,13.99720287322998,566800
2003-01-16,27.174999237060547,27.5,27.014999389648438,27.25,14.046165466308594,580600
2003-01-17,27.25,27.475000381469727,26.8799991607666,26.93000030517578,13.881218910217285,328000
2003-01-21,26.959999084472656,27.100000381469727,26.420000076293945,26.479999542236328,13.649263381958008,694800
2003-01-22,26.399999618530273,26.635000228881836,26.200000762939453,26.5,13.65958023071289,505400
2003-01-23,26.5,26.774999618530273,26.200000762939453,26.405000686645508,13.610614776611328,638800
2003-01-24,26.280000686645508,26.280000686645508,25.78499984741211,25.790000915527344,13.293599128723145,385400
2003-01-27,25.450000762939453,25.6299991607666,24.985000610351562,25.014999389648438,12.894124984741211,689800
2003-01-28,25.139999389648438,25.30500030517578,24.899999618530273,24.899999618530273,12.834840774536133,513800
2003-01-29,24.899999618530273,25.389999389648438,24.799999237060547,25.084999084472656,12.930204391479492,468800
2003-01-30,25.149999618530273,25.55500030517578,25.149999618530273,25.25,13.015256881713867,298400
2003-01-31,25.2549991607666,25.674999237060547,25.225000381469727,25.6200008392334,13.205977439880371,343400
2003-02-03,25.625,25.959999084472656,25.579999923706055,25.764999389648438,13.280714988708496,365400
2003-02-04,25.850000381469727,26.440000534057617,25.815000534057617,26.30500030517578,13.559059143066406,750000
2003-02-05,26.30500030517578,26.4950008392334,25.979999542236328,25.985000610351562,13.39411735534668,498600
2003-02-06,25.860000610351562,26.05500030517578,25.75,25.780000686645508,13.2884521484375,200200
2003-02-07,25.84000015258789,25.915000915527344,25.350000381469727,25.350000381469727,13.066801071166992,231800
2003-02-10,25.350000381469727,25.7450008392334,25.350000381469727,25.549999237060547,13.169891357421875,156200
2003-02-11,25.549999237060547,25.924999237060547,25.450000762939453,25.584999084472656,13.187932014465332,464200
2003-02-12,25.575000762939453,25.815000534057617,25.5049991607666,25.530000686645508,13.15958309173584,178000
2003-02-13,25.5,25.649999618530273,25.309999465942383,25.450000762939453,13.118348121643066,241400
2003-02-14,25.424999237060547,25.575000762939453,25.18000030517578,25.575000762939453,13.182781219482422,259600
2003-02-18,25.639999389648438,25.940000534057617,25.639999389648438,25.84000015258789,13.319372177124023,293600
2003-02-19,25.84000015258789,25.864999771118164,25.610000610351562,25.799999237060547,13.298754692077637,230600
2003-02-20,25.725000381469727,25.725000381469727,25.174999237060547,25.280000686645508,13.030716896057129,301400
2003-02-21,25.325000762939453,25.59000015258789,25.31999969482422,25.5,13.144116401672363,184800
2003-02-24,25.5,25.5,25.190000534057617,25.290000915527344,13.035874366760254,195000
2003-02-25,25.290000915527344,25.290000915527344,24.799999237060547,25.204999923706055,12.992058753967285,218800
2003-02-26,25.104999542236328,25.325000762939453,24.885000228881836,24.950000762939453,12.86062240600586,163800
2003-02-27,25.06999969482422,25.204999923706055,25.0,25.155000686645508,12.96628475189209,143400
2003-02-28,25.280000686645508,25.344999313354492,25.125,25.174999237060547,12.976595878601074,158800
2003-03-03,25.25,25.475000381469727,25.030000686645508,25.18000030517578,12.97917366027832,226200
2003-03-04,25.125,25.125,24.274999618530273,24.469999313354492,12.613197326660156,438000
2003-03-05,24.46500015258789,24.829999923706055,24.46500015258789,24.704999923706055,12.73432731628418,278200
2003-03-06,24.709999084472656,24.709999084472656,24.25,24.3700008392334,12.56165885925293,428400
2003-03-07,24.299999237060547,24.334999084472656,24.014999389648438,24.05500030517578,12.399282455444336,501600
2003-03-10,23.93000030517578,24.155000686645508,23.899999618530273,23.920000076293945,12.329696655273438,177000
2003-03-11,23.799999237060547,24.020000457763672,23.71500015258789,23.8700008392334,12.303925514221191,280400
2003-03-12,23.850000381469727,23.90999984741211,23.700000762939453,23.7450008392334,12.239492416381836,275800
2003-03-13,23.844999313354492,24.549999237060547,23.844999313354492,24.28499984741211,12.517840385437012,369600
2003-03-14,24.350000381469727,24.43000030517578,24.260000228881836,24.3700008392334,12.56165885925293,235600
2003-03-17,24.299999237060547,25.170000076293945,24.295000076293945,25.170000076293945,12.974018096923828,196400
2003-03-18,26.0,26.045000076293945,25.264999389648438,25.75,13.272982597351074,595200
2003-03-19,25.649999618530273,25.69499969482422,25.469999313354492,25.65999984741211,13.226588249206543,136400
2003-03-20,25.600000381469727,25.84000015258789,25.405000686645508,25.825000762939453,13.311636924743652,200800
2003-03-21,25.899999618530273,26.649999618530273,25.8700008392334,26.649999618530273,13.736892700195312,443000
2003-03-24,26.575000762939453,26.6200008392334,26.149999618530273,26.274999618530273,13.543599128723145,214200
2003-03-25,26.25,26.399999618530273,25.950000762939453,26.049999237060547,13.427618980407715,310400
2003-03-26,26.0,26.200000762939453,25.899999618530273,26.075000762939453,13.440506935119629,162200
2003-03-27,26.075000762939453,26.40999984741211,25.885000228881836,26.31999969482422,13.56679630279541,206400
2003-03-28,26.28499984741211,26.325000762939453,26.049999237060547,26.2450008392334,13.528133392333984,174600
2003-03-31,26.2450008392334,26.2450008392334,25.875,25.899999618530273,13.350303649902344,234600
2003-04-01,25.924999237060547,26.375,25.885000228881836,26.19499969482422,13.502363204956055,300000
2003-04-02,26.344999313354492,26.700000762939453,26.344999313354492,26.700000762939453,13.762664794921875,226400
2003-04-03,27.024999618530273,27.600000381469727,26.975000381469727,27.530000686645508,14.190500259399414,734000
2003-04-04,27.475000381469727,27.635000228881836,27.049999237060547,27.229999542236328,14.035859107971191,328000
2003-04-07,27.549999237060547,27.96500015258789,27.4950008392334,27.69499969482422,14.275545120239258,498000
2003-04-08,27.850000381469727,27.864999771118164,27.614999771118164,27.829999923706055,14.345123291015625,313000
2003-04-09,27.825000762939453,27.854999542236328,26.53499984741211,26.7450008392334,13.785858154296875,783200
2003-04-10,26.950000762939453,27.674999237060547,26.899999618530273,27.5049991607666,14.177607536315918,517200
2003-04-11,27.649999618530273,27.915000915527344,27.5049991607666,27.565000534057617,14.208529472351074,248400
2003-04-14,27.600000381469727,27.700000762939453,27.360000610351562,27.594999313354492,14.223998069763184,303200
2003-04-15,27.594999313354492,27.899999618530273,27.469999313354492,27.825000762939453,14.342552185058594,286600
2003-04-16,27.825000762939453,27.825000762939453,27.110000610351562,27.375,14.110594749450684,357400
2003-04-17,27.5,27.94499969482422,27.4950008392334,27.915000915527344,14.388948440551758,309600
2003-04-21,27.920000076293945,28.075000762939453,27.610000610351562,27.700000762939453,14.278119087219238,201200
2003-04-22,27.700000762939453,28.5,27.690000534057617,28.5,14.690484046936035,585200
2003-04-23,28.549999237060547,28.75,28.25,28.600000381469727,14.742034912109375,291600
2003-04-24,28.604999542236328,28.829999923706055,27.950000762939453,28.229999542236328,14.551309585571289,619000
2003-04-25,28.354999542236328,28.530000686645508,28.024999618530273,28.475000381469727,14.677597999572754,317400
2003-04-28,28.475000381469727,28.604999542236328,28.424999237060547,28.450000762939453,14.664714813232422,448600
2003-04-29,28.450000762939453,28.899999618530273,28.424999237060547,28.850000381469727,14.870893478393555,507200
2003-04-30,28.854999542236328,28.854999542236328,28.329999923706055,28.475000381469727,14.677597999572754,397800
2003-05-01,28.479999542236328,28.579999923706055,28.225000381469727,28.5049991607666,14.693062782287598,782400
2003-05-02,28.4950008392334,28.5,28.065000534057617,28.399999618530273,14.638938903808594,734800
2003-05-05,28.395000457763672,28.395000457763672,27.475000381469727,27.5,14.175027847290039,875200
2003-05-06,27.5049991607666,27.5049991607666,26.25,27.21500015258789,14.028125762939453,2379400
2003-05-07,27.21500015258789,27.21500015258789,26.649999618530273,26.934999465942383,13.88379955291748,842400
2003-05-08,26.940000534057617,27.260000228881836,26.764999389648438,26.770000457763672,13.798745155334473,366800
2003-05-09,26.825000762939453,27.100000381469727,26.649999618530273,26.75,13.788434982299805,383200
2003-05-12,26.700000762939453,27.5,26.65999984741211,27.450000762939453,14.14925765991211,611600
2003-05-13,27.399999618530273,27.575000762939453,26.774999618530273,26.864999771118164,13.847712516784668,598000
2003-05-14,26.864999771118164,26.885000228881836,26.44499969482422,26.799999237060547,13.814212799072266,666200
2003-05-15,26.799999237060547,26.80500030517578,26.149999618530273,26.325000762939453,13.56937026977539,861000
2003-05-16,26.329999923706055,26.329999923706055,25.899999618530273,26.084999084472656,13.445661544799805,646400
2003-05-19,26.0,26.0049991607666,25.5,25.610000610351562,13.200820922851562,936000
2003-05-20,25.610000610351562,25.829999923706055,24.93000030517578,25.299999237060547,13.041027069091797,1129000
2003-05-21,25.225000381469727,25.25,25.010000228881836,25.200000762939453,12.989483833312988,308000
2003-05-22,25.25,26.049999237060547,25.149999618530273,25.704999923706055,13.249789237976074,801800
2003-05-23,25.600000381469727,25.604999542236328,24.84000015258789,25.149999618530273,12.96370792388916,1039200
2003-05-27,25.0,25.799999237060547,24.75,25.75,13.272982597351074,1036600
2003-05-28,25.7549991607666,25.950000762939453,25.174999237060547,25.225000381469727,13.002372741699219,902200
2003-05-29,25.200000762939453,25.43000030517578,24.125,24.299999237060547,12.525569915771484,1647800
2003-05-30,24.25,24.7549991607666,23.915000915527344,24.75,12.757530212402344,1582800
2003-06-02,24.75,24.8700008392334,24.28499984741211,24.440000534057617,12.597739219665527,1084600
2003-06-03,24.399999618530273,24.44499969482422,23.709999084472656,23.940000534057617,12.340006828308105,782200
2003-06-04,23.950000762939453,24.725000381469727,23.924999237060547,24.200000762939453,12.474024772644043,1868000
2003-06-05,24.25,24.5,23.875,24.0,12.370929718017578,905800
2003-06-06,24.25,24.625,24.049999237060547,24.100000381469727,12.42248249053955,1016400
2003-06-09,24.100000381469727,24.125,22.899999618530273,23.325000762939453,12.023002624511719,1441600
2003-06-10,23.200000762939453,23.649999618530273,23.024999618530273,23.399999618530273,12.061661720275879,618800
2003-06-11,23.524999618530273,23.989999771118164,23.450000762939453,23.93000030517578,12.33485221862793,718000
2003-06-12,23.80500030517578,24.125,23.75,23.854999542236328,12.296191215515137,672400
2003-06-13,23.899999618530273,24.024999618530273,23.524999618530273,23.7450008392334,12.239492416381836,569400
2003-06-16,23.8700008392334,23.915000915527344,23.625,23.8700008392334,12.303925514221191,530600
2003-06-17,24.024999618530273,24.75,23.815000534057617,24.674999237060547,12.718867301940918,1125600
2003-06-18,24.549999237060547,24.850000381469727,24.399999618530273,24.479999542236328,12.618352890014648,849200
2003-06-19,24.530000686645508,24.530000686645508,23.625,23.700000762939453,12.216299057006836,667600
2003-06-20,23.825000762939453,24.260000228881836,23.795000076293945,24.104999542236328,12.425056457519531,631600
2003-06-23,24.104999542236328,24.104999542236328,23.674999237060547,23.975000381469727,12.358046531677246,680600
2003-06-24,24.049999237060547,24.350000381469727,23.7549991607666,24.174999237060547,12.461142539978027,838400
2003-06-25,24.25,24.450000762939453,24.049999237060547,24.31999969482422,12.535883903503418,540000
2003-06-26,24.19499969482422,24.725000381469727,24.049999237060547,24.674999237060547,12.718867301940918,640200
2003-06-27,24.799999237060547,24.90999984741211,24.584999084472656,24.674999237060547,12.718867301940918,772800
2003-06-30,24.75,24.915000915527344,24.5,24.75,12.757530212402344,661200
2003-07-01,24.625,24.75,24.375,24.739999771118164,12.752368927001953,509400
2003-07-02,24.739999771118164,24.94499969482422,24.524999618530273,24.94499969482422,12.858038902282715,559000
2003-07-03,24.850000381469727,25.424999237060547,24.829999923706055,25.25,13.015256881713867,359000
2003-07-07,25.200000762939453,27.010000228881836,25.125,27.0,13.917303085327148,2123400
2003-07-08,26.7450008392334,27.5049991607666,26.649999618530273,27.0,13.917303085327148,1488200
2003-07-09,27.0,27.125,26.75,27.0,13.917303085327148,931400
2003-07-10,26.950000762939453,26.950000762939453,26.5,26.600000381469727,13.711119651794434,601200
2003-07-11,26.600000381469727,26.719999313354492,26.200000762939453,26.280000686645508,13.546171188354492,479600
2003-07-14,26.385000228881836,27.270000457763672,26.350000381469727,27.075000762939453,13.955964088439941,961200
2003-07-15,27.200000762939453,27.219999313354492,26.825000762939453,26.885000228881836,13.858026504516602,559200
2003-07-16,26.915000915527344,26.950000762939453,26.575000762939453,26.674999237060547,13.749781608581543,343800
2003-07-17,26.674999237060547,26.674999237060547,26.079999923706055,26.079999923706055,13.443082809448242,619600
2003-07-18,26.114999771118164,26.479999542236328,26.040000915527344,26.44499969482422,13.631223678588867,261200
2003-07-21,26.450000762939453,26.450000762939453,26.0049991607666,26.014999389648438,13.409582138061523,245400
2003-07-22,26.049999237060547,26.1200008392334,25.764999389648438,26.030000686645508,13.417309761047363,541000
2003-07-23,26.030000686645508,26.100000381469727,25.924999237060547,26.040000915527344,13.422467231750488,410800
2003-07-24,26.049999237060547,26.674999237060547,26.049999237060547,26.489999771118164,13.654420852661133,622600
2003-07-25,26.450000762939453,26.950000762939453,26.295000076293945,26.774999618530273,13.801321029663086,292400
2003-07-28,26.799999237060547,26.920000076293945,26.700000762939453,26.700000762939453,13.762664794921875,163600
2003-07-29,26.674999237060547,26.674999237060547,26.174999237060547,26.25,13.53071117401123,416400
2003-07-30,26.325000762939453,26.514999389648438,26.325000762939453,26.450000762939453,13.633804321289062,201800
2003-07-31,26.5,26.7450008392334,26.350000381469727,26.5,13.65958023071289,336200
2003-08-01,26.5,26.774999618530273,26.5,26.65999984741211,13.742047309875488,333200
2003-08-04,26.665000915527344,26.885000228881836,26.524999618530273,26.739999771118164,13.783282279968262,302400
2003-08-05,26.790000915527344,26.84000015258789,26.540000915527344,26.575000762939453,13.698229789733887,428600
2003-08-06,26.56999969482422,26.700000762939453,26.299999237060547,26.299999237060547,13.556488037109375,420400
2003-08-07,26.350000381469727,26.44499969482422,26.15999984741211,26.25,13.53071117401123,191000
2003-08-08,26.25,26.350000381469727,26.014999389648438,26.325000762939453,13.56937026977539,231600
2003-08-11,26.25,26.450000762939453,26.09000015258789,26.09000015258789,13.448238372802734,183600
2003-08-12,26.09000015258789,26.5,26.09000015258789,26.479999542236328,13.649263381958008,190200
2003-08-13,26.5,26.625,26.350000381469727,26.454999923706055,13.636382102966309,372400
2003-08-14,26.450000762939453,26.729999542236328,26.389999389648438,26.440000534057617,13.628649711608887,359800
2003-08-15,26.375,26.614999771118164,26.375,26.559999465942383,13.69050121307373,76200
2003-08-18,26.5,27.225000381469727,26.5,27.149999618530273,13.994624137878418,380000
2003-08-19,27.1299991607666,27.475000381469727,27.1299991607666,27.299999237060547,14.071941375732422,332000
2003-08-20,27.40999984741211,27.420000076293945,27.1299991607666,27.184999465942383,14.012665748596191,127000
2003-08-21,27.200000762939453,27.739999771118164,27.200000762939453,27.6200008392334,14.236881256103516,419400
2003-08-22,27.670000076293945,27.8700008392334,27.264999389648438,27.350000381469727,14.097709655761719,316600
2003-08-25,27.424999237060547,27.584999084472656,27.424999237060547,27.524999618530273,14.187919616699219,225600
2003-08-26,27.549999237060547,27.575000762939453,26.975000381469727,27.299999237060547,14.071941375732422,353000
2003-08-27,27.350000381469727,27.75,27.334999084472656,27.709999084472656,14.283276557922363,155600
2003-08-28,27.774999618530273,28.0,27.625,28.0,14.432761192321777,173200
2003-08-29,28.0,28.309999465942383,28.0,28.290000915527344,14.582239151000977,314800
2003-09-02,28.475000381469727,28.700000762939453,28.399999618530273,28.575000762939453,14.729145050048828,292000
2003-09-03,28.575000762939453,28.795000076293945,28.475000381469727,28.475000381469727,14.677597999572754,430800
2003-09-04,28.174999237060547,28.584999084472656,27.950000762939453,28.565000534057617,14.723995208740234,351800
2003-09-05,28.565000534057617,28.610000610351562,28.299999237060547,28.440000534057617,14.659562110900879,199800
2003-09-08,28.5,28.649999618530273,28.385000228881836,28.385000228881836,14.631206512451172,246600
2003-09-09,28.385000228881836,28.385000228881836,28.0,28.229999542236328,14.551309585571289,427800
2003-09-10,28.350000381469727,28.475000381469727,28.100000381469727,28.28499984741211,14.579670906066895,352800
2003-09-11,28.25,28.299999237060547,28.165000915527344,28.270000457763672,14.571937561035156,145000
2003-09-12,28.270000457763672,28.399999618530273,28.145000457763672,28.170000076293945,14.520380973815918,288800
2003-09-15,28.25,28.325000762939453,28.125,28.200000762939453,14.535842895507812,251000
2003-09-16,28.225000381469727,28.25,28.049999237060547,28.135000228881836,14.502346992492676,210800
2003-09-17,28.200000762939453,28.25,28.059999465942383,28.149999618530273,14.5100736618042,203600
2003-09-18,28.125,28.149999618530273,27.825000762939453,27.8700008392334,14.365744590759277,359200
2003-09-19,27.850000381469727,28.0,27.774999618530273,27.774999618530273,14.316780090332031,196400
2003-09-22,27.829999923706055,27.864999771118164,27.31999969482422,27.31999969482422,14.082244873046875,435400
2003-09-23,27.19499969482422,27.600000381469727,27.19499969482422,27.59000015258789,14.22142219543457,316600
2003-09-24,27.565000534057617,27.645000457763672,27.420000076293945,27.450000762939453,14.14925765991211,94800
2003-09-25,27.049999237060547,27.325000762939453,26.725000381469727,26.725000381469727,13.775556564331055,599800
2003-09-26,26.799999237060547,26.915000915527344,26.53499984741211,26.575000762939453,13.698229789733887,262200
2003-09-29,26.625,27.15999984741211,26.625,27.065000534057617,13.950810432434082,232600
2003-09-30,27.125,27.454999923706055,27.010000228881836,27.350000381469727,14.097709655761719,305600
2003-10-01,27.299999237060547,27.649999618530273,27.280000686645508,27.625,14.239463806152344,177000
2003-10-02,27.600000381469727,27.875,27.575000762939453,27.854999542236328,14.358016014099121,112200
2003-10-03,27.875,28.204999923706055,27.8700008392334,27.875,14.368328094482422,133800
2003-10-06,27.875,28.125,27.8700008392334,28.125,14.497190475463867,90800
2003-10-07,28.049999237060547,28.2450008392334,27.954999923706055,28.2450008392334,14.559043884277344,124800
2003-10-08,28.19499969482422,28.225000381469727,27.96500015258789,28.05500030517578,14.461111068725586,161400
2003-10-09,28.125,28.299999237060547,27.875,27.989999771118164,14.427602767944336,128200
2003-10-10,28.049999237060547,28.25,28.014999389648438,28.184999465942383,14.528117179870605,81000
2003-10-13,28.184999465942383,28.559999465942383,28.024999618530273,28.110000610351562,14.489460945129395,126200
2003-10-14,28.225000381469727,28.350000381469727,28.075000762939453,28.2450008392334,14.559043884277344,218200
2003-10-15,28.25,28.295000076293945,28.100000381469727,28.135000228881836,14.502346992492676,149800
2003-10-16,28.135000228881836,28.4950008392334,28.065000534057617,28.40999984741211,14.644091606140137,136000
2003-10-17,28.415000915527344,28.434999465942383,28.200000762939453,28.204999923706055,14.538427352905273,94200
2003-10-20,28.200000762939453,28.200000762939453,27.8799991607666,27.90999984741211,14.386360168457031,124400
2003-10-21,28.024999618530273,28.149999618530273,27.875,27.975000381469727,14.41987133026123,114600
2003-10-22,27.950000762939453,28.360000610351562,27.940000534057617,28.260000228881836,14.566771507263184,211600
2003-10-23,28.0,28.2549991607666,28.0,28.18000030517578,14.525540351867676,152200
2003-10-24,28.174999237060547,28.309999465942383,28.174999237060547,28.190000534057617,14.530689239501953,90800
2003-10-27,28.209999084472656,28.299999237060547,28.06999969482422,28.1299991607666,14.499763488769531,146400
2003-10-28,28.625,29.049999237060547,28.190000534057617,28.899999618530273,14.8966703414917,760800
2003-10-29,28.905000686645508,29.174999237060547,28.764999389648438,28.924999237060547,14.909550666809082,292600
2003-10-30,28.799999237060547,28.825000762939453,28.43000030517578,28.674999237060547,14.780693054199219,990400
2003-10-31,28.625,29.075000762939453,28.549999237060547,28.875,14.883784294128418,2961600
2003-11-03,28.875,28.975000381469727,28.674999237060547,28.975000381469727,14.93532657623291,538800
2003-11-04,28.985000610351562,29.450000762939453,28.850000381469727,29.40999984741211,15.159551620483398,215400
2003-11-05,29.350000381469727,29.9950008392334,29.325000762939453,29.709999084472656,15.314186096191406,782600
2003-11-06,29.674999237060547,29.674999237060547,29.459999084472656,29.655000686645508,15.285839080810547,217400
2003-11-07,29.700000762939453,29.9950008392334,29.584999084472656,29.625,15.270368576049805,337000
2003-11-10,29.65999984741211,29.665000915527344,29.049999237060547,29.049999237060547,14.973983764648438,261000
2003-11-11,29.100000381469727,29.174999237060547,29.0,29.0,14.94821548461914,105600
2003-11-12,29.0,29.635000228881836,28.975000381469727,29.635000228881836,15.275522232055664,242400
2003-11-13,29.635000228881836,29.700000762939453,29.485000610351562,29.674999237060547,15.296147346496582,118400
2003-11-14,29.625,29.850000381469727,29.274999618530273,29.40999984741211,15.159551620483398,307400
2003-11-17,29.295000076293945,29.295000076293945,29.030000686645508,29.274999618530273,15.089964866638184,146600
2003-11-18,29.225000381469727,29.5,29.165000915527344,29.165000915527344,15.033266067504883,102600
2003-11-19,29.170000076293945,29.200000762939453,28.959999084472656,29.079999923706055,14.989447593688965,247000
2003-11-20,29.0049991607666,29.075000762939453,28.799999237060547,28.80500030517578,14.847698211669922,329400
2003-11-21,28.850000381469727,29.0,28.625,28.850000381469727,14.870893478393555,277200
2003-11-24,28.950000762939453,29.514999389648438,28.950000762939453,29.440000534057617,15.17501449584961,168200
2003-11-25,29.364999771118164,29.7450008392334,29.325000762939453,29.5,15.205945014953613,172400
2003-11-26,29.625,29.915000915527344,29.5,29.8799991607666,15.401816368103027,97800
2003-11-28,29.950000762939453,29.950000762939453,29.7450008392334,29.7450008392334,15.332233428955078,42400
2003-12-01,29.700000762939453,30.155000686645508,29.674999237060547,30.094999313354492,15.512636184692383,383000
2003-12-02,30.100000381469727,30.100000381469727,29.899999618530273,30.0,15.463669776916504,325600
2003-12-03,30.125,30.315000534057617,29.7549991607666,29.760000228881836,15.33995532989502,451600
2003-12-04,29.674999237060547,29.674999237060547,29.270000457763672,29.315000534057617,15.110579490661621,951800
2003-12-05,29.299999237060547,29.299999237060547,29.05500030517578,29.09000015258789,14.994606018066406,243400
2003-12-08,29.09000015258789,29.4950008392334,29.03499984741211,29.424999237060547,15.167280197143555,293400
2003-12-09,29.5,29.6200008392334,29.385000228881836,29.405000686645508,15.156976699829102,200000
2003-12-10,29.280000686645508,29.350000381469727,28.825000762939453,28.825000762939453,14.858007431030273,218600
2003-12-11,28.875,29.350000381469727,28.875,29.350000381469727,15.128622055053711,203800
2003-12-12,29.299999237060547,29.399999618530273,29.174999237060547,29.364999771118164,15.136350631713867,181400
2003-12-15,29.475000381469727,29.549999237060547,29.190000534057617,29.2549991607666,15.079654693603516,168400
2003-12-16,29.25,29.31999969482422,28.825000762939453,29.100000381469727,14.99976634979248,227800
2003-12-17,29.024999618530273,29.200000762939453,28.825000762939453,29.200000762939453,15.05130386352539,188600
2003-12-18,29.200000762939453,29.46500015258789,29.075000762939453,29.450000762939453,15.180168151855469,304800
2003-12-19,29.399999618530273,29.43000030517578,29.09000015258789,29.43000030517578,15.169858932495117,368600
2003-12-22,29.3799991607666,29.670000076293945,29.360000610351562,29.5,15.205945014953613,347200
2003-12-23,29.450000762939453,29.614999771118164,29.315000534057617,29.479999542236328,15.195631980895996,237800
2003-12-24,29.485000610351562,29.704999923706055,29.3799991607666,29.4950008392334,15.20335578918457,91400
2003-12-26,29.5,29.684999465942383,29.5,29.600000381469727,15.257490158081055,58800
2003-12-29,29.549999237060547,29.84000015258789,29.5049991607666,29.81999969482422,15.370885848999023,225200
2003-12-30,29.81999969482422,29.850000381469727,29.704999923706055,29.850000381469727,15.386359214782715,137600
2003-12-31,29.825000762939453,29.889999389648438,29.579999923706055,29.579999923706055,15.247175216674805,386000
2004-01-02,29.584999084472656,29.850000381469727,29.549999237060547,29.780000686645508,15.350266456604004,197000
2004-01-05,29.75,30.0,29.75,30.0,15.463669776916504,141400
2004-01-06,30.049999237060547,30.229999542236328,29.84000015258789,30.100000381469727,15.515214920043945,245600
2004-01-07,30.03499984741211,30.03499984741211,29.55500030517578,29.96500015258789,15.445625305175781,162800
2004-01-08,29.915000915527344,29.950000762939453,29.649999618530273,29.729999542236328,15.324495315551758,119400
2004-01-09,29.68000030517578,30.209999084472656,29.5049991607666,30.139999389648438,15.535833358764648,328400
2004-01-12,30.125,30.375,29.920000076293945,29.975000381469727,15.450780868530273,180600
2004-01-13,29.924999237060547,30.0,29.510000228881836,29.75,15.334807395935059,223800
2004-01-14,29.7549991607666,29.954999923706055,29.584999084472656,29.774999618530273,15.34769344329834,125200
2004-01-15,29.825000762939453,30.0,29.559999465942383,29.94499969482422,15.435312271118164,232200
2004-01-16,29.94499969482422,30.125,29.834999084472656,29.875,15.399238586425781,265200
2004-01-20,29.975000381469727,30.174999237060547,29.850000381469727,29.950000762939453,15.43789291381836,210200
2004-01-21,29.975000381469727,29.979999542236328,29.454999923706055,29.530000686645508,15.221403121948242,205000
2004-01-22,29.530000686645508,29.540000915527344,29.125,29.21500015258789,15.059035301208496,326600
2004-01-23,29.174999237060547,29.190000534057617,28.90999984741211,28.915000915527344,14.904393196105957,453000
2004-01-26,28.700000762939453,29.204999923706055,28.625,29.100000381469727,14.99976634979248,361200
2004-01-27,29.104999542236328,30.450000762939453,29.049999237060547,30.25,15.592541694641113,480600
2004-01-28,32.099998474121094,32.3849983215332,31.5,31.950000762939453,16.468812942504883,1836600
2004-01-29,32.0,32.0,31.579999923706055,31.975000381469727,16.4816951751709,535000
2004-01-30,31.8700008392334,31.975000381469727,31.55500030517578,31.55500030517578,16.265199661254883,292200
2004-02-02,31.604999542236328,31.920000076293945,31.524999618530273,31.799999237060547,16.391490936279297,339800
2004-02-03,31.700000762939453,31.799999237060547,31.40999984741211,31.424999237060547,16.19818878173828,331000
2004-02-04,30.975000381469727,31.350000381469727,30.850000381469727,30.850000381469727,15.90180778503418,399400
2004-02-05,30.875,31.25,30.469999313354492,30.5,15.721394538879395,467400
2004-02-06,30.575000762939453,30.850000381469727,30.524999618530273,30.65999984741211,15.80386734008789,392200
2004-02-09,30.75,30.8700008392334,30.510000228881836,30.625,15.7858304977417,309400
2004-02-10,30.674999237060547,30.94499969482422,30.575000762939453,30.8700008392334,15.912113189697266,286600
2004-02-11,30.924999237060547,31.434999465942383,30.854999542236328,31.434999465942383,16.203350067138672,273000
2004-02-12,31.434999465942383,31.4950008392334,30.954999923706055,30.975000381469727,15.96623420715332,163200
2004-02-13,31.049999237060547,31.325000762939453,30.825000762939453,30.905000686645508,15.930153846740723,131400
2004-02-17,30.875,31.225000381469727,30.850000381469727,31.174999237060547,16.0693302154541,227200
2004-02-18,31.075000762939453,31.084999084472656,30.709999084472656,30.80500030517578,15.878609657287598,335800
2004-02-19,30.68000030517578,30.815000534057617,30.5,30.5,15.721394538879395,181200
2004-02-20,30.5,31.110000610351562,30.450000762939453,31.075000762939453,16.017784118652344,293800
2004-02-23,31.045000076293945,31.075000762939453,30.719999313354492,30.825000762939453,15.88891315460205,295400
2004-02-24,30.829999923706055,31.125,30.709999084472656,31.059999465942383,16.01004981994629,183600
2004-02-25,31.0,31.31999969482422,30.950000762939453,31.114999771118164,16.038394927978516,230800
2004-02-26,31.125,31.549999237060547,31.06999969482422,31.53499984741211,16.25489616394043,254600
2004-02-27,31.450000762939453,31.600000381469727,31.2549991607666,31.524999618530273,16.249740600585938,235200
2004-03-01,31.475000381469727,31.815000534057617,31.475000381469727,31.80500030517578,16.394058227539062,136400
2004-03-02,31.704999923706055,31.709999084472656,31.075000762939453,31.075000762939453,16.017784118652344,310200
2004-03-03,31.075000762939453,31.395000457763672,30.899999618530273,31.334999084472656,16.151803970336914,160600
2004-03-04,31.260000228881836,31.889999389648438,31.18000030517578,31.600000381469727,16.288394927978516,154000
2004-03-05,31.524999618530273,31.950000762939453,31.475000381469727,31.885000228881836,16.435304641723633,167200
2004-03-08,31.875,31.934999465942383,31.75,31.795000076293945,16.388914108276367,174200
2004-03-09,31.75,31.875,31.700000762939453,31.81999969482422,16.401798248291016,140000
2004-03-10,31.81999969482422,31.969999313354492,31.729999542236328,31.7549991607666,16.36829376220703,273600
2004-03-11,31.725000381469727,32.099998474121094,31.549999237060547,31.579999923706055,16.27808952331543,239000
2004-03-12,31.514999389648438,31.975000381469727,31.5049991607666,31.950000762939453,16.468812942504883,141400
2004-03-15,31.899999618530273,31.899999618530273,31.524999618530273,31.655000686645508,16.316753387451172,168800
2004-03-16,31.575000762939453,31.649999618530273,31.125,31.200000762939453,16.08221435546875,199800
2004-03-17,31.399999618530273,31.610000610351562,31.350000381469727,31.450000762939453,16.211082458496094,198000
2004-03-18,31.450000762939453,31.915000915527344,31.325000762939453,31.834999084472656,16.409526824951172,133800
2004-03-19,31.770000457763672,31.94499969482422,31.524999618530273,31.600000381469727,16.288394927978516,119000
2004-03-22,31.600000381469727,31.600000381469727,31.235000610351562,31.454999923706055,16.21365737915039,200200
2004-03-23,31.459999084472656,31.545000076293945,31.104999542236328,31.334999084472656,16.151803970336914,237400
2004-03-24,31.334999084472656,31.549999237060547,31.200000762939453,31.530000686645508,16.252317428588867,304800
2004-03-25,31.524999618530273,31.799999237060547,31.475000381469727,31.700000762939453,16.33995246887207,404400
2004-03-26,31.700000762939453,31.700000762939453,31.334999084472656,31.6299991607666,16.303865432739258,261200
2004-03-29,31.655000686645508,32.20000076293945,31.524999618530273,32.07500076293945,16.533235549926758,186800
2004-03-30,32.0,32.220001220703125,31.950000762939453,32.125,16.559011459350586,93800
2004-03-31,32.17499923706055,32.17499923706055,31.8700008392334,32.07500076293945,16.533235549926758,227000
2004-04-01,32.32500076293945,33.20000076293945,32.29999923706055,33.099998474121094,17.061580657958984,676400
2004-04-02,33.25,33.724998474121094,33.25,33.45000076293945,17.241989135742188,283600
2004-04-05,33.45000076293945,33.775001525878906,33.45000076293945,33.76499938964844,17.40435791015625,264000
2004-04-06,33.72999954223633,33.8650016784668,33.650001525878906,33.75,17.39663314819336,126400
2004-04-07,33.70000076293945,34.0,33.525001525878906,33.95000076293945,17.49972152709961,150800
2004-04-08,33.85499954223633,33.92499923706055,33.619998931884766,33.814998626708984,17.430131912231445,272200
2004-04-12,33.689998626708984,34.185001373291016,33.689998626708984,34.185001373291016,17.620859146118164,191600
2004-04-13,34.189998626708984,34.25,33.5,33.599998474121094,17.319303512573242,202800
2004-04-14,33.599998474121094,33.625,32.92499923706055,33.125,17.074472427368164,489200
2004-04-15,33.20000076293945,33.439998626708984,33.025001525878906,33.31999969482422,17.17498207092285,209600
2004-04-16,33.349998474121094,33.3849983215332,32.98500061035156,33.349998474121094,17.190439224243164,241800
2004-04-19,33.349998474121094,33.349998474121094,32.974998474121094,33.15999984741211,17.092512130737305,231400
2004-04-20,33.20000076293945,33.314998626708984,32.70000076293945,32.755001068115234,16.88374900817871,176200
2004-04-21,32.709999084472656,33.060001373291016,32.505001068115234,32.98500061035156,17.002302169799805,145600
2004-04-22,33.07500076293945,33.93000030517578,33.0,33.6150016784668,17.32704734802246,161000
2004-04-23,33.57500076293945,33.875,33.439998626708984,33.45000076293945,17.241989135742188,170800
2004-04-26,33.70000076293945,34.665000915527344,33.70000076293945,33.974998474121094,17.512596130371094,820800
2004-04-27,34.04999923706055,34.45000076293945,32.78499984741211,34.275001525878906,17.667240142822266,1347400
2004-04-28,34.20000076293945,34.27000045776367,33.54999923706055,33.75,17.39663314819336,329600
2004-04-29,33.814998626708984,33.814998626708984,33.09000015258789,33.19499969482422,17.11055564880371,339800
2004-04-30,33.224998474121094,33.29499816894531,32.974998474121094,32.974998474121094,16.997148513793945,446200
2004-05-03,33.025001525878906,33.1349983215332,32.79499816894531,33.125,17.074472427368164,230800
2004-05-04,33.095001220703125,33.20500183105469,32.80500030517578,32.875,16.945608139038086,358600
2004-05-05,32.92499923706055,33.04999923706055,32.7400016784668,32.97999954223633,16.999727249145508,226400
2004-05-06,32.90999984741211,32.94499969482422,32.43000030517578,32.57500076293945,16.790969848632812,199400
2004-05-07,32.525001525878906,32.525001525878906,31.524999618530273,31.600000381469727,16.288394927978516,236000
2004-05-10,31.81999969482422,31.81999969482422,31.299999237060547,31.5049991607666,16.239429473876953,479200
2004-05-11,31.520000457763672,31.899999618530273,31.389999389648438,31.729999542236328,16.35540008544922,259400
2004-05-12,31.729999542236328,31.729999542236328,30.985000610351562,31.469999313354492,16.221393585205078,222600
2004-05-13,31.475000381469727,31.59000015258789,31.270000457763672,31.540000915527344,16.257463455200195,173600
2004-05-14,31.700000762939453,32.275001525878906,31.03499984741211,32.18000030517578,16.587366104125977,487400
2004-05-17,32.0,32.334999084472656,31.885000228881836,31.885000228881836,16.435304641723633,348200
2004-05-18,32.0099983215332,32.1150016784668,31.825000762939453,32.07500076293945,16.533235549926758,130800
2004-05-19,32.17499923706055,32.57500076293945,31.674999237060547,31.8799991607666,16.43272590637207,311800
2004-05-20,31.875,32.04999923706055,31.5,31.549999237060547,16.26262855529785,190400
2004-05-21,31.559999465942383,31.799999237060547,31.049999237060547,31.350000381469727,16.159542083740234,528400
2004-05-24,31.350000381469727,32.07500076293945,31.350000381469727,31.950000762939453,16.468812942504883,329600
2004-05-25,31.899999618530273,32.345001220703125,31.799999237060547,32.20000076293945,16.59766960144043,245200
2004-05-26,32.150001525878906,32.375,32.125,32.2400016784668,16.6182861328125,170000
2004-05-27,32.25,32.349998474121094,32.0099983215332,32.349998474121094,16.674983978271484,437400
2004-05-28,32.29999923706055,32.599998474121094,32.18000030517578,32.42499923706055,16.71364402770996,260000
2004-06-01,32.400001525878906,32.505001068115234,32.275001525878906,32.505001068115234,16.754880905151367,147600
2004-06-02,32.505001068115234,32.82500076293945,32.345001220703125,32.60499954223633,16.806428909301758,203000
2004-06-03,32.724998474121094,32.744998931884766,32.224998474121094,32.2400016784668,16.6182861328125,252600
2004-06-04,32.400001525878906,33.025001525878906,32.349998474121094,32.77000045776367,16.891483306884766,305000
2004-06-07,32.810001373291016,33.130001068115234,32.7400016784668,33.029998779296875,17.025497436523438,174400
2004-06-08,32.97999954223633,33.2400016784668,32.849998474121094,33.150001525878906,17.08734893798828,125400
2004-06-09,33.1150016784668,33.20000076293945,32.8849983215332,32.8849983215332,16.950756072998047,175200
2004-06-10,32.8650016784668,33.470001220703125,32.8650016784668,33.34000015258789,17.185291290283203,291800
2004-06-14,33.34000015258789,33.349998474121094,32.875,32.875,16.945608139038086,225000
2004-06-15,32.900001525878906,33.125,32.89500045776367,33.0099983215332,17.015188217163086,466800
2004-06-16,33.0099983215332,33.290000915527344,32.92499923706055,33.20000076293945,17.113130569458008,636800
2004-06-17,33.2400016784668,33.2400016784668,33.04999923706055,33.11000061035156,17.066741943359375,291000
2004-06-18,33.1150016784668,33.29999923706055,33.095001220703125,33.165000915527344,17.095083236694336,261200
2004-06-21,33.1150016784668,33.345001220703125,32.8849983215332,33.099998474121094,17.061580657958984,203400
2004-06-22,33.150001525878906,33.150001525878906,32.18000030517578,32.47999954223633,16.74199676513672,529800
2004-06-23,32.47999954223633,32.47999954223633,31.790000915527344,31.790000915527344,16.386333465576172,979000
2004-06-24,31.790000915527344,31.825000762939453,30.93000030517578,30.93000030517578,15.94304370880127,930600
2004-06-25,30.94499969482422,31.059999465942383,30.59000015258789,30.975000381469727,15.96623420715332,945200
2004-06-28,30.975000381469727,31.049999237060547,30.59000015258789,30.59000015258789,15.767788887023926,626200
2004-06-29,30.5,30.5,30.1200008392334,30.149999618530273,15.540990829467773,975000
2004-06-30,31.0,32.44499969482422,31.0,31.940000534057617,16.46365737915039,2279800
2004-07-01,32.02000045776367,32.07500076293945,31.18000030517578,31.635000228881836,16.306440353393555,600200
2004-07-02,31.549999237060547,31.670000076293945,31.31999969482422,31.329999923706055,16.14922523498535,238400
2004-07-06,31.329999923706055,31.360000610351562,30.725000381469727,30.78499984741211,15.868300437927246,384000
2004-07-07,30.825000762939453,31.15999984741211,30.799999237060547,30.924999237060547,15.940472602844238,281000
2004-07-08,30.899999618530273,30.899999618530273,30.549999237060547,30.55500030517578,15.749747276306152,330200
2004-07-09,30.524999618530273,30.950000762939453,30.524999618530273,30.80500030517578,15.878609657287598,212600
2004-07-12,30.799999237060547,30.80500030517578,30.274999618530273,30.55500030517578,15.749747276306152,903800
2004-07-13,30.709999084472656,31.145000457763672,30.68000030517578,30.959999084472656,15.958515167236328,390200
2004-07-14,30.96500015258789,31.200000762939453,30.799999237060547,30.825000762939453,15.88891315460205,216600
2004-07-15,30.899999618530273,31.149999618530273,30.725000381469727,30.725000381469727,15.837367057800293,195400
2004-07-16,30.825000762939453,30.950000762939453,30.575000762939453,30.649999618530273,15.79871940612793,169800
2004-07-19,30.774999618530273,31.15999984741211,30.75,30.93000030517578,15.94304370880127,340200
2004-07-20,31.0,31.299999237060547,30.850000381469727,31.110000610351562,16.035823822021484,228000
2004-07-21,31.049999237060547,31.299999237060547,30.700000762939453,30.700000762939453,15.824490547180176,258000
2004-07-22,30.625,30.625,29.774999618530273,29.899999618530273,15.412120819091797,432600
2004-07-23,30.100000381469727,30.19499969482422,29.459999084472656,29.649999618530273,15.283256530761719,317800
2004-07-26,29.75,30.424999237060547,29.59000015258789,29.889999389648438,15.40697193145752,393600
2004-07-27,30.075000762939453,30.604999542236328,29.959999084472656,30.350000381469727,15.644079208374023,397400
2004-07-28,30.274999618530273,30.325000762939453,29.600000381469727,30.1200008392334,15.525528907775879,285200
2004-07-29,30.125,30.774999618530273,30.024999618530273,30.594999313354492,15.770363807678223,279600
2004-07-30,30.489999771118164,30.575000762939453,30.25,30.5,15.721394538879395,281000
2004-08-02,30.375,30.385000228881836,29.940000534057617,30.149999618530273,15.540990829467773,358000
2004-08-03,30.149999618530273,30.149999618530273,29.524999618530273,29.834999084472656,15.378610610961914,385800
2004-08-04,29.825000762939453,30.219999313354492,29.145000457763672,30.084999084472656,15.507482528686523,361200
2004-08-05,30.03499984741211,30.03499984741211,29.350000381469727,29.375,15.141510963439941,235600
2004-08-06,29.325000762939453,29.329999923706055,28.700000762939453,28.93000030517578,14.912125587463379,407600
2004-08-09,28.25,28.5049991607666,28.0,28.274999618530273,14.574506759643555,1118800
2004-08-10,28.344999313354492,28.475000381469727,28.239999771118164,28.3799991607666,14.628629684448242,386800
2004-08-11,28.385000228881836,28.55500030517578,28.0,28.5,14.690484046936035,266800
2004-08-12,28.399999618530273,28.479999542236328,27.9950008392334,28.1299991607666,14.499763488769531,277600
2004-08-13,28.125,28.204999923706055,27.9950008392334,28.030000686645508,14.448219299316406,267000
2004-08-16,28.104999542236328,28.399999618530273,28.104999542236328,28.200000762939453,14.535842895507812,269000
2004-08-17,28.25,28.450000762939453,28.190000534057617,28.260000228881836,14.566771507263184,239200
2004-08-18,28.200000762939453,28.200000762939453,27.8799991607666,28.010000228881836,14.437911033630371,506200
2004-08-19,28.03499984741211,28.239999771118164,27.924999237060547,28.174999237060547,14.522956848144531,350400
2004-08-20,28.18000030517578,28.799999237060547,28.104999542236328,28.625,14.754911422729492,238200
2004-08-23,28.59000015258789,29.549999237060547,28.565000534057617,29.149999618530273,15.025533676147461,576800
2004-08-24,29.225000381469727,30.05500030517578,29.225000381469727,29.979999542236328,15.453359603881836,748200
2004-08-25,30.0,30.040000915527344,29.7549991607666,30.024999618530273,15.476561546325684,364400
2004-08-26,30.049999237060547,30.75,30.049999237060547,30.700000762939453,15.824490547180176,578800
2004-08-27,30.625,30.7450008392334,30.290000915527344,30.690000534057617,15.819334983825684,259000
2004-08-30,30.69499969482422,30.889999389648438,30.450000762939453,30.670000076293945,15.8090238571167,219400
2004-08-31,30.649999618530273,31.0,30.649999618530273,30.90999984741211,15.932734489440918,159800
2004-09-01,30.90999984741211,31.0,30.799999237060547,30.985000610351562,15.971389770507812,150000
2004-09-02,31.0,31.799999237060547,31.0,31.75,16.36571502685547,227200
2004-09-03,31.75,31.825000762939453,31.53499984741211,31.80500030517578,16.394058227539062,227000
2004-09-07,31.809999465942383,32.0,31.71500015258789,31.780000686645508,16.381187438964844,254800
2004-09-08,31.729999542236328,31.860000610351562,31.2450008392334,31.350000381469727,16.159542083740234,307800
2004-09-09,31.389999389648438,31.645000457763672,31.389999389648438,31.514999389648438,16.24458122253418,177000
2004-09-10,31.514999389648438,31.635000228881836,31.260000228881836,31.600000381469727,16.288394927978516,257000
2004-09-13,31.6200008392334,31.700000762939453,31.584999084472656,31.649999618530273,16.314172744750977,137600
2004-09-14,31.649999618530273,31.665000915527344,31.385000228881836,31.545000076293945,16.26004981994629,205600
2004-09-15,31.4950008392334,31.639999389648438,31.315000534057617,31.524999618530273,16.249740600585938,258200
2004-09-16,31.524999618530273,31.864999771118164,31.524999618530273,31.68000030517578,16.329635620117188,184400
2004-09-17,31.674999237060547,31.915000915527344,31.625,31.739999771118164,16.360563278198242,138600
2004-09-20,31.7450008392334,31.954999923706055,31.645000457763672,31.799999237060547,16.391490936279297,327000
2004-09-21,31.825000762939453,31.875,31.594999313354492,31.774999618530273,16.378602981567383,415000
2004-09-22,31.709999084472656,31.774999618530273,31.5,31.670000076293945,16.324480056762695,218600
2004-09-23,31.645000457763672,31.69499969482422,31.385000228881836,31.575000762939453,16.2755126953125,187800
2004-09-24,31.524999618530273,31.7450008392334,31.440000534057617,31.635000228881836,16.306440353393555,138000
2004-09-27,31.6200008392334,31.6200008392334,31.190000534057617,31.225000381469727,16.09510040283203,285000
2004-09-28,31.25,31.655000686645508,31.25,31.575000762939453,16.2755126953125,691200
2004-09-29,31.690000534057617,32.494998931884766,31.645000457763672,32.099998474121094,16.54612159729004,502800
2004-09-30,32.099998474121094,32.25,32.040000915527344,32.07500076293945,16.533235549926758,395800
2004-10-01,32.150001525878906,32.23500061035156,31.895000457763672,32.20000076293945,16.59766960144043,306800
2004-10-04,32.2599983215332,32.650001525878906,32.2599983215332,32.474998474121094,16.739418029785156,247800
2004-10-05,32.5,32.540000915527344,32.09000015258789,32.095001220703125,16.543550491333008,315800
2004-10-06,32.220001220703125,32.35499954223633,32.17499923706055,32.25,16.623443603515625,204000
2004-10-07,32.20000076293945,32.2400016784668,31.96500015258789,32.0,16.49458122253418,392400
2004-10-08,31.875,31.8799991607666,31.489999771118164,31.665000915527344,16.321901321411133,617200
2004-10-11,31.625,31.850000381469727,31.40999984741211,31.524999618530273,16.249740600585938,339000
2004-10-12,31.5,31.524999618530273,31.100000381469727,31.270000457763672,16.11829948425293,417600
2004-10-13,31.3700008392334,31.3700008392334,30.799999237060547,30.950000762939453,15.953350067138672,252400
2004-10-14,30.975000381469727,31.30500030517578,30.975000381469727,31.170000076293945,16.066747665405273,222600
2004-10-15,31.155000686645508,31.834999084472656,31.155000686645508,31.440000534057617,16.20592498779297,411200
2004-10-18,31.399999618530273,31.545000076293945,31.114999771118164,31.40999984741211,16.190454483032227,222800
2004-10-19,31.309999465942383,31.34000015258789,30.850000381469727,30.9950008392334,15.97654914855957,340400
2004-10-20,31.0,31.260000228881836,30.75,31.200000762939453,16.08221435546875,162800
2004-10-21,31.149999618530273,31.510000228881836,30.924999237060547,31.149999618530273,16.05644416809082,266200
2004-10-22,31.190000534057617,31.889999389648438,31.100000381469727,31.174999237060547,16.0693302154541,297600
2004-10-25,31.100000381469727,31.485000610351562,31.0,31.385000228881836,16.17757797241211,183400
2004-10-26,31.350000381469727,31.575000762939453,31.104999542236328,31.424999237060547,16.19818878173828,227800
2004-10-27,31.450000762939453,32.125,31.450000762939453,32.0099983215332,16.499744415283203,451200
2004-10-28,31.850000381469727,32.89500045776367,31.825000762939453,32.31999969482422,16.659534454345703,596800
2004-10-29,32.275001525878906,32.494998931884766,32.099998474121094,32.11000061035156,16.55128288269043,209600
2004-11-01,32.150001525878906,32.20000076293945,31.899999618530273,32.13999938964844,16.566749572753906,451600
2004-11-02,32.189998626708984,32.415000915527344,32.04999923706055,32.20000076293945,16.59766960144043,432200
2004-11-03,32.42499923706055,32.61000061035156,32.224998474121094,32.29499816894531,16.646642684936523,500800
2004-11-04,32.349998474121094,33.5,32.349998474121094,33.41999816894531,17.226518630981445,436600
2004-11-05,33.5,34.04999923706055,33.25,33.38999938964844,17.2110595703125,388600
2004-11-08,33.38999938964844,33.75,33.19499969482422,33.369998931884766,17.200754165649414,244400
2004-11-09,33.25,33.7400016784668,33.25,33.599998474121094,17.319303512573242,349200
2004-11-10,33.63999938964844,33.98500061035156,33.584999084472656,33.845001220703125,17.445602416992188,199000
2004-11-11,33.79999923706055,33.93000030517578,33.724998474121094,33.77000045776367,17.406940460205078,179600
2004-11-12,33.814998626708984,33.92499923706055,33.599998474121094,33.92499923706055,17.48683738708496,111600
2004-11-15,33.974998474121094,33.994998931884766,33.45500183105469,33.599998474121094,17.319303512573242,194800
2004-11-16,33.5,33.619998931884766,33.470001220703125,33.54999923706055,17.293533325195312,192200
2004-11-17,33.560001373291016,34.310001373291016,33.560001373291016,33.939998626708984,17.49456024169922,231200
2004-11-18,33.88999938964844,34.349998474121094,33.8849983215332,34.165000915527344,17.610544204711914,243400
2004-11-19,34.099998474121094,34.154998779296875,33.77000045776367,34.03499984741211,17.543533325195312,153400
2004-11-22,33.98500061035156,34.099998474121094,33.7599983215332,33.96500015258789,17.507448196411133,154600
2004-11-23,33.849998474121094,33.900001525878906,33.540000915527344,33.70000076293945,17.3708553314209,205000
2004-11-24,33.76499938964844,34.095001220703125,33.625,33.95000076293945,17.49972152709961,214400
2004-11-26,33.9900016784668,34.130001068115234,33.93000030517578,33.95000076293945,17.49972152709961,58800
2004-11-29,34.0,34.18000030517578,33.61000061035156,34.0,17.525484085083008,180600
2004-11-30,33.95000076293945,34.39500045776367,33.82500076293945,34.275001525878906,17.667240142822266,251200
2004-12-01,34.224998474121094,34.529998779296875,34.125,34.5,17.78321647644043,273400
2004-12-02,34.400001525878906,34.71500015258789,34.400001525878906,34.400001525878906,17.731670379638672,260400
2004-12-03,34.400001525878906,34.619998931884766,34.17499923706055,34.459999084472656,17.76259994506836,362000
2004-12-06,34.459999084472656,34.459999084472656,34.17499923706055,34.28499984741211,17.672393798828125,290200
2004-12-07,34.23500061035156,34.3849983215332,34.13999938964844,34.224998474121094,17.641469955444336,397600
2004-12-08,34.220001220703125,34.61000061035156,33.915000915527344,34.494998931884766,17.780641555786133,333200
2004-12-09,34.400001525878906,34.900001525878906,34.27000045776367,34.779998779296875,17.927541732788086,315400
2004-12-10,34.70000076293945,35.06999969482422,34.67499923706055,34.790000915527344,17.932703018188477,403400
2004-12-13,34.7400016784668,35.005001068115234,34.7400016784668,34.994998931884766,18.038366317749023,142200
2004-12-14,34.994998931884766,35.4900016784668,34.82500076293945,35.474998474121094,18.28579330444336,394200
2004-12-15,35.375,35.849998474121094,35.349998474121094,35.849998474121094,18.479087829589844,211600
2004-12-16,35.75,36.06999969482422,35.685001373291016,35.900001525878906,18.504863739013672,282600
2004-12-17,35.775001525878906,36.349998474121094,35.72999954223633,36.349998474121094,18.736812591552734,679200
2004-12-20,36.224998474121094,36.44499969482422,35.435001373291016,35.58000183105469,18.33991050720215,497000
2004-12-21,35.56999969482422,36.494998931884766,35.56999969482422,36.45000076293945,18.788366317749023,317400
2004-12-22,36.54999923706055,36.869998931884766,36.18000030517578,36.32500076293945,18.723928451538086,270600
2004-12-23,36.20000076293945,36.34000015258789,36.04499816894531,36.17499923706055,18.646602630615234,162400
2004-12-27,36.275001525878906,36.349998474121094,35.880001068115234,36.150001525878906,18.633724212646484,146200
2004-12-28,36.150001525878906,36.70000076293945,36.125,36.70000076293945,18.9172306060791,156000
2004-12-29,36.57500076293945,36.869998931884766,36.525001525878906,36.82500076293945,18.981651306152344,162200
2004-12-30,36.75,36.880001068115234,36.724998474121094,36.82500076293945,18.981651306152344,139000
2004-12-31,36.82500076293945,37.0,36.709999084472656,36.7599983215332,18.94815444946289,154200
2005-01-03,36.744998931884766,36.744998931884766,36.15999984741211,36.189998626708984,18.654342651367188,205800
2005-01-04,35.25,35.470001220703125,34.75,34.875,17.976516723632812,729400
2005-01-05,34.875,34.875,33.83000183105469,33.85499954223633,17.45074462890625,610000
2005-01-06,33.79999923706055,34.75,33.79999923706055,34.42499923706055,17.74456024169922,337400
2005-01-07,34.54999923706055,35.22999954223633,34.54999923706055,34.70500183105469,17.888891220092773,379400
2005-01-10,34.63999938964844,35.185001373291016,34.564998626708984,34.79999923706055,17.9378604888916,199000
2005-01-11,34.79999923706055,34.79999923706055,34.26499938964844,34.32500076293945,17.693008422851562,237800
2005-01-12,34.400001525878906,34.775001525878906,34.1349983215332,34.755001068115234,17.91465950012207,163800
2005-01-13,34.70500183105469,34.900001525878906,34.275001525878906,34.349998474121094,17.705894470214844,209600
2005-01-14,34.45000076293945,34.974998474121094,34.45000076293945,34.880001068115234,17.97909164428711,164800
2005-01-18,34.779998779296875,35.32500076293945,34.724998474121094,35.25,18.16981315612793,149400
2005-01-19,35.17499923706055,35.7599983215332,35.17499923706055,35.400001525878906,18.247129440307617,277800
2005-01-20,35.29999923706055,35.630001068115234,35.064998626708984,35.08000183105469,18.08217430114746,219600
2005-01-21,35.10499954223633,35.20000076293945,34.66999816894531,34.81999969482422,17.948163986206055,223600
2005-01-24,34.57500076293945,34.63999938964844,34.1150016784668,34.2400016784668,17.649206161499023,437000
2005-01-25,34.2400016784668,34.599998474121094,33.869998931884766,34.04999923706055,17.55126190185547,368600
2005-01-26,34.04999923706055,34.125,33.25,33.290000915527344,17.159517288208008,453400
2005-01-27,33.29999923706055,34.43000030517578,33.275001525878906,34.16999816894531,17.613121032714844,412600
2005-01-28,34.099998474121094,34.25,33.869998931884766,34.150001525878906,17.602802276611328,184800
2005-01-31,34.275001525878906,34.369998931884766,33.8849983215332,33.97999954223633,17.51517677307129,296800
2005-02-01,34.0,34.095001220703125,33.935001373291016,34.0,17.525484085083008,193800
2005-02-02,34.005001068115234,34.29999923706055,33.974998474121094,34.21500015258789,17.636314392089844,223600
2005-02-03,34.21500015258789,34.21500015258789,33.630001068115234,33.75,17.39663314819336,189800
2005-02-04,33.67499923706055,33.900001525878906,33.6349983215332,33.779998779296875,17.41209602355957,185800
2005-02-07,33.775001525878906,34.11000061035156,33.775001525878906,33.8849983215332,17.466209411621094,192800
2005-02-08,33.849998474121094,34.34000015258789,33.83000183105469,34.30500030517578,17.682706832885742,301000
2005-02-09,34.30500030517578,34.30500030517578,33.51499938964844,33.55500030517578,17.29611587524414,248600
2005-02-10,33.54999923706055,33.84000015258789,33.54999923706055,33.71500015258789,17.378591537475586,143000
2005-02-11,33.775001525878906,34.459999084472656,33.56999969482422,34.415000915527344,17.739408493041992,238000
2005-02-14,34.415000915527344,34.724998474121094,34.275001525878906,34.70000076293945,17.886306762695312,289800
2005-02-15,34.70000076293945,35.0,34.685001373291016,34.900001525878906,17.989398956298828,312400
2005-02-16,34.900001525878906,35.0,34.625,34.96500015258789,18.022903442382812,247800
2005-02-17,34.98500061035156,35.25,34.56999969482422,35.0,18.04094696044922,339200
2005-02-18,35.0,35.279998779296875,34.95000076293945,35.1349983215332,18.110525131225586,259600
2005-02-22,35.099998474121094,35.17499923706055,34.415000915527344,34.415000915527344,17.739408493041992,246800
2005-02-23,34.41999816894531,34.595001220703125,34.275001525878906,34.3650016784668,17.71363639831543,130600
2005-02-24,34.29999923706055,34.75,34.025001525878906,34.75,17.912076950073242,243600
2005-02-25,34.775001525878906,35.18000030517578,34.619998931884766,35.18000030517578,18.13372802734375,146400
2005-02-28,35.20000076293945,35.474998474121094,34.834999084472656,35.03499984741211,18.058990478515625,186600
2005-03-01,34.95000076293945,35.369998931884766,34.95000076293945,35.369998931884766,18.23166847229004,147600
2005-03-02,35.42499923706055,35.625,35.119998931884766,35.25,18.16981315612793,131400
2005-03-03,35.29999923706055,36.02000045776367,35.29999923706055,36.0,18.556406021118164,393200
2005-03-04,36.099998474121094,36.275001525878906,35.974998474121094,36.029998779296875,18.57187271118164,205200
2005-03-07,36.0,36.0,35.5,35.63999938964844,18.370838165283203,277200
2005-03-08,35.76499938964844,35.94499969482422,35.69499969482422,35.849998474121094,18.479087829589844,118600
2005-03-09,35.849998474121094,36.07500076293945,35.849998474121094,35.95000076293945,18.530628204345703,237800
2005-03-10,35.95000076293945,36.095001220703125,35.5,35.75,18.427541732788086,155400
2005-03-11,35.75,35.75,35.38999938964844,35.54999923706055,18.324443817138672,410600
2005-03-14,35.67499923706055,35.77000045776367,35.415000915527344,35.45000076293945,18.272905349731445,312200
2005-03-15,35.5,35.6349983215332,35.125,35.349998474121094,18.22135353088379,295400
2005-03-16,35.275001525878906,35.470001220703125,34.84000015258789,34.900001525878906,17.989398956298828,203200
2005-03-17,35.025001525878906,35.95000076293945,34.900001525878906,35.834999084472656,18.47134780883789,279800
2005-03-18,35.709999084472656,36.0,35.525001525878906,35.95000076293945,18.530628204345703,562400
2005-03-21,35.900001525878906,35.900001525878906,35.369998931884766,35.459999084472656,18.27805519104004,351600
2005-03-22,35.42499923706055,35.619998931884766,34.779998779296875,35.08000183105469,18.08217430114746,347600
2005-03-23,35.099998474121094,35.25,34.900001525878906,35.125,18.105375289916992,330600
2005-03-24,35.20000076293945,35.345001220703125,34.67499923706055,34.67499923706055,17.87342643737793,314200
2005-03-28,34.68000030517578,34.755001068115234,34.30500030517578,34.45000076293945,17.7574520111084,526600
2005-03-29,34.45000076293945,34.900001525878906,34.1349983215332,34.189998626708984,17.623428344726562,322200
2005-03-30,34.189998626708984,34.959999084472656,34.150001525878906,34.8650016784668,17.971355438232422,275400
2005-03-31,34.79999923706055,35.23500061035156,34.790000915527344,35.1150016784668,18.10022735595703,177200
2005-04-01,35.17499923706055,35.21500015258789,34.505001068115234,34.560001373291016,17.81415367126465,217000
2005-04-04,34.55500030517578,34.55500030517578,33.86000061035156,34.0099983215332,17.53064727783203,533000
2005-04-05,34.04999923706055,34.125,33.654998779296875,34.05500030517578,17.553848266601562,387600
2005-04-06,34.154998779296875,34.38999938964844,34.099998474121094,34.099998474121094,17.577041625976562,192600
2005-04-07,34.099998474121094,34.349998474121094,33.92499923706055,34.244998931884766,17.651775360107422,329600
2005-04-08,34.29999923706055,34.375,34.130001068115234,34.220001220703125,17.638891220092773,237400
2005-04-11,34.224998474121094,34.7400016784668,34.125,34.5,17.78321647644043,365000
2005-04-12,34.505001068115234,35.5,34.275001525878906,35.459999084472656,18.27805519104004,816000
2005-04-13,35.25,35.67499923706055,35.244998931884766,35.400001525878906,18.247129440307617,686000
2005-04-14,35.38999938964844,35.7599983215332,34.96500015258789,35.2400016784668,18.164655685424805,653400
2005-04-15,35.20000076293945,35.20000076293945,34.29999923706055,34.439998626708984,17.752290725708008,346400
2005-04-18,34.70000076293945,35.44499969482422,34.505001068115234,35.099998474121094,18.092496871948242,546400
2005-04-19,35.05500030517578,35.130001068115234,34.599998474121094,34.665000915527344,17.868268966674805,676400
2005-04-20,34.849998474121094,34.849998474121094,33.8650016784668,33.8650016784668,17.45591163635254,679400
2005-04-21,33.900001525878906,34.60499954223633,33.89500045776367,34.560001373291016,17.81415367126465,343800
2005-04-22,34.45000076293945,34.45000076293945,33.279998779296875,33.54999923706055,17.293533325195312,535200
2005-04-25,33.619998931884766,34.18000030517578,33.529998779296875,33.900001525878906,17.47394561767578,540400
2005-04-26,33.790000915527344,34.07500076293945,33.560001373291016,33.75,17.39663314819336,717200
2005-04-27,33.625,34.125,33.244998931884766,34.04999923706055,17.55126190185547,525200
2005-04-28,35.875,36.099998474121094,34.82500076293945,35.72999954223633,18.417224884033203,1557400
2005-04-29,35.72999954223633,36.244998931884766,35.709999084472656,36.20000076293945,18.659482955932617,715600
2005-05-02,36.19499969482422,36.415000915527344,35.80500030517578,36.3650016784668,18.744550704956055,513000
2005-05-03,36.474998474121094,36.474998474121094,35.69499969482422,36.220001220703125,18.669809341430664,678200
2005-05-04,36.220001220703125,36.415000915527344,36.01499938964844,36.349998474121094,18.736812591552734,537200
2005-05-05,36.275001525878906,36.44499969482422,35.974998474121094,36.09000015258789,18.60279083251953,346200
2005-05-06,36.099998474121094,36.540000915527344,36.025001525878906,36.45000076293945,18.788366317749023,272600
2005-05-09,36.38999938964844,36.56999969482422,36.255001068115234,36.29999923706055,18.71103858947754,224200
2005-05-10,36.20000076293945,36.334999084472656,35.92499923706055,36.07500076293945,18.595062255859375,257200
2005-05-11,36.07500076293945,36.07500076293945,35.69499969482422,35.900001525878906,18.504863739013672,316200
2005-05-12,35.900001525878906,36.0,35.1150016784668,35.17499923706055,18.131149291992188,352600
2005-05-13,34.900001525878906,34.94499969482422,34.3849983215332,34.56999969482422,17.819299697875977,667200
2005-05-16,34.650001525878906,35.46500015258789,34.599998474121094,35.44499969482422,18.270328521728516,351400
2005-05-17,35.345001220703125,35.77000045776367,34.9900016784668,35.654998779296875,18.37857437133789,229000
2005-05-18,35.779998779296875,36.63999938964844,35.68000030517578,36.55500030517578,18.842483520507812,422000
2005-05-19,36.54999923706055,36.54999923706055,35.98500061035156,36.2599983215332,18.690420150756836,233000
2005-05-20,36.2599983215332,36.32500076293945,36.02000045776367,36.18000030517578,18.649192810058594,141200
2005-05-23,36.18000030517578,36.32500076293945,36.09000015258789,36.224998474121094,18.67238426208496,158800
2005-05-24,36.224998474121094,36.53499984741211,35.88999938964844,36.01499938964844,18.56414222717285,308600
2005-05-25,35.88999938964844,35.88999938964844,34.95000076293945,35.404998779296875,18.249698638916016,538400
2005-05-26,35.45500183105469,35.665000915527344,35.375,35.459999084472656,18.27805519104004,225600
2005-05-27,35.4900016784668,35.689998626708984,35.400001525878906,35.654998779296875,18.37857437133789,158600
2005-05-31,35.625,35.70000076293945,35.474998474121094,35.48500061035156,18.29094123840332,335800
2005-06-01,35.48500061035156,36.474998474121094,35.48500061035156,36.2599983215332,18.690420150756836,358600
2005-06-02,36.189998626708984,36.2599983215332,36.060001373291016,36.130001068115234,18.6234130859375,182400
2005-06-03,36.08000183105469,36.29999923706055,35.90999984741211,36.0,18.556406021118164,194200
2005-06-06,35.970001220703125,36.1349983215332,35.8650016784668,36.0,18.556406021118164,114000
2005-06-07,36.0,36.45000076293945,35.79499816894531,35.834999084472656,18.47134780883789,262400
2005-06-08,35.834999084472656,35.849998474121094,35.564998626708984,35.56999969482422,18.33476448059082,241600
2005-06-09,35.564998626708984,35.654998779296875,35.42499923706055,35.654998779296875,18.37857437133789,270800
2005-06-10,35.599998474121094,35.92499923706055,35.54999923706055,35.845001220703125,18.47650718688965,307800
2005-06-13,35.775001525878906,35.994998931884766,35.650001525878906,35.81999969482422,18.4636173248291,149400
2005-06-14,35.69499969482422,35.834999084472656,35.52000045776367,35.665000915527344,18.383729934692383,207600
2005-06-15,35.69499969482422,36.08000183105469,35.69499969482422,36.040000915527344,18.5770206451416,361800
2005-06-16,36.040000915527344,36.30500030517578,35.88999938964844,36.005001068115234,18.558988571166992,316200
2005-06-17,36.005001068115234,36.0099983215332,35.775001525878906,35.80500030517578,18.455896377563477,326600
2005-06-20,35.55500030517578,35.974998474121094,35.439998626708984,35.90999984741211,18.510011672973633,166000
2005-06-21,35.78499984741211,35.810001373291016,35.375,35.60499954223633,18.35279083251953,169600
2005-06-22,35.72999954223633,35.935001373291016,35.5099983215332,35.619998931884766,18.36052894592285,218600
2005-06-23,35.45000076293945,35.57500076293945,34.32500076293945,35.29999923706055,18.19558334350586,1826600
2005-06-24,35.30500030517578,35.625,35.119998931884766,35.119998931884766,18.102806091308594,634400
2005-06-27,35.0,35.029998779296875,34.650001525878906,34.709999084472656,17.89147186279297,262600
2005-06-28,34.810001373291016,35.21500015258789,34.810001373291016,35.150001525878906,18.118268966674805,192600
2005-06-29,35.334999084472656,35.900001525878906,35.275001525878906,35.54999923706055,18.324443817138672,224000
2005-06-30,35.54999923706055,36.375,35.54999923706055,35.60499954223633,18.35279083251953,268400
2005-07-01,35.60499954223633,36.1150016784668,35.60499954223633,35.974998474121094,18.543516159057617,320600
2005-07-05,35.95000076293945,36.6349983215332,35.95000076293945,36.505001068115234,18.81671142578125,256200
2005-07-06,36.40999984741211,36.90999984741211,36.244998931884766,36.28499984741211,18.703304290771484,333200
2005-07-07,36.290000915527344,36.349998474121094,35.845001220703125,36.189998626708984,18.654342651367188,362600
2005-07-08,36.165000915527344,36.92499923706055,36.150001525878906,36.8650016784668,19.00226402282715,164600
2005-07-11,37.040000915527344,37.459999084472656,37.01499938964844,37.334999084472656,19.24452018737793,187800
2005-07-12,37.400001525878906,37.474998474121094,37.07500076293945,37.224998474121094,19.18783187866211,277400
2005-07-13,37.16999816894531,37.16999816894531,36.20500183105469,36.54499816894531,18.837324142456055,409400
2005-07-14,36.625,37.380001068115234,36.625,37.275001525878906,19.213611602783203,302600
2005-07-15,37.25,37.29499816894531,36.76499938964844,36.84000015258789,18.989383697509766,136000
2005-07-18,36.71500015258789,36.939998626708984,36.67499923706055,36.720001220703125,18.927528381347656,96000
2005-07-19,36.82500076293945,37.154998779296875,36.70500183105469,37.04999923706055,19.09762954711914,143200
2005-07-20,36.95000076293945,37.4900016784668,36.95000076293945,37.48500061035156,19.32185173034668,137800
2005-07-21,37.48500061035156,37.48500061035156,37.0,37.060001373291016,19.102787017822266,177400
2005-07-22,37.185001373291016,37.369998931884766,36.92499923706055,37.36000061035156,19.257421493530273,143400
2005-07-25,37.36000061035156,38.375,37.36000061035156,37.849998474121094,19.509992599487305,610800
2005-07-26,37.849998474121094,37.849998474121094,37.0099983215332,37.07500076293945,19.110515594482422,528000
2005-07-27,37.125,37.439998626708984,36.93000030517578,37.15999984741211,19.154327392578125,312400
2005-07-28,38.5,39.54999923706055,38.5,39.33000183105469,20.27286720275879,1296600
2005-07-29,39.279998779296875,39.33000183105469,38.845001220703125,39.20000076293945,20.205869674682617,404000
2005-08-01,39.349998474121094,39.349998474121094,38.67499923706055,38.82500076293945,20.01256561279297,347200
2005-08-02,38.95000076293945,39.400001525878906,38.86000061035156,39.25,20.231624603271484,299800
2005-08-03,39.224998474121094,39.6349983215332,39.05500030517578,39.125,20.167194366455078,156600
2005-08-04,39.029998779296875,39.209999084472656,38.28499984741211,38.28499984741211,19.734214782714844,226600
2005-08-05,38.25,38.66999816894531,38.17499923706055,38.415000915527344,19.80122947692871,215000
2005-08-08,38.5,38.915000915527344,38.42499923706055,38.58000183105469,19.88628578186035,295200
2005-08-09,38.70000076293945,38.98500061035156,38.67499923706055,38.85499954223633,20.028024673461914,106000
2005-08-10,38.97999954223633,39.185001373291016,38.94499969482422,39.01499938964844,20.110506057739258,541600
2005-08-11,38.959999084472656,39.40999984741211,38.959999084472656,39.349998474121094,20.28317642211914,342000
2005-08-12,39.224998474121094,39.54999923706055,39.20000076293945,39.400001525878906,20.3089599609375,294600
2005-08-15,39.67499923706055,39.875,39.279998779296875,39.560001373291016,20.391429901123047,229800
2005-08-16,39.560001373291016,39.560001373291016,39.099998474121094,39.165000915527344,20.251808166503906,476000
2005-08-17,40.650001525878906,41.04999923706055,40.52000045776367,40.60499954223633,20.99643325805664,958800
2005-08-18,40.630001068115234,40.64500045776367,39.599998474121094,39.7599983215332,20.559476852416992,590600
2005-08-19,39.57500076293945,40.16999816894531,39.3849983215332,40.029998779296875,20.699081420898438,303600
2005-08-22,40.29999923706055,40.54499816894531,40.10499954223633,40.150001525878906,20.761146545410156,231000
2005-08-23,40.125,40.29999923706055,39.9900016784668,40.150001525878906,20.761146545410156,373600
2005-08-24,40.04999923706055,40.46500015258789,39.98500061035156,40.04999923706055,20.70943832397461,368600
2005-08-25,40.125,40.25,40.025001525878906,40.05500030517578,20.71202850341797,129800
2005-08-26,40.275001525878906,40.64500045776367,40.07500076293945,40.474998474121094,20.929203033447266,341200
2005-08-29,40.474998474121094,40.625,40.150001525878906,40.529998779296875,20.95763397216797,434200
2005-08-30,40.529998779296875,40.70000076293945,40.099998474121094,40.35499954223633,20.867149353027344,287000
2005-08-31,40.474998474121094,40.9900016784668,40.255001068115234,40.9900016784668,21.195491790771484,276800
2005-09-01,40.9900016784668,41.69499969482422,40.849998474121094,41.244998931884766,21.327363967895508,492600
2005-09-02,41.369998931884766,41.529998779296875,41.095001220703125,41.48500061035156,21.451459884643555,254800
2005-09-06,41.61000061035156,41.974998474121094,41.58000183105469,41.69499969482422,21.560054779052734,213200
2005-09-07,42.0,42.084999084472656,41.55500030517578,41.75,21.588485717773438,230600
2005-09-08,41.67499923706055,41.875,41.53499984741211,41.720001220703125,21.572969436645508,227000
2005-09-09,41.720001220703125,42.0,41.584999084472656,41.775001525878906,21.601411819458008,161400
2005-09-12,41.83000183105469,42.07500076293945,41.685001373291016,42.01499938964844,21.725515365600586,168400
2005-09-13,41.95000076293945,41.95000076293945,41.619998931884766,41.755001068115234,21.591068267822266,471800
2005-09-14,41.849998474121094,42.349998474121094,41.814998626708984,42.08000183105469,21.759126663208008,225400
2005-09-15,42.380001068115234,42.380001068115234,41.849998474121094,41.94499969482422,21.689315795898438,276600
2005-09-16,41.935001373291016,42.494998931884766,41.83000183105469,42.125,21.782386779785156,919600
2005-09-19,41.900001525878906,42.29999923706055,41.880001068115234,42.099998474121094,21.76947021484375,253600
2005-09-20,42.0,42.290000915527344,41.85499954223633,42.005001068115234,21.72034454345703,594400
2005-09-21,41.75,41.82500076293945,41.34000015258789,41.625,21.523845672607422,936600
2005-09-22,41.625,41.8650016784668,41.40999984741211,41.79499816894531,21.611757278442383,514600
2005-09-23,41.875,42.04999923706055,41.560001373291016,41.970001220703125,21.702253341674805,445000
2005-09-26,42.29999923706055,42.470001220703125,41.845001220703125,42.16999816894531,21.805660247802734,299200
2005-09-27,42.25,42.400001525878906,41.86000061035156,42.375,21.911670684814453,309600
2005-09-28,42.5,43.44499969482422,42.45000076293945,42.88999938964844,22.177961349487305,471400
2005-09-29,42.88999938964844,43.154998779296875,42.84000015258789,43.099998474121094,22.28656005859375,278000
2005-09-30,43.17499923706055,44.165000915527344,43.17499923706055,43.96500015258789,22.73384666442871,311400
2005-10-03,44.040000915527344,44.125,43.0,43.14500045776367,22.309829711914062,428400
2005-10-04,43.14500045776367,44.209999084472656,43.0,43.084999084472656,22.278789520263672,352400
2005-10-05,43.1150016784668,43.185001373291016,42.30500030517578,42.35499954223633,21.901321411132812,395400
2005-10-06,42.474998474121094,42.78499984741211,41.3650016784668,41.665000915527344,21.54452896118164,830800
2005-10-07,42.150001525878906,43.20000076293945,42.14500045776367,42.650001525878906,22.05387306213379,659200
2005-10-10,42.654998779296875,43.130001068115234,42.43000030517578,42.5,21.976299285888672,333200
2005-10-11,42.724998474121094,43.1150016784668,42.54999923706055,42.630001068115234,22.043535232543945,203400
2005-10-12,42.54999923706055,42.915000915527344,42.17499923706055,42.505001068115234,21.97888946533203,388400
2005-10-13,42.5,42.85499954223633,42.15999984741211,42.375,21.911670684814453,544000
2005-10-14,42.525001525878906,42.82500076293945,42.439998626708984,42.650001525878906,22.05387306213379,236000
2005-10-17,42.650001525878906,42.849998474121094,42.33000183105469,42.625,22.040937423706055,180200
2005-10-18,42.67499923706055,42.849998474121094,42.10499954223633,42.150001525878906,21.795318603515625,345400
2005-10-19,42.25,42.75,41.83000183105469,42.56999969482422,22.012496948242188,436200
2005-10-20,42.47999954223633,42.70000076293945,42.27000045776367,42.369998931884766,21.909080505371094,303000
2005-10-21,42.5,42.95000076293945,42.5,42.70000076293945,22.07972526550293,333200
2005-10-24,42.79999923706055,43.375,42.775001525878906,43.26499938964844,22.371877670288086,169600
2005-10-25,43.29999923706055,43.650001525878906,42.82500076293945,43.185001373291016,22.33051300048828,202800
2005-10-26,43.060001373291016,43.26499938964844,41.404998779296875,41.72999954223633,21.578142166137695,834600
2005-10-27,42.72999954223633,43.650001525878906,42.474998474121094,43.26499938964844,22.371877670288086,820400
2005-10-28,43.38999938964844,44.28499984741211,43.38999938964844,43.75,22.622663497924805,891200
2005-10-31,43.82500076293945,44.119998931884766,43.82500076293945,43.89500045776367,22.69765281677246,629400
2005-11-01,43.974998474121094,44.97999954223633,43.724998474121094,44.974998474121094,23.256103515625,824200
2005-11-02,45.0,45.95000076293945,45.0,45.189998626708984,23.36728286743164,669200
2005-11-03,45.45000076293945,45.56999969482422,44.29999923706055,44.5,23.010488510131836,514400
2005-11-04,44.29999923706055,45.275001525878906,44.29999923706055,44.974998474121094,23.256103515625,612000
2005-11-07,45.07500076293945,45.314998626708984,44.849998474121094,45.0,23.26902961730957,619200
2005-11-08,44.935001373291016,45.07500076293945,44.755001068115234,44.8849983215332,23.209571838378906,236600
2005-11-09,44.95000076293945,45.84000015258789,44.880001068115234,45.584999084472656,23.571531295776367,468600
2005-11-10,45.54999923706055,46.400001525878906,45.5,46.0,23.78611183166504,334300
2005-11-11,46.099998474121094,46.45000076293945,45.959999084472656,46.13999938964844,23.8585147857666,152900
2005-11-14,46.29999923706055,46.34000015258789,45.709999084472656,45.95000076293945,23.76026725769043,170400
2005-11-15,45.900001525878906,46.59000015258789,45.79999923706055,45.970001220703125,23.83544921875,366400
2005-11-16,46.150001525878906,46.15999984741211,45.209999084472656,45.5,23.591751098632812,147100
2005-11-17,45.599998474121094,45.63999938964844,45.349998474121094,45.5,23.591751098632812,279200
2005-11-18,45.5,46.34000015258789,45.40999984741211,46.279998779296875,23.996187210083008,328200
2005-11-21,46.29999923706055,46.560001373291016,45.91999816894531,46.25,23.980628967285156,175300
2005-11-22,46.27000045776367,46.599998474121094,46.08000183105469,46.54999923706055,24.13617706298828,209800
2005-11-23,46.70000076293945,46.790000915527344,46.16999816894531,46.290000915527344,24.001367568969727,170800
2005-11-25,46.20000076293945,46.63999938964844,46.16999816894531,46.56999969482422,24.146535873413086,39900
2005-11-28,46.689998626708984,46.689998626708984,46.04999923706055,46.290000915527344,24.001367568969727,170400
2005-11-29,46.540000915527344,46.939998626708984,46.34000015258789,46.459999084472656,24.08949851989746,242000
2005-11-30,46.63999938964844,47.20000076293945,46.59000015258789,46.91999816894531,24.328022003173828,289400
2005-12-01,47.75,48.099998474121094,47.41999816894531,47.56999969482422,24.66505241394043,358800
2005-12-02,47.66999816894531,47.720001220703125,46.97999954223633,47.130001068115234,24.436901092529297,212900
2005-12-05,47.04999923706055,47.099998474121094,46.79999923706055,47.040000915527344,24.39024543762207,158700
2005-12-06,47.08000183105469,47.59000015258789,47.04999923706055,47.33000183105469,24.540603637695312,160800
2005-12-07,47.349998474121094,47.349998474121094,46.849998474121094,47.04999923706055,24.395421981811523,155800
2005-12-08,47.290000915527344,47.79999923706055,47.02000045776367,47.130001068115234,24.436901092529297,189100
2005-12-09,47.099998474121094,47.5,46.95000076293945,47.290000915527344,24.519861221313477,96900
2005-12-12,47.4900016784668,48.09000015258789,47.349998474121094,47.79999923706055,24.784303665161133,464300
2005-12-13,47.75,47.88999938964844,47.34000015258789,47.54999923706055,24.654682159423828,299300
2005-12-14,47.58000183105469,48.11000061035156,47.119998931884766,47.22999954223633,24.488754272460938,465400
2005-12-15,47.18000030517578,47.2400016784668,46.27000045776367,46.779998779296875,24.255430221557617,421900
2005-12-16,46.7400016784668,46.79999923706055,46.54999923706055,46.66999816894531,24.198396682739258,521700
2005-12-19,47.099998474121094,47.349998474121094,46.779998779296875,46.97999954223633,24.359132766723633,313300
2005-12-20,46.97999954223633,47.099998474121094,46.7599983215332,46.88999938964844,24.31246566772461,228100
2005-12-21,46.959999084472656,47.09000015258789,46.7599983215332,47.0,24.36949920654297,266000
2005-12-22,46.95000076293945,47.66999816894531,46.709999084472656,47.54999923706055,24.654682159423828,181900
2005-12-23,47.61000061035156,47.84000015258789,47.40999984741211,47.540000915527344,24.649492263793945,74200
2005-12-27,47.68000030517578,47.97999954223633,47.209999084472656,47.290000915527344,24.519861221313477,192800
2005-12-28,47.31999969482422,47.54999923706055,46.970001220703125,47.31999969482422,24.535425186157227,147700
2005-12-29,45.20000076293945,46.650001525878906,45.189998626708984,45.70000076293945,23.695451736450195,768100
2005-12-30,45.720001220703125,45.83000183105469,45.0,45.2400016784668,23.45694351196289,396600
2006-01-03,45.209999084472656,46.66999816894531,44.939998626708984,46.630001068115234,24.177658081054688,513300
2006-01-04,46.720001220703125,46.90999984741211,46.20000076293945,46.61000061035156,24.167293548583984,451200
2006-01-05,46.45000076293945,46.599998474121094,45.619998931884766,45.95000076293945,23.825077056884766,524000
2006-01-06,45.95000076293945,46.88999938964844,45.790000915527344,46.72999954223633,24.229511260986328,585200
2006-01-09,46.72999954223633,46.790000915527344,46.31999969482422,46.45000076293945,24.08432960510254,419500
2006-01-10,46.41999816894531,46.939998626708984,46.119998931884766,46.75,24.239870071411133,445400
2006-01-11,46.72999954223633,46.939998626708984,46.619998931884766,46.75,24.239870071411133,225000
2006-01-12,46.560001373291016,46.70000076293945,46.36000061035156,46.54999923706055,24.13617706298828,377500
2006-01-13,46.54999923706055,46.849998474121094,46.18000030517578,46.2599983215332,23.985807418823242,229500
2006-01-17,45.849998474121094,46.43000030517578,45.849998474121094,46.08000183105469,23.892478942871094,374900
2006-01-18,46.08000183105469,46.08000183105469,45.5,45.7599983215332,23.726560592651367,389800
2006-01-19,45.81999969482422,46.70000076293945,45.81999969482422,46.599998474121094,24.1621036529541,349000
2006-01-20,46.650001525878906,46.810001373291016,45.810001373291016,45.84000015258789,23.768035888671875,467800
2006-01-23,46.0099983215332,46.279998779296875,45.810001373291016,46.09000015258789,23.897668838500977,304800
2006-01-24,46.70000076293945,48.81999969482422,46.66999816894531,47.79999923706055,24.784303665161133,749900
2006-01-25,48.22999954223633,48.29999923706055,47.25,47.560001373291016,24.659862518310547,617100
2006-01-26,47.72999954223633,48.79999923706055,47.58000183105469,48.75,25.276872634887695,493700
2006-01-27,48.97999954223633,49.54999923706055,48.810001373291016,49.54999923706055,25.691669464111328,446200
2006-01-30,49.63999938964844,49.79999923706055,49.2400016784668,49.540000915527344,25.686492919921875,444100
2006-01-31,49.560001373291016,49.779998779296875,49.15999984741211,49.5,25.665754318237305,528700
2006-02-01,49.540000915527344,50.470001220703125,49.52000045776367,50.2400016784668,26.0494384765625,760700
2006-02-02,50.310001373291016,50.349998474121094,49.439998626708984,49.689998626708984,25.76426124572754,546700
2006-02-03,49.59000015258789,50.09000015258789,49.349998474121094,49.900001525878906,25.873159408569336,477800
2006-02-06,49.77000045776367,50.15999984741211,49.77000045776367,50.15999984741211,26.00796127319336,262700
2006-02-07,50.22999954223633,50.40999984741211,49.720001220703125,49.939998626708984,25.95857810974121,293600
2006-02-08,50.2400016784668,50.2400016784668,49.08000183105469,49.189998626708984,25.56874656677246,453500
2006-02-09,49.18000030517578,49.75,49.06999969482422,49.16999816894531,25.558338165283203,248700
2006-02-10,49.099998474121094,49.29999923706055,48.34000015258789,49.150001525878906,25.547935485839844,172900
2006-02-13,49.099998474121094,49.099998474121094,48.310001373291016,48.63999938964844,25.282846450805664,204900
2006-02-14,48.7599983215332,48.86000061035156,48.209999084472656,48.86000061035156,25.397207260131836,346700
2006-02-15,48.900001525878906,49.060001373291016,48.0099983215332,48.52000045776367,25.220468521118164,375100
2006-02-16,48.56999969482422,48.97999954223633,48.40999984741211,48.900001525878906,25.417991638183594,153400
2006-02-17,48.939998626708984,49.029998779296875,48.650001525878906,48.75,25.34001922607422,105000
2006-02-21,48.88999938964844,49.150001525878906,48.25,48.439998626708984,25.178884506225586,169200
2006-02-22,48.5,49.150001525878906,48.25,48.790000915527344,25.360815048217773,185600
2006-02-23,48.61000061035156,48.84000015258789,48.2599983215332,48.599998474121094,25.26205062866211,234500
2006-02-24,48.599998474121094,48.81999969482422,48.310001373291016,48.7400016784668,25.334829330444336,192900
2006-02-27,48.880001068115234,49.150001525878906,48.119998931884766,48.349998474121094,25.132112503051758,226900
2006-02-28,48.189998626708984,48.2599983215332,47.7400016784668,47.88999938964844,24.892995834350586,204700
2006-03-01,47.93000030517578,48.38999938964844,47.849998474121094,47.900001525878906,24.898202896118164,287600
2006-03-02,47.93000030517578,48.45000076293945,47.93000030517578,48.36000061035156,25.137298583984375,284400
2006-03-03,48.349998474121094,48.54999923706055,48.040000915527344,48.09000015258789,24.996952056884766,153700
2006-03-06,48.04999923706055,48.20000076293945,47.56999969482422,47.900001525878906,24.898202896118164,206000
2006-03-07,47.77000045776367,47.9900016784668,46.72999954223633,46.95000076293945,24.404394149780273,314300
2006-03-08,46.79999923706055,46.79999923706055,46.279998779296875,46.5099983215332,24.175676345825195,227000
2006-03-09,46.5099983215332,46.79999923706055,46.25,46.310001373291016,24.071727752685547,197600
2006-03-10,46.470001220703125,46.65999984741211,46.220001220703125,46.36000061035156,24.09771728515625,201800
2006-03-13,46.29999923706055,46.439998626708984,45.779998779296875,45.849998474121094,23.832611083984375,382600
2006-03-14,45.77000045776367,46.40999984741211,45.75,46.20000076293945,24.01454734802246,369000
2006-03-15,46.119998931884766,46.75,45.91999816894531,46.529998779296875,24.186080932617188,316000
2006-03-16,46.54999923706055,46.97999954223633,46.310001373291016,46.43000030517578,24.13409996032715,260600
2006-03-17,46.68000030517578,47.0,46.5,46.86000061035156,24.35761260986328,292900
2006-03-20,46.779998779296875,47.189998626708984,46.68000030517578,46.90999984741211,24.383604049682617,218400
2006-03-21,47.09000015258789,47.2599983215332,46.380001068115234,46.45000076293945,24.144500732421875,229200
2006-03-22,46.369998931884766,46.779998779296875,46.27000045776367,46.7400016784668,24.295225143432617,158700
2006-03-23,46.61000061035156,46.779998779296875,46.04999923706055,46.459999084472656,24.149681091308594,298400
2006-03-24,46.650001525878906,46.880001068115234,46.400001525878906,46.56999969482422,24.20686149597168,307900
2006-03-27,46.349998474121094,46.470001220703125,46.02000045776367,46.2400016784668,24.035335540771484,310200
2006-03-28,46.29999923706055,46.310001373291016,45.70000076293945,45.75,23.780635833740234,305900
2006-03-29,45.869998931884766,46.59000015258789,45.869998931884766,45.95000076293945,23.884601593017578,331500
2006-03-30,45.95000076293945,46.22999954223633,45.779998779296875,45.95000076293945,23.884601593017578,189900
2006-03-31,46.0,46.099998474121094,45.59000015258789,45.7599983215332,23.785837173461914,158600
2006-04-03,46.25,46.52000045776367,45.5099983215332,45.63999938964844,23.723461151123047,310300
2006-04-04,45.650001525878906,46.7599983215332,45.38999938964844,46.689998626708984,24.26923942565918,357900
2006-04-05,46.630001068115234,47.22999954223633,46.619998931884766,47.16999816894531,24.518749237060547,347800
2006-04-06,47.220001220703125,47.5,46.36000061035156,46.63999938964844,24.24324607849121,468900
2006-04-07,46.66999816894531,46.88999938964844,45.470001220703125,45.88999938964844,23.853408813476562,231100
2006-04-10,45.95000076293945,46.130001068115234,44.9900016784668,45.08000183105469,23.432373046875,494000
2006-04-11,45.2400016784668,45.599998474121094,44.209999084472656,44.369998931884766,23.063325881958008,336500
2006-04-12,44.40999984741211,45.119998931884766,44.40999984741211,44.720001220703125,23.24525260925293,251600
2006-04-13,44.75,45.18000030517578,44.4900016784668,44.529998779296875,23.146484375,219300
2006-04-17,44.439998626708984,44.790000915527344,43.650001525878906,44.75,23.260845184326172,383200
2006-04-18,44.900001525878906,45.81999969482422,44.900001525878906,45.79999923706055,23.806625366210938,352800
2006-04-19,45.79999923706055,46.5,45.59000015258789,45.849998474121094,23.832611083984375,225200
2006-04-20,45.72999954223633,45.970001220703125,45.25,45.95000076293945,23.884601593017578,192500
2006-04-21,45.95000076293945,45.95000076293945,45.29999923706055,45.56999969482422,23.687076568603516,569300
2006-04-24,45.560001373291016,45.779998779296875,45.310001373291016,45.45000076293945,23.624696731567383,265900
2006-04-25,45.5,45.849998474121094,45.15999984741211,45.29999923706055,23.54672622680664,290000
2006-04-26,45.61000061035156,45.709999084472656,45.0099983215332,45.060001373291016,23.421977996826172,324200
2006-04-27,44.900001525878906,46.09000015258789,44.650001525878906,45.2599983215332,23.525936126708984,434800
2006-04-28,45.79999923706055,46.04999923706055,43.709999084472656,44.2599983215332,23.00614356994629,551100
2006-05-01,44.2599983215332,44.439998626708984,43.5099983215332,43.779998779296875,22.756633758544922,518900
2006-05-02,43.77000045776367,44.220001220703125,43.58000183105469,43.91999816894531,22.82940673828125,387900
2006-05-03,43.849998474121094,44.29999923706055,43.65999984741211,44.040000915527344,22.89179229736328,377400
2006-05-04,44.029998779296875,44.45000076293945,44.029998779296875,44.2599983215332,23.00614356994629,268400
2006-05-05,44.36000061035156,45.33000183105469,43.95000076293945,45.13999938964844,23.46356201171875,463100
2006-05-08,45.0,45.11000061035156,44.88999938964844,45.02000045776367,23.40119171142578,269300
2006-05-09,45.02000045776367,45.18000030517578,44.880001068115234,45.119998931884766,23.453176498413086,325400
2006-05-10,45.040000915527344,45.04999923706055,44.5,44.52000045776367,23.14128303527832,188800
2006-05-11,44.77000045776367,44.869998931884766,43.849998474121094,43.88999938964844,22.813819885253906,343900
2006-05-12,43.7599983215332,44.560001373291016,43.7400016784668,43.93000030517578,22.834613800048828,388500
2006-05-15,43.95000076293945,44.130001068115234,42.84000015258789,43.189998626708984,22.449953079223633,514200
2006-05-16,43.150001525878906,43.77000045776367,42.79999923706055,43.689998626708984,22.775779724121094,355900
2006-05-17,43.650001525878906,43.650001525878906,42.90999984741211,42.93000030517578,22.379594802856445,404300
2006-05-18,43.09000015258789,43.70000076293945,42.709999084472656,42.709999084472656,22.264894485473633,464000
2006-05-19,42.72999954223633,42.939998626708984,42.33000183105469,42.70000076293945,22.259685516357422,485100
2006-05-22,42.31999969482422,42.91999816894531,41.650001525878906,42.650001525878906,22.233623504638672,625700
2006-05-23,42.900001525878906,42.900001525878906,41.83000183105469,42.0,21.894775390625,498100
2006-05-24,41.95000076293945,42.380001068115234,41.540000915527344,42.220001220703125,22.009464263916016,427200
2006-05-25,42.45000076293945,42.650001525878906,41.810001373291016,42.400001525878906,22.10329246520996,294400
2006-05-26,42.650001525878906,42.97999954223633,42.5099983215332,42.880001068115234,22.353513717651367,199600
2006-05-30,43.959999084472656,44.54999923706055,43.36000061035156,43.43000030517578,22.64023208618164,772800
2006-05-31,43.630001068115234,44.060001373291016,43.099998474121094,43.65999984741211,22.7601375579834,450900
2006-06-01,43.650001525878906,43.84000015258789,43.029998779296875,43.63999938964844,22.74971580505371,264500
2006-06-02,43.81999969482422,44.130001068115234,43.4900016784668,43.7400016784668,22.801841735839844,509000
2006-06-05,43.709999084472656,43.77000045776367,42.380001068115234,42.4900016784668,22.150205612182617,283200
2006-06-06,42.560001373291016,42.619998931884766,41.27000045776367,41.68000030517578,21.72795867919922,452100
2006-06-07,41.900001525878906,41.900001525878906,41.0,41.400001525878906,21.58199119567871,488000
2006-06-08,41.459999084472656,41.459999084472656,40.31999969482422,41.13999938964844,21.44645118713379,363600
2006-06-09,41.13999938964844,41.59000015258789,40.90999984741211,41.41999816894531,21.592416763305664,370000
2006-06-12,41.40999984741211,41.529998779296875,40.15999984741211,40.15999984741211,20.935571670532227,459500
2006-06-13,40.060001373291016,40.369998931884766,39.400001525878906,39.75,20.721830368041992,333600
2006-06-14,39.70000076293945,40.220001220703125,39.56999969482422,39.93000030517578,20.8156795501709,324500
2006-06-15,39.970001220703125,41.2400016784668,39.81999969482422,41.119998931884766,21.436031341552734,304200
2006-06-16,41.220001220703125,41.349998474121094,40.849998474121094,40.849998474121094,21.295270919799805,480500
2006-06-19,40.86000061035156,40.86000061035156,40.029998779296875,40.150001525878906,20.930362701416016,390900
2006-06-20,40.11000061035156,40.5,39.75,40.029998779296875,20.86779022216797,280500
2006-06-21,39.9900016784668,40.779998779296875,39.9900016784668,40.66999816894531,21.20144271850586,412900
2006-06-22,41.0,41.29999923706055,40.439998626708984,40.77000045776367,21.253570556640625,458500
2006-06-23,40.810001373291016,41.150001525878906,40.34000015258789,40.9900016784668,21.36825180053711,201500
2006-06-26,41.220001220703125,41.40999984741211,40.970001220703125,41.349998474121094,21.555923461914062,297000
2006-06-27,41.33000183105469,41.52000045776367,41.209999084472656,41.369998931884766,21.566343307495117,354900
2006-06-28,41.400001525878906,41.5,41.0,41.470001220703125,21.618480682373047,370400
2006-06-29,41.599998474121094,42.189998626708984,41.29999923706055,42.16999816894531,21.983394622802734,246100
2006-06-30,42.22999954223633,42.61000061035156,41.97999954223633,42.31999969482422,22.06159019470215,404100
2006-07-03,42.41999816894531,42.93000030517578,42.119998931884766,42.869998931884766,22.348302841186523,117800
2006-07-05,42.869998931884766,42.91999816894531,41.689998626708984,42.34000015258789,22.072011947631836,457800
2006-07-06,42.34000015258789,42.59000015258789,42.04999923706055,42.470001220703125,22.13978385925293,264600
2006-07-07,42.36000061035156,42.400001525878906,42.0,42.2400016784668,22.019880294799805,505200
2006-07-10,42.220001220703125,42.4900016784668,41.97999954223633,42.15999984741211,21.97817611694336,385600
2006-07-11,42.02000045776367,42.20000076293945,41.709999084472656,42.150001525878906,21.972963333129883,691700
2006-07-12,42.0,42.04999923706055,40.70000076293945,40.95000076293945,21.34740447998047,605500
2006-07-13,40.75,40.75,39.75,40.02000045776367,20.86258888244629,756200
2006-07-14,39.93000030517578,40.13999938964844,39.68000030517578,39.81999969482422,20.75833511352539,288900
2006-07-17,39.66999816894531,40.06999969482422,39.0099983215332,39.11000061035156,20.38820457458496,512400
2006-07-18,39.119998931884766,39.470001220703125,38.84000015258789,39.369998931884766,20.523744583129883,396400
2006-07-19,39.34000015258789,40.06999969482422,38.81999969482422,39.93000030517578,20.8156795501709,470200
2006-07-20,40.0,40.11000061035156,39.18000030517578,39.20000076293945,20.43512725830078,331500
2006-07-21,39.20000076293945,39.2400016784668,38.099998474121094,38.68000030517578,20.16404914855957,349600
2006-07-24,40.5,40.5,39.630001068115234,40.060001373291016,20.883440017700195,383600
2006-07-25,40.0099983215332,40.75,39.849998474121094,40.619998931884766,21.175369262695312,753700
2006-07-26,40.5,40.650001525878906,39.900001525878906,40.0,20.852153778076172,415600
2006-07-27,39.0,39.790000915527344,37.5,39.400001525878906,20.53938102722168,1008900
2006-07-28,39.150001525878906,39.54999923706055,38.880001068115234,39.040000915527344,20.351709365844727,392100
2006-07-31,39.040000915527344,39.5,38.75,39.22999954223633,20.450754165649414,508200
2006-08-01,39.0,39.0,37.900001525878906,37.9900016784668,19.804344177246094,523200
2006-08-02,38.04999923706055,38.41999816894531,37.68000030517578,38.08000183105469,19.85126304626465,601300
2006-08-03,37.939998626708984,38.25,37.560001373291016,38.04999923706055,19.835622787475586,539200
2006-08-04,38.400001525878906,38.72999954223633,38.290000915527344,38.529998779296875,20.085845947265625,527700
2006-08-07,38.41999816894531,38.61000061035156,38.220001220703125,38.2400016784668,19.934669494628906,659500
2006-08-08,38.25,38.25,37.650001525878906,37.77000045776367,19.689659118652344,583300
2006-08-09,37.939998626708984,38.04999923706055,37.29999923706055,37.58000183105469,19.590612411499023,987700
2006-08-10,37.400001525878906,37.779998779296875,37.220001220703125,37.61000061035156,19.606252670288086,269900
2006-08-11,37.619998931884766,37.70000076293945,37.40999984741211,37.56999969482422,19.585399627685547,230600
2006-08-14,37.81999969482422,38.060001373291016,37.7599983215332,37.970001220703125,19.793926239013672,321400
2006-08-15,38.40999984741211,38.7599983215332,38.15999984741211,38.630001068115234,20.13797378540039,292300
2006-08-16,38.5,39.36000061035156,38.41999816894531,39.189998626708984,20.429901123046875,332700
2006-08-17,39.040000915527344,39.869998931884766,38.91999816894531,39.540000915527344,20.612369537353516,636300
2006-08-18,39.619998931884766,39.65999984741211,39.16999816894531,39.540000915527344,20.612369537353516,298900
2006-08-21,39.34000015258789,39.380001068115234,38.95000076293945,39.189998626708984,20.429901123046875,179200
2006-08-22,39.02000045776367,39.34000015258789,38.97999954223633,39.31999969482422,20.497682571411133,281000
2006-08-23,39.189998626708984,39.70000076293945,39.189998626708984,39.540000915527344,20.6781063079834,287300
2006-08-24,39.63999938964844,39.63999938964844,39.04999923706055,39.470001220703125,20.641496658325195,513200
2006-08-25,39.5,40.16999816894531,39.470001220703125,40.08000183105469,20.96050453186035,469500
2006-08-28,40.220001220703125,40.959999084472656,40.220001220703125,40.959999084472656,21.420713424682617,416300
2006-08-29,41.0,41.779998779296875,40.95000076293945,41.709999084472656,21.81293487548828,598500
2006-08-30,41.810001373291016,43.130001068115234,41.810001373291016,42.959999084472656,22.46664810180664,739600
2006-08-31,43.15999984741211,43.38999938964844,42.79999923706055,42.91999816894531,22.445724487304688,484900
2006-09-01,43.47999954223633,43.72999954223633,42.84000015258789,43.52000045776367,22.759511947631836,263300
2006-09-05,43.52000045776367,44.15999984741211,43.31999969482422,44.119998931884766,23.073284149169922,365600
2006-09-06,44.02000045776367,44.029998779296875,43.279998779296875,43.4900016784668,22.743810653686523,581300
2006-09-07,43.2400016784668,43.380001068115234,42.7400016784668,42.83000183105469,22.398672103881836,504500
2006-09-08,43.709999084472656,44.779998779296875,42.7599983215332,44.31999969482422,23.177881240844727,946200
2006-09-11,44.20000076293945,44.20000076293945,43.59000015258789,43.849998474121094,22.932085037231445,505900
2006-09-12,43.849998474121094,44.58000183105469,43.70000076293945,44.529998779296875,23.28770637512207,405100
2006-09-13,43.75,43.75,41.709999084472656,42.88999938964844,22.430028915405273,2235600
2006-09-14,41.5,42.27000045776367,41.27000045776367,41.77000045776367,21.844318389892578,807200
2006-09-15,41.88999938964844,41.91999816894531,41.529998779296875,41.88999938964844,21.907075881958008,745400
2006-09-18,41.91999816894531,42.58000183105469,41.90999984741211,42.209999084472656,22.074424743652344,604100
2006-09-19,42.209999084472656,42.290000915527344,41.56999969482422,42.15999984741211,22.048267364501953,439800
2006-09-20,42.2599983215332,43.470001220703125,42.2599983215332,43.400001525878906,22.696746826171875,742700
2006-09-21,43.40999984741211,43.63999938964844,42.91999816894531,43.18000030517578,22.581697463989258,507900
2006-09-22,43.189998626708984,43.34000015258789,42.91999816894531,43.29999923706055,22.644451141357422,196500
2006-09-25,43.2599983215332,44.04999923706055,43.2599983215332,43.88999938964844,22.9530029296875,537800
2006-09-26,43.90999984741211,44.13999938964844,43.72999954223633,44.04999923706055,23.036684036254883,364800
2006-09-27,43.81999969482422,44.72999954223633,43.81999969482422,44.63999938964844,23.34523582458496,525900
2006-09-28,44.790000915527344,44.900001525878906,44.27000045776367,44.709999084472656,23.3818359375,290800
2006-09-29,44.709999084472656,44.97999954223633,44.45000076293945,44.4900016784668,23.26679229736328,245200
2006-10-02,44.56999969482422,44.7400016784668,44.02000045776367,44.56999969482422,23.308618545532227,270400
2006-10-03,44.58000183105469,44.86000061035156,44.22999954223633,44.470001220703125,23.256324768066406,285900
2006-10-04,44.36000061035156,45.400001525878906,44.36000061035156,45.310001373291016,23.695621490478516,289700
2006-10-05,45.31999969482422,46.150001525878906,44.93000030517578,46.08000183105469,24.09830093383789,487900
2006-10-06,45.91999816894531,46.130001068115234,45.52000045776367,46.08000183105469,24.09830093383789,246000
2006-10-09,46.06999969482422,46.630001068115234,45.869998931884766,46.59000015258789,24.365020751953125,149000
2006-10-10,46.599998474121094,46.599998474121094,45.959999084472656,46.38999938964844,24.260419845581055,581900
2006-10-11,46.38999938964844,46.7400016784668,45.650001525878906,45.880001068115234,23.993717193603516,538700
2006-10-12,45.970001220703125,46.20000076293945,45.7599983215332,46.0,24.05646324157715,372900
2006-10-13,46.5,46.5,45.380001068115234,46.04999923706055,24.082609176635742,376100
2006-10-16,46.099998474121094,47.150001525878906,46.099998474121094,47.150001525878906,24.657873153686523,328100
2006-10-17,46.61000061035156,46.61000061035156,45.720001220703125,45.90999984741211,24.009401321411133,436400
2006-10-18,46.119998931884766,46.2400016784668,45.650001525878906,46.06999969482422,24.093067169189453,261500
2006-10-19,45.88999938964844,46.2599983215332,45.52000045776367,46.150001525878906,24.134912490844727,332300
2006-10-20,46.060001373291016,46.06999969482422,45.06999969482422,45.380001068115234,23.732215881347656,577900
2006-10-23,45.279998779296875,45.900001525878906,45.08000183105469,45.599998474121094,23.847278594970703,229700
2006-10-24,45.310001373291016,45.779998779296875,45.310001373291016,45.650001525878906,23.873432159423828,129000
2006-10-25,45.689998626708984,46.349998474121094,45.689998626708984,46.029998779296875,24.072162628173828,296600
2006-10-26,47.47999954223633,50.45000076293945,47.25,49.88999938964844,26.090801239013672,1331300
2006-10-27,49.63999938964844,49.7599983215332,48.970001220703125,49.189998626708984,25.724740982055664,648400
2006-10-30,48.75,49.939998626708984,48.75,49.79999923706055,26.043725967407227,560600
2006-10-31,49.79999923706055,50.029998779296875,49.189998626708984,49.459999084472656,25.865936279296875,398700
2006-11-01,49.599998474121094,49.90999984741211,48.959999084472656,49.0,25.625362396240234,420700
2006-11-02,48.70000076293945,49.43000030517578,48.310001373291016,49.08000183105469,25.667198181152344,431700
2006-11-03,49.189998626708984,49.54999923706055,48.72999954223633,49.220001220703125,25.74041748046875,202800
2006-11-06,49.380001068115234,49.56999969482422,49.09000015258789,49.310001373291016,25.7874813079834,223100
2006-11-07,49.209999084472656,49.65999984741211,49.119998931884766,49.18000030517578,25.719482421875,345600
2006-11-08,48.86000061035156,49.65999984741211,48.86000061035156,49.5,25.88684844970703,177900
2006-11-09,49.540000915527344,49.70000076293945,49.09000015258789,49.15999984741211,25.709041595458984,176200
2006-11-10,49.29999923706055,49.380001068115234,48.83000183105469,49.279998779296875,25.771787643432617,174100
2006-11-13,49.279998779296875,49.70000076293945,49.20000076293945,49.45000076293945,25.860702514648438,156400
2006-11-14,49.43000030517578,49.810001373291016,48.900001525878906,49.779998779296875,26.099252700805664,234700
2006-11-15,49.79999923706055,49.79999923706055,49.36000061035156,49.58000183105469,25.994403839111328,202400
2006-11-16,49.79999923706055,49.79999923706055,49.5,49.7599983215332,26.088768005371094,256100
2006-11-17,49.709999084472656,49.9900016784668,49.400001525878906,49.59000015258789,25.999635696411133,227800
2006-11-20,49.58000183105469,49.79999923706055,49.45000076293945,49.59000015258789,25.999635696411133,238700
2006-11-21,49.5099983215332,50.279998779296875,49.2599983215332,49.86000061035156,26.14120101928711,256200
2006-11-22,49.79999923706055,50.41999816894531,49.599998474121094,50.34000015258789,26.39284896850586,326100
2006-11-24,50.0,50.369998931884766,50.0,50.369998931884766,26.40858268737793,94800
2006-11-27,50.349998474121094,50.36000061035156,49.130001068115234,49.189998626708984,25.789932250976562,364600
2006-11-28,49.15999984741211,49.65999984741211,48.900001525878906,49.439998626708984,25.920995712280273,361500
2006-11-29,49.59000015258789,49.97999954223633,49.2400016784668,49.5,25.95245361328125,154500
2006-11-30,49.560001373291016,49.939998626708984,49.25,49.470001220703125,25.936716079711914,282500
2006-12-01,49.599998474121094,49.7400016784668,48.939998626708984,49.47999954223633,25.941957473754883,118500
2006-12-04,49.7400016784668,49.83000183105469,49.439998626708984,49.66999816894531,26.041574478149414,279900
2006-12-05,49.849998474121094,50.11000061035156,49.56999969482422,49.75,26.083526611328125,433700
2006-12-06,49.9900016784668,50.31999969482422,49.380001068115234,49.4900016784668,25.94721031188965,695800
2006-12-07,49.63999938964844,50.25,49.63999938964844,49.95000076293945,26.188373565673828,290600
2006-12-08,49.95000076293945,50.84000015258789,49.599998474121094,50.52000045776367,26.48723030090332,586500
2006-12-11,51.099998474121094,51.279998779296875,50.70000076293945,50.83000183105469,26.649765014648438,507600
2006-12-12,53.0,54.720001220703125,52.5,53.38999938964844,27.99195098876953,1799000
2006-12-13,54.0,54.02000045776367,52.20000076293945,52.290000915527344,27.415239334106445,926300
2006-12-14,52.220001220703125,52.33000183105469,51.11000061035156,51.369998931884766,26.932870864868164,833100
2006-12-15,51.61000061035156,51.61000061035156,51.099998474121094,51.099998474121094,26.791324615478516,633700
2006-12-18,51.20000076293945,51.43000030517578,51.119998931884766,51.20000076293945,26.84375,288500
2006-12-19,51.20000076293945,51.40999984741211,50.709999084472656,51.06999969482422,26.775590896606445,290000
2006-12-20,51.209999084472656,51.52000045776367,51.209999084472656,51.369998931884766,26.932870864868164,169600
2006-12-21,51.599998474121094,51.599998474121094,51.04999923706055,51.150001525878906,26.817543029785156,185900
2006-12-22,51.2400016784668,51.459999084472656,51.150001525878906,51.16999816894531,26.828022003173828,279100
2006-12-26,51.279998779296875,51.689998626708984,51.15999984741211,51.619998931884766,27.063949584960938,131100
2006-12-27,51.88999938964844,52.20000076293945,51.7400016784668,52.11000061035156,27.320850372314453,171500
2006-12-28,52.2400016784668,52.45000076293945,52.04999923706055,52.06999969482422,27.299877166748047,178900
2006-12-29,52.13999938964844,52.41999816894531,51.650001525878906,51.650001525878906,27.079679489135742,197400
2007-01-03,51.66999816894531,52.540000915527344,51.65999984741211,52.13999938964844,27.336589813232422,615000
2007-01-04,52.349998474121094,52.689998626708984,52.13999938964844,52.560001373291016,27.556777954101562,343300
2007-01-05,52.380001068115234,52.40999984741211,52.11000061035156,52.209999084472656,27.373279571533203,324300
2007-01-08,52.060001373291016,52.06999969482422,51.650001525878906,51.849998474121094,27.184528350830078,276100
2007-01-09,51.939998626708984,52.04999923706055,51.7599983215332,52.040000915527344,27.284147262573242,209800
2007-01-10,52.25,52.630001068115234,52.06999969482422,52.540000915527344,27.546300888061523,433300
2007-01-11,52.56999969482422,53.470001220703125,52.540000915527344,53.34000015258789,27.965726852416992,716800
2007-01-12,53.150001525878906,53.70000076293945,53.150001525878906,53.68000030517578,28.144001007080078,337900
2007-01-16,53.66999816894531,53.939998626708984,53.47999954223633,53.52000045776367,28.060110092163086,242600
2007-01-17,53.52000045776367,53.81999969482422,53.52000045776367,53.75,28.18069076538086,248900
2007-01-18,53.83000183105469,54.279998779296875,53.75,54.0099983215332,28.317005157470703,336900
2007-01-19,53.90999984741211,54.45000076293945,53.65999984741211,54.38999938964844,28.516237258911133,259800
2007-01-22,54.31999969482422,54.33000183105469,53.79999923706055,53.81999969482422,28.21739387512207,520500
2007-01-23,53.810001373291016,54.59000015258789,53.79999923706055,54.279998779296875,28.45857810974121,831400
2007-01-24,54.25,54.25,53.58000183105469,53.709999084472656,28.15971565246582,807300
2007-01-25,53.77000045776367,54.040000915527344,53.349998474121094,53.47999954223633,28.039134979248047,516600
2007-01-26,53.66999816894531,53.66999816894531,53.060001373291016,53.150001525878906,27.86611557006836,393600
2007-01-29,53.29999923706055,53.40999984741211,52.900001525878906,53.0099983215332,27.79271697998047,967800
2007-01-30,53.02000045776367,53.220001220703125,52.75,53.11000061035156,27.84514808654785,588100
2007-01-31,53.119998931884766,53.650001525878906,53.0,53.56999969482422,28.08633041381836,629300
2007-02-01,53.650001525878906,53.90999984741211,53.56999969482422,53.790000915527344,28.201675415039062,668900
2007-02-02,53.790000915527344,54.189998626708984,53.70000076293945,54.16999816894531,28.400894165039062,418700
2007-02-05,54.06999969482422,54.279998779296875,54.0,54.22999954223633,28.432355880737305,335600
2007-02-06,54.189998626708984,54.63999938964844,54.18000030517578,54.43000030517578,28.60314178466797,701000
2007-02-07,54.4900016784668,54.83000183105469,54.400001525878906,54.68000030517578,28.734516143798828,801700
2007-02-08,54.630001068115234,54.790000915527344,54.40999984741211,54.630001068115234,28.708242416381836,657500
2007-02-09,54.630001068115234,54.689998626708984,54.34000015258789,54.400001525878906,28.58737564086914,297800
2007-02-12,54.2599983215332,54.65999984741211,54.2599983215332,54.54999923706055,28.666200637817383,200100
2007-02-13,54.7400016784668,54.75,54.400001525878906,54.66999816894531,28.72926139831543,311900
2007-02-14,54.650001525878906,54.81999969482422,54.54999923706055,54.70000076293945,28.745027542114258,833900
2007-02-15,54.5,54.5,52.61000061035156,53.52000045776367,28.124937057495117,1334500
2007-02-16,53.369998931884766,53.63999938964844,53.0099983215332,53.369998931884766,28.04610252380371,524900
2007-02-20,55.5,57.45000076293945,55.25,57.0099983215332,29.958934783935547,2885100
2007-02-21,57.099998474121094,57.400001525878906,56.380001068115234,57.040000915527344,29.97471046447754,1576500
2007-02-22,49.5,49.5099983215332,47.04999923706055,47.59000015258789,29.088422775268555,1518100
2007-02-23,48.0,48.41999816894531,47.130001068115234,47.900001525878906,29.27790069580078,1473600
2007-02-26,48.150001525878906,48.29999923706055,46.790000915527344,46.79999923706055,28.605548858642578,853200
2007-02-27,44.650001525878906,45.36000061035156,43.54999923706055,44.0,26.894107818603516,1431100
2007-02-28,44.25,44.75,43.849998474121094,44.11000061035156,26.96133804321289,915700
2007-03-01,43.70000076293945,44.11000061035156,42.790000915527344,43.540000915527344,26.612939834594727,858900
2007-03-02,43.349998474121094,43.38999938964844,42.380001068115234,42.45000076293945,25.94670867919922,915200
2007-03-05,41.650001525878906,41.650001525878906,40.599998474121094,41.0099983215332,25.066524505615234,1252100
2007-03-06,41.400001525878906,41.709999084472656,40.95000076293945,41.43000030517578,25.32325553894043,816000
2007-03-07,41.5,41.83000183105469,41.150001525878906,41.599998474121094,25.427148818969727,640900
2007-03-08,41.79999923706055,42.220001220703125,41.7599983215332,41.81999969482422,25.56162452697754,614100
2007-03-09,42.02000045776367,42.11000061035156,41.41999816894531,41.779998779296875,25.537174224853516,317000
2007-03-12,41.90999984741211,41.97999954223633,41.54999923706055,41.72999954223633,25.506614685058594,301500
2007-03-13,41.5099983215332,41.52000045776367,40.95000076293945,41.0,25.06041717529297,868200
2007-03-14,41.040000915527344,41.59000015258789,40.56999969482422,41.25,25.213224411010742,678500
2007-03-15,41.25,41.7599983215332,40.95000076293945,41.0099983215332,25.066524505615234,326300
2007-03-16,41.0099983215332,41.0099983215332,40.65999984741211,40.86000061035156,24.9748477935791,478600
2007-03-19,41.18000030517578,41.779998779296875,40.95000076293945,41.689998626708984,25.482160568237305,594000
2007-03-20,41.689998626708984,42.2400016784668,41.61000061035156,42.130001068115234,25.75111198425293,425700
2007-03-21,42.130001068115234,43.22999954223633,42.0,43.0099983215332,26.288990020751953,566200
2007-03-22,43.18000030517578,43.650001525878906,42.93000030517578,43.619998931884766,26.661842346191406,724400
2007-03-23,43.619998931884766,44.189998626708984,43.619998931884766,43.880001068115234,26.820758819580078,524500
2007-03-26,43.95000076293945,44.16999816894531,43.630001068115234,44.029998779296875,26.912456512451172,466900
2007-03-27,44.0,44.150001525878906,43.650001525878906,43.75,26.74129867553711,334700
2007-03-28,43.66999816894531,43.90999984741211,43.22999954223633,43.66999816894531,26.692398071289062,344900
2007-03-29,43.66999816894531,44.2400016784668,43.599998474121094,43.84000015258789,26.79631233215332,339600
2007-03-30,43.84000015258789,44.66999816894531,43.81999969482422,44.029998779296875,26.912456512451172,353100
2007-04-02,44.029998779296875,44.439998626708984,44.0099983215332,44.400001525878906,27.13860321044922,314200
2007-04-03,44.5,45.59000015258789,44.5,45.11000061035156,27.57257080078125,515900
2007-04-04,45.189998626708984,45.31999969482422,44.779998779296875,44.849998474121094,27.413654327392578,233800
2007-04-05,44.75,45.04999923706055,44.630001068115234,44.65999984741211,27.29751968383789,219300
2007-04-09,44.65999984741211,44.79999923706055,44.38999938964844,44.41999816894531,27.150821685791016,330200
2007-04-10,44.369998931884766,45.45000076293945,44.369998931884766,45.13999938964844,27.590906143188477,405400
2007-04-11,45.13999938964844,45.41999816894531,44.83000183105469,45.04999923706055,27.535900115966797,288100
2007-04-12,44.95000076293945,44.95000076293945,44.45000076293945,44.689998626708984,27.31585121154785,353600
2007-04-13,44.70000076293945,45.16999816894531,44.630001068115234,45.029998779296875,27.523685455322266,311300
2007-04-16,45.16999816894531,46.029998779296875,45.16999816894531,45.869998931884766,28.0371036529541,381800
2007-04-17,45.810001373291016,47.25,45.810001373291016,46.630001068115234,28.501636505126953,572200
2007-04-18,46.540000915527344,46.599998474121094,45.709999084472656,45.900001525878906,28.055452346801758,384500
2007-04-19,45.599998474121094,45.900001525878906,45.20000076293945,45.63999938964844,27.89653205871582,290800
2007-04-20,45.849998474121094,46.119998931884766,45.630001068115234,45.66999816894531,27.914854049682617,282000
2007-04-23,45.58000183105469,45.849998474121094,45.540000915527344,45.63999938964844,27.89653205871582,261500
2007-04-24,45.63999938964844,45.81999969482422,45.29999923706055,45.689998626708984,27.927078247070312,210100
2007-04-25,45.790000915527344,46.08000183105469,45.56999969482422,46.02000045776367,28.128786087036133,345700
2007-04-26,45.970001220703125,46.040000915527344,45.5,45.709999084472656,27.939308166503906,230900
2007-04-27,45.5,46.16999816894531,45.5,45.810001373291016,28.00044059753418,230800
2007-04-30,45.900001525878906,45.900001525878906,44.869998931884766,44.970001220703125,27.487016677856445,311300
2007-05-01,44.970001220703125,47.29999923706055,44.970001220703125,45.869998931884766,28.0371036529541,1062900
2007-05-02,45.880001068115234,47.09000015258789,45.86000061035156,46.880001068115234,28.65445327758789,720900
2007-05-03,46.86000061035156,47.08000183105469,46.52000045776367,46.66999816894531,28.526081085205078,481400
2007-05-04,46.86000061035156,46.86000061035156,46.09000015258789,46.45000076293945,28.39162254333496,323900
2007-05-07,46.630001068115234,46.939998626708984,46.52000045776367,46.560001373291016,28.458847045898438,276100
2007-05-08,46.369998931884766,46.560001373291016,45.7599983215332,46.41999816894531,28.373287200927734,360400
2007-05-09,46.349998474121094,46.869998931884766,46.310001373291016,46.70000076293945,28.544418334960938,235600
2007-05-10,46.59000015258789,46.689998626708984,46.09000015258789,46.150001525878906,28.208250045776367,161200
2007-05-11,46.13999938964844,46.47999954223633,45.93000030517578,46.189998626708984,28.232696533203125,217000
2007-05-14,46.2400016784668,46.54999923706055,46.09000015258789,46.41999816894531,28.373287200927734,292600
2007-05-15,46.400001525878906,46.529998779296875,45.900001525878906,46.0,28.1165714263916,299000
2007-05-16,46.029998779296875,46.560001373291016,45.95000076293945,46.540000915527344,28.446630477905273,248600
2007-05-17,46.459999084472656,46.5,46.099998474121094,46.13999938964844,28.202131271362305,270700
2007-05-18,46.20000076293945,46.54999923706055,46.20000076293945,46.5,28.42218017578125,211200
2007-05-21,46.43000030517578,46.83000183105469,46.18000030517578,46.83000183105469,28.62389373779297,234200
2007-05-22,46.68000030517578,46.88999938964844,46.25,46.400001525878906,28.436962127685547,221900
2007-05-23,46.400001525878906,46.540000915527344,45.900001525878906,45.93000030517578,28.148921966552734,180100
2007-05-24,45.900001525878906,46.209999084472656,45.59000015258789,45.619998931884766,27.95892333984375,297700
2007-05-25,45.86000061035156,46.2599983215332,45.77000045776367,45.970001220703125,28.173425674438477,283100
2007-05-29,45.9900016784668,46.189998626708984,45.70000076293945,45.849998474121094,28.099882125854492,198200
2007-05-30,45.70000076293945,46.040000915527344,45.349998474121094,46.040000915527344,28.216333389282227,356100
2007-05-31,46.59000015258789,46.59000015258789,45.810001373291016,46.040000915527344,28.216333389282227,406700
2007-06-01,46.040000915527344,46.349998474121094,45.400001525878906,45.61000061035156,27.952787399291992,579900
2007-06-04,45.400001525878906,45.84000015258789,45.02000045776367,45.72999954223633,28.02634620666504,416200
2007-06-05,45.68000030517578,46.56999969482422,45.650001525878906,46.22999954223633,28.33278465270996,323800
2007-06-06,45.93000030517578,45.93000030517578,43.45000076293945,43.970001220703125,26.947702407836914,998800
2007-06-07,43.959999084472656,44.06999969482422,43.20000076293945,43.20000076293945,26.47578239440918,664300
2007-06-08,43.04999923706055,43.439998626708984,42.279998779296875,43.43000030517578,26.616741180419922,370600
2007-06-11,43.25,43.52000045776367,42.95000076293945,43.119998931884766,26.426769256591797,420100
2007-06-12,43.040000915527344,43.56999969482422,42.790000915527344,43.189998626708984,26.46965217590332,368700
2007-06-13,43.2400016784668,43.88999938964844,43.0,43.810001373291016,26.84964942932129,280400
2007-06-14,43.939998626708984,44.709999084472656,43.939998626708984,44.380001068115234,27.198984146118164,400500
2007-06-15,44.599998474121094,44.93000030517578,44.470001220703125,44.630001068115234,27.352191925048828,325900
2007-06-18,44.79999923706055,44.939998626708984,44.380001068115234,44.40999984741211,27.217363357543945,283200
2007-06-19,44.33000183105469,44.560001373291016,43.72999954223633,44.41999816894531,27.223487854003906,263300
2007-06-20,44.380001068115234,44.380001068115234,43.15999984741211,43.189998626708984,26.46965217590332,492900
2007-06-21,43.11000061035156,43.5,42.65999984741211,43.4900016784668,26.653520584106445,290100
2007-06-22,43.459999084472656,43.86000061035156,42.95000076293945,42.97999954223633,26.34096908569336,347600
2007-06-25,42.97999954223633,43.650001525878906,42.790000915527344,43.45000076293945,26.629005432128906,326200
2007-06-26,43.529998779296875,43.95000076293945,43.31999969482422,43.52000045776367,26.671907424926758,278300
2007-06-27,43.20000076293945,43.34000015258789,42.939998626708984,43.13999938964844,26.43902587890625,361800
2007-06-28,43.099998474121094,43.22999954223633,42.7599983215332,42.91999816894531,26.304187774658203,392500
2007-06-29,43.0,43.29999923706055,42.70000076293945,42.939998626708984,26.316442489624023,417700
2007-07-02,43.2599983215332,43.959999084472656,43.040000915527344,43.310001373291016,26.54319953918457,299800
2007-07-03,43.34000015258789,43.45000076293945,42.459999084472656,42.65999984741211,26.14484214782715,313700
2007-07-05,42.630001068115234,42.63999938964844,41.83000183105469,42.119998931884766,25.81389808654785,507100
2007-07-06,42.119998931884766,42.599998474121094,42.099998474121094,42.459999084472656,26.022266387939453,325700
2007-07-09,40.790000915527344,43.13999938964844,40.790000915527344,42.2599983215332,25.899700164794922,1067500
2007-07-10,44.29999923706055,45.279998779296875,43.459999084472656,43.650001525878906,26.75157356262207,1539400
2007-07-11,43.650001525878906,44.040000915527344,43.5,43.91999816894531,26.91705894470215,574200
2007-07-12,44.209999084472656,45.0,43.97999954223633,44.31999969482422,27.16219711303711,313800
2007-07-13,44.34000015258789,44.68000030517578,44.060001373291016,44.599998474121094,27.333812713623047,295400
2007-07-16,44.4900016784668,44.9900016784668,44.09000015258789,44.220001220703125,27.100919723510742,374900
2007-07-17,44.11000061035156,44.59000015258789,43.66999816894531,43.70000076293945,26.78223419189453,579600
2007-07-18,43.13999938964844,44.04999923706055,42.869998931884766,43.810001373291016,26.84964942932129,459200
2007-07-19,43.9900016784668,44.02000045776367,43.33000183105469,43.45000076293945,26.629005432128906,669800
2007-07-20,43.380001068115234,43.599998474121094,43.11000061035156,43.34000015258789,26.561595916748047,400700
2007-07-23,43.439998626708984,44.4900016784668,43.439998626708984,44.15999984741211,27.064146041870117,659800
2007-07-24,43.599998474121094,44.099998474121094,42.43000030517578,42.720001220703125,26.181617736816406,512700
2007-07-25,43.0,43.36000061035156,42.349998474121094,42.599998474121094,26.108081817626953,546500
2007-07-26,42.22999954223633,42.59000015258789,40.939998626708984,41.75,25.587139129638672,402500
2007-07-27,41.709999084472656,42.08000183105469,40.880001068115234,40.880001068115234,25.05394744873047,400900
2007-07-30,40.900001525878906,41.439998626708984,40.599998474121094,41.22999954223633,25.268444061279297,364200
2007-07-31,41.20000076293945,41.65999984741211,40.959999084472656,40.9900016784668,25.121356964111328,667400
2007-08-01,41.72999954223633,42.81999969482422,41.31999969482422,42.16999816894531,25.84453773498535,959200
2007-08-02,42.380001068115234,43.72999954223633,42.189998626708984,43.560001373291016,26.69642448425293,848800
2007-08-03,43.68000030517578,44.400001525878906,43.47999954223633,43.58000183105469,26.70867919921875,839900
2007-08-06,43.0,44.15999984741211,42.880001068115234,44.040000915527344,26.990602493286133,531800
2007-08-07,43.79999923706055,45.25,43.779998779296875,44.81999969482422,27.46863555908203,720400
2007-08-08,45.5,49.58000183105469,45.380001068115234,47.97999954223633,29.405282974243164,1569000
2007-08-09,47.2400016784668,49.689998626708984,46.869998931884766,48.93000030517578,29.987504959106445,1457900
2007-08-10,48.349998474121094,49.33000183105469,44.75,46.75,28.651456832885742,1272400
2007-08-13,46.869998931884766,47.08000183105469,45.40999984741211,45.90999984741211,28.13666343688965,768900
2007-08-14,45.900001525878906,46.29999923706055,44.79999923706055,44.810001373291016,27.462509155273438,451900
2007-08-15,44.650001525878906,45.310001373291016,42.939998626708984,43.09000015258789,26.408370971679688,433000
2007-08-16,42.529998779296875,45.59000015258789,42.47999954223633,44.22999954223633,27.10704231262207,859400
2007-08-17,45.349998474121094,45.7599983215332,44.369998931884766,44.779998779296875,27.444120407104492,445700
2007-08-20,44.68000030517578,46.529998779296875,44.68000030517578,45.970001220703125,28.173425674438477,383900
2007-08-21,45.709999084472656,46.45000076293945,44.150001525878906,45.08000183105469,27.703310012817383,345000
2007-08-22,45.400001525878906,46.04999923706055,45.279998779296875,45.599998474121094,28.022878646850586,330600
2007-08-23,45.83000183105469,46.18000030517578,44.5099983215332,44.81999969482422,27.543533325195312,366300
2007-08-24,44.5,45.599998474121094,43.66999816894531,45.599998474121094,28.022878646850586,378500
2007-08-27,45.540000915527344,45.95000076293945,44.880001068115234,45.40999984741211,27.906105041503906,281700
2007-08-28,45.27000045776367,46.2599983215332,44.189998626708984,44.209999084472656,27.16866111755371,462400
2007-08-29,44.34000015258789,44.880001068115234,43.95000076293945,44.709999084472656,27.475923538208008,339400
2007-08-30,44.36000061035156,45.779998779296875,44.31999969482422,45.33000183105469,27.85694694519043,467500
2007-08-31,45.849998474121094,45.849998474121094,44.869998931884766,45.2599983215332,27.813926696777344,440500
2007-09-04,45.209999084472656,45.97999954223633,44.880001068115234,45.68000030517578,28.072023391723633,362400
2007-09-05,45.290000915527344,45.779998779296875,44.95000076293945,45.119998931884766,27.727882385253906,372100
2007-09-06,45.20000076293945,45.380001068115234,44.75,45.0,27.654142379760742,326300
2007-09-07,44.380001068115234,44.45000076293945,43.22999954223633,43.81999969482422,26.928991317749023,416100
2007-09-10,43.75,44.02000045776367,42.880001068115234,43.43000030517578,26.689327239990234,394900
2007-09-11,43.529998779296875,43.83000183105469,43.279998779296875,43.7400016784668,26.879831314086914,299200
2007-09-12,43.709999084472656,44.58000183105469,43.619998931884766,44.130001068115234,27.119503021240234,345700
2007-09-13,44.2599983215332,45.16999816894531,44.2599983215332,45.130001068115234,27.734045028686523,400500
2007-09-14,44.84000015258789,45.5,44.36000061035156,45.099998474121094,27.715595245361328,437200
2007-09-17,45.040000915527344,45.130001068115234,43.77000045776367,43.869998931884766,26.959714889526367,582300
2007-09-18,43.869998931884766,44.25,43.59000015258789,44.189998626708984,27.156370162963867,478400
2007-09-19,44.290000915527344,44.38999938964844,43.849998474121094,44.22999954223633,27.18095588684082,778700
2007-09-20,44.11000061035156,44.18000030517578,43.54999923706055,43.93000030517578,26.996593475341797,504800
2007-09-21,43.900001525878906,44.47999954223633,43.72999954223633,44.33000183105469,27.242414474487305,438600
2007-09-24,44.18000030517578,44.689998626708984,44.0,44.25,27.19324493408203,281300
2007-09-25,43.75,43.79999923706055,41.779998779296875,42.29999923706055,25.994897842407227,1273300
2007-09-26,42.15999984741211,42.599998474121094,41.95000076293945,42.4900016784668,26.111671447753906,507200
2007-09-27,42.5,43.060001373291016,42.25,43.029998779296875,26.44351577758789,352300
2007-09-28,42.970001220703125,43.349998474121094,42.400001525878906,42.75,26.27143669128418,359000
2007-10-01,42.88999938964844,43.02000045776367,42.36000061035156,42.9900016784668,26.418930053710938,371300
2007-10-02,42.849998474121094,42.88999938964844,42.20000076293945,42.54999923706055,26.148521423339844,313600
2007-10-03,42.400001525878906,43.31999969482422,42.29999923706055,43.209999084472656,26.55412483215332,431000
2007-10-04,43.279998779296875,44.130001068115234,43.119998931884766,43.970001220703125,27.021167755126953,559500
2007-10-05,44.4900016784668,45.02000045776367,44.27000045776367,44.970001220703125,27.635725021362305,544500
2007-10-08,44.810001373291016,46.900001525878906,44.65999984741211,45.2599983215332,27.813926696777344,497400
2007-10-09,45.119998931884766,45.439998626708984,44.97999954223633,45.400001525878906,27.89995765686035,436100
2007-10-10,45.16999816894531,45.279998779296875,44.4900016784668,44.84000015258789,27.555816650390625,297600
2007-10-11,44.97999954223633,45.04999923706055,43.56999969482422,44.15999984741211,27.1379337310791,596900
2007-10-12,44.06999969482422,44.529998779296875,43.849998474121094,44.18000030517578,27.15022850036621,307700
2007-10-15,44.18000030517578,44.40999984741211,43.25,43.54999923706055,26.7630615234375,477600
2007-10-16,43.56999969482422,43.68000030517578,43.380001068115234,43.52000045776367,26.744640350341797,340300
2007-10-17,43.84000015258789,43.91999816894531,42.369998931884766,42.68000030517578,26.22842025756836,436400
2007-10-18,42.47999954223633,42.79999923706055,42.209999084472656,42.52000045776367,26.130098342895508,431100
2007-10-19,42.52000045776367,42.65999984741211,41.81999969482422,41.84000015258789,25.71221160888672,367100
2007-10-22,41.7400016784668,43.77000045776367,41.47999954223633,43.08000183105469,26.474233627319336,521800
2007-10-23,43.209999084472656,43.25,42.31999969482422,42.599998474121094,26.179256439208984,288600
2007-10-24,42.2599983215332,42.68000030517578,41.709999084472656,42.290000915527344,25.988754272460938,319000
2007-10-25,42.38999938964844,43.220001220703125,42.38999938964844,42.88999938964844,26.357467651367188,471100
2007-10-26,43.099998474121094,43.119998931884766,42.52000045776367,43.029998779296875,26.44351577758789,257800
2007-10-29,43.2400016784668,43.9900016784668,43.04999923706055,43.91999816894531,26.990446090698242,351600
2007-10-30,43.720001220703125,45.439998626708984,43.58000183105469,45.0099983215332,27.660289764404297,584400
2007-10-31,44.9900016784668,46.16999816894531,44.970001220703125,45.88999938964844,28.201099395751953,625400
2007-11-01,40.5,41.970001220703125,38.04999923706055,38.689998626708984,23.776416778564453,3068200
2007-11-02,39.65999984741211,39.68000030517578,38.0,38.70000076293945,23.782569885253906,938300
2007-11-05,43.5,43.5,39.72999954223633,40.63999938964844,24.974767684936523,1143200
2007-11-06,40.61000061035156,40.66999816894531,39.41999816894531,40.119998931884766,24.65520477294922,692600
2007-11-07,39.95000076293945,39.95000076293945,38.56999969482422,38.7599983215332,23.819435119628906,584700
2007-11-08,38.91999816894531,39.38999938964844,37.900001525878906,38.25,23.506027221679688,856900
2007-11-09,37.88999938964844,38.25,37.4900016784668,37.61000061035156,23.11272621154785,551400
2007-11-12,37.65999984741211,38.36000061035156,37.0,37.099998474121094,22.7993106842041,514200
2007-11-13,37.29999923706055,37.619998931884766,36.93000030517578,37.5,23.045124053955078,465500
2007-11-14,37.619998931884766,38.02000045776367,37.15999984741211,37.54999923706055,23.075857162475586,435500
2007-11-15,37.29999923706055,37.79999923706055,37.0099983215332,37.52000045776367,23.057416915893555,457200
2007-11-16,37.70000076293945,38.04999923706055,36.689998626708984,37.11000061035156,22.805452346801758,453600
2007-11-19,36.81999969482422,36.81999969482422,35.59000015258789,35.630001068115234,21.969934463500977,423700
2007-11-20,35.630001068115234,35.970001220703125,34.560001373291016,35.11000061035156,21.6492977142334,604200
2007-11-21,34.75,35.099998474121094,34.18000030517578,34.18000030517578,21.07585906982422,381000
2007-11-23,34.11000061035156,34.689998626708984,33.5,34.5,21.27316665649414,420200
2007-11-26,34.58000183105469,35.36000061035156,34.29999923706055,34.88999938964844,21.513643264770508,549500
2007-11-27,34.9900016784668,35.2400016784668,34.400001525878906,35.22999954223633,21.72330093383789,500900
2007-11-28,35.22999954223633,36.72999954223633,35.22999954223633,36.720001220703125,22.642051696777344,564300
2007-11-29,36.619998931884766,36.68000030517578,36.130001068115234,36.33000183105469,22.401567459106445,473500
2007-11-30,36.849998474121094,37.08000183105469,36.560001373291016,36.90999984741211,22.759204864501953,429800
2007-12-03,36.7400016784668,37.16999816894531,36.25,36.47999954223633,22.494064331054688,425600
2007-12-04,36.15999984741211,36.31999969482422,35.5099983215332,35.790000915527344,22.0685977935791,307100
2007-12-05,36.20000076293945,37.09000015258789,35.849998474121094,37.06999969482422,22.85786247253418,587800
2007-12-06,36.77000045776367,37.75,36.7400016784668,37.689998626708984,23.240171432495117,287800
2007-12-07,37.779998779296875,38.369998931884766,37.41999816894531,38.06999969482422,23.4744815826416,349200
2007-12-10,38.099998474121094,39.11000061035156,38.099998474121094,38.939998626708984,24.010934829711914,582100
2007-12-11,39.04999923706055,39.04999923706055,37.66999816894531,37.75,23.277164459228516,369000
2007-12-12,38.65999984741211,38.75,36.4900016784668,37.06999969482422,22.85786247253418,424200
2007-12-13,36.52000045776367,37.66999816894531,36.52000045776367,37.470001220703125,23.104511260986328,272000
2007-12-14,37.04999923706055,37.36000061035156,35.86000061035156,36.220001220703125,22.333749771118164,587200
2007-12-17,36.40999984741211,38.33000183105469,36.119998931884766,37.9900016784668,23.425155639648438,626600
2007-12-18,38.58000183105469,39.56999969482422,38.5099983215332,39.16999816894531,24.152751922607422,1032400
2007-12-19,39.18000030517578,39.2400016784668,37.72999954223633,38.0099983215332,23.43747329711914,486900
2007-12-20,38.369998931884766,38.4900016784668,37.529998779296875,37.88999938964844,23.36348533630371,404600
2007-12-21,37.75,39.099998474121094,37.75,38.41999816894531,23.690290451049805,490100
2007-12-24,38.369998931884766,38.619998931884766,38.220001220703125,38.54999923706055,23.77045249938965,105400
2007-12-26,37.84000015258789,38.459999084472656,37.77000045776367,38.2599983215332,23.591638565063477,266000
2007-12-27,37.849998474121094,38.25,37.09000015258789,37.16999816894531,22.919525146484375,355900
2007-12-28,36.959999084472656,37.70000076293945,36.959999084472656,37.65999984741211,23.22166633605957,309000
2007-12-31,37.529998779296875,37.65999984741211,37.06999969482422,37.41999816894531,23.07367515563965,252800
2008-01-02,37.34000015258789,37.58000183105469,36.619998931884766,36.779998779296875,22.679044723510742,249700
2008-01-03,36.77000045776367,36.9900016784668,35.90999984741211,36.099998474121094,22.259748458862305,329800
2008-01-04,35.689998626708984,35.79999923706055,34.61000061035156,34.779998779296875,21.44582748413086,686800
2008-01-07,35.04999923706055,36.130001068115234,34.75,36.060001373291016,22.23508071899414,607200
2008-01-08,36.150001525878906,36.349998474121094,35.290000915527344,35.34000015258789,21.791128158569336,445500
2008-01-09,35.47999954223633,35.65999984741211,34.58000183105469,35.20000076293945,21.70479965209961,430800
2008-01-10,34.790000915527344,35.220001220703125,34.20000076293945,34.630001068115234,21.353328704833984,681900
2008-01-11,34.5099983215332,34.70000076293945,33.70000076293945,33.869998931884766,20.884706497192383,469400
2008-01-14,34.04999923706055,34.27000045776367,33.790000915527344,34.029998779296875,20.98335838317871,646400
2008-01-15,33.790000915527344,34.29999923706055,33.34000015258789,33.779998779296875,20.829204559326172,564400
2008-01-16,33.58000183105469,34.65999984741211,33.0,34.220001220703125,21.100522994995117,692400
2008-01-17,34.36000061035156,34.720001220703125,32.58000183105469,32.7400016784668,20.187929153442383,641600
2008-01-18,32.72999954223633,33.0,31.639999389648438,32.0,19.731637954711914,534000
2008-01-22,30.65999984741211,33.59000015258789,30.510000228881836,33.290000915527344,20.52707290649414,767900
2008-01-23,32.5,34.0,31.5,33.90999984741211,20.909372329711914,807100
2008-01-24,34.2599983215332,35.20000076293945,33.83000183105469,34.119998931884766,21.038854598999023,401200
2008-01-25,34.29999923706055,34.869998931884766,33.88999938964844,34.16999816894531,21.069690704345703,283400
2008-01-28,34.130001068115234,34.2400016784668,33.119998931884766,34.150001525878906,21.057348251342773,520700
2008-01-29,35.709999084472656,40.650001525878906,35.08000183105469,40.20000076293945,24.78786277770996,2681800
2008-01-30,38.2400016784668,39.0,37.209999084472656,37.27000045776367,22.98119354248047,1130100
2008-01-31,36.790000915527344,39.380001068115234,36.72999954223633,39.040000915527344,24.07259178161621,672800
2008-02-01,39.150001525878906,40.54999923706055,39.150001525878906,39.93000030517578,24.621381759643555,643100
2008-02-04,39.77000045776367,39.91999816894531,38.77000045776367,38.88999938964844,23.980100631713867,377700
2008-02-05,38.25,38.95000076293945,37.810001373291016,38.0,23.431310653686523,540000
2008-02-06,38.279998779296875,38.970001220703125,37.86000061035156,37.97999954223633,23.418989181518555,367400
2008-02-07,37.81999969482422,38.79999923706055,37.58000183105469,38.40999984741211,23.68413543701172,391500
2008-02-08,38.66999816894531,39.060001373291016,38.209999084472656,38.70000076293945,23.862947463989258,536200
2008-02-11,38.65999984741211,38.720001220703125,37.599998474121094,38.040000915527344,23.455976486206055,493700
2008-02-12,38.310001373291016,38.4900016784668,37.689998626708984,38.0099983215332,23.514741897583008,481700
2008-02-13,38.25,38.439998626708984,37.59000015258789,38.34000015258789,23.718900680541992,447500
2008-02-14,38.33000183105469,38.400001525878906,37.560001373291016,38.040000915527344,23.533309936523438,486600
2008-02-15,37.75,38.720001220703125,37.63999938964844,38.41999816894531,23.768396377563477,488200
2008-02-19,38.81999969482422,38.81999969482422,36.91999816894531,37.20000076293945,23.013652801513672,444400
2008-02-20,36.68000030517578,37.91999816894531,36.68000030517578,37.58000183105469,23.248735427856445,560600
2008-02-21,37.70000076293945,37.93000030517578,37.0,37.09000015258789,22.945589065551758,330400
2008-02-22,37.189998626708984,37.290000915527344,36.06999969482422,36.93000030517578,22.846614837646484,305600
2008-02-25,36.83000183105469,38.029998779296875,36.31999969482422,37.869998931884766,23.42814064025879,398400
2008-02-26,37.65999984741211,38.189998626708984,37.27000045776367,37.470001220703125,23.180679321289062,379900
2008-02-27,37.29999923706055,38.880001068115234,37.060001373291016,38.310001373291016,23.70034408569336,422200
2008-02-28,37.66999816894531,38.18000030517578,37.25,37.459999084472656,23.174497604370117,427100
2008-02-29,37.0,37.0,35.529998779296875,35.59000015258789,22.017627716064453,557200
2008-03-03,35.45000076293945,35.650001525878906,34.810001373291016,35.29999923706055,21.838220596313477,501800
2008-03-04,34.93000030517578,35.369998931884766,34.68000030517578,34.95000076293945,21.621694564819336,744500
2008-03-05,35.09000015258789,36.630001068115234,34.91999816894531,36.15999984741211,22.370256423950195,774700
2008-03-06,35.849998474121094,35.959999084472656,35.15999984741211,35.20000076293945,21.7763614654541,631100
2008-03-07,34.959999084472656,35.63999938964844,33.81999969482422,34.06999969482422,21.07728385925293,522200
2008-03-10,34.04999923706055,34.06999969482422,32.470001220703125,32.470001220703125,20.087461471557617,676600
2008-03-11,33.20000076293945,34.470001220703125,32.90999984741211,34.38999938964844,21.275257110595703,548300
2008-03-12,34.459999084472656,34.70000076293945,33.75,34.279998779296875,21.20720672607422,459800
2008-03-13,33.70000076293945,35.02000045776367,33.18000030517578,34.38999938964844,21.275257110595703,642300
2008-03-14,34.599998474121094,34.7400016784668,32.86000061035156,33.349998474121094,20.63186264038086,476500
2008-03-17,32.599998474121094,33.029998779296875,31.260000228881836,32.75,20.260677337646484,559600
2008-03-18,33.5,34.59000015258789,33.0,34.47999954223633,21.3309268951416,483200
2008-03-19,34.58000183105469,34.72999954223633,32.81999969482422,32.81999969482422,20.303985595703125,799200
2008-03-20,32.77000045776367,33.7400016784668,32.220001220703125,33.540000915527344,20.749406814575195,675800
2008-03-24,33.540000915527344,34.5,32.90999984741211,34.279998779296875,21.20720672607422,685000
2008-03-25,34.52000045776367,35.15999984741211,34.2400016784668,34.709999084472656,21.47321891784668,463100
2008-03-26,34.4900016784668,34.630001068115234,33.790000915527344,34.0099983215332,21.04016876220703,437300
2008-03-27,34.2599983215332,34.2599983215332,32.650001525878906,32.88999938964844,20.3472843170166,707500
2008-03-28,32.88999938964844,33.0,32.06999969482422,32.20000076293945,19.92041778564453,403500
2008-03-31,31.90999984741211,32.52000045776367,31.670000076293945,32.41999816894531,20.0565242767334,452100
2008-04-01,33.36000061035156,35.20000076293945,32.91999816894531,34.959999084472656,21.627883911132812,744800
2008-04-02,34.7599983215332,35.75,34.66999816894531,34.97999954223633,21.640256881713867,392600
2008-04-03,34.900001525878906,35.45000076293945,34.599998474121094,35.310001373291016,21.844406127929688,338400
2008-04-04,35.130001068115234,36.279998779296875,35.130001068115234,35.959999084472656,22.246538162231445,298100
2008-04-07,36.220001220703125,36.7599983215332,35.79999923706055,36.0099983215332,22.2774600982666,503000
2008-04-08,35.7400016784668,35.7400016784668,35.119998931884766,35.59000015258789,22.017627716064453,760800
2008-04-09,35.70000076293945,36.029998779296875,34.810001373291016,35.0099983215332,21.658815383911133,200000
2008-04-10,34.869998931884766,35.310001373291016,34.54999923706055,35.11000061035156,21.720678329467773,438200
2008-04-11,34.70000076293945,34.9900016784668,33.88999938964844,34.439998626708984,21.306177139282227,470700
2008-04-14,32.59000015258789,34.45000076293945,31.649999618530273,33.560001373291016,20.76177215576172,871700
2008-04-15,33.16999816894531,33.619998931884766,32.41999816894531,32.68000030517578,20.217365264892578,719700
2008-04-16,32.9900016784668,33.97999954223633,32.720001220703125,33.959999084472656,21.009227752685547,427200
2008-04-17,33.75,33.93000030517578,33.47999954223633,33.88999938964844,20.965927124023438,415200
2008-04-18,34.52000045776367,35.16999816894531,34.52000045776367,34.97999954223633,21.640256881713867,690600
2008-04-21,34.75,35.40999984741211,34.61000061035156,35.40999984741211,21.906278610229492,273700
2008-04-22,35.400001525878906,35.56999969482422,34.119998931884766,34.56999969482422,21.386606216430664,450800
2008-04-23,34.66999816894531,34.79999923706055,33.029998779296875,33.38999938964844,20.6566104888916,812000
2008-04-24,33.290000915527344,33.83000183105469,32.70000076293945,33.290000915527344,20.594749450683594,588300
2008-04-25,33.45000076293945,34.439998626708984,32.779998779296875,34.189998626708984,21.15152359008789,459200
2008-04-28,33.75,34.0099983215332,33.04999923706055,33.369998931884766,20.644241333007812,579200
2008-04-29,33.2400016784668,33.400001525878906,32.709999084472656,32.790000915527344,20.285419464111328,395700
2008-04-30,33.02000045776367,33.59000015258789,32.810001373291016,33.13999938964844,20.501943588256836,548000
2008-05-01,33.0099983215332,33.560001373291016,33.0,33.380001068115234,20.650419235229492,576300
2008-05-02,33.70000076293945,34.18000030517578,33.310001373291016,33.630001068115234,20.80508804321289,326900
2008-05-05,33.38999938964844,34.2400016784668,33.36000061035156,34.040000915527344,21.05872917175293,749500
2008-05-06,30.3799991607666,31.479999542236328,29.510000228881836,30.43000030517578,18.82540512084961,2883200
2008-05-07,30.709999084472656,30.75,28.940000534057617,29.030000686645508,17.95931053161621,1350900
2008-05-08,29.030000686645508,29.229999542236328,28.389999389648438,28.56999969482422,17.674728393554688,1171400
2008-05-09,28.149999618530273,28.489999771118164,28.059999465942383,28.440000534057617,17.59431266784668,642900
2008-05-12,28.670000076293945,28.84000015258789,28.06999969482422,28.479999542236328,17.61905288696289,673300
2008-05-13,28.68000030517578,28.68000030517578,27.780000686645508,28.309999465942383,17.513877868652344,653200
2008-05-14,28.309999465942383,29.06999969482422,28.209999084472656,28.770000457763672,17.798465728759766,1167000
2008-05-15,28.700000762939453,29.010000228881836,28.389999389648438,28.829999923706055,17.83557891845703,632600
2008-05-16,28.989999771118164,29.43000030517578,28.8799991607666,29.110000610351562,18.0087947845459,563200
2008-05-19,29.18000030517578,29.18000030517578,28.479999542236328,28.510000228881836,17.637611389160156,603200
2008-05-20,28.360000610351562,29.18000030517578,28.239999771118164,28.889999389648438,17.951406478881836,605400
2008-05-21,29.0,29.15999984741211,28.299999237060547,28.40999984741211,17.653152465820312,709800
2008-05-22,28.350000381469727,28.829999923706055,28.350000381469727,28.65999984741211,17.808490753173828,472200
2008-05-23,28.610000610351562,28.610000610351562,27.809999465942383,27.940000534057617,17.361101150512695,403600
2008-05-27,27.959999084472656,28.149999618530273,27.280000686645508,27.43000030517578,17.044204711914062,711800
2008-05-28,27.559999465942383,27.729999542236328,27.020000457763672,27.670000076293945,17.193326950073242,532500
2008-05-29,27.469999313354492,28.25,27.3700008392334,28.079999923706055,17.448089599609375,371700
2008-05-30,28.18000030517578,28.239999771118164,27.690000534057617,28.200000762939453,17.522655487060547,426800
2008-06-02,28.280000686645508,28.299999237060547,27.43000030517578,27.6299991607666,17.168481826782227,324200
2008-06-03,27.6299991607666,28.200000762939453,27.549999237060547,27.889999389648438,17.33003044128418,447900
2008-06-04,27.850000381469727,28.18000030517578,27.6200008392334,27.8700008392334,17.317602157592773,300200
2008-06-05,27.56999969482422,27.969999313354492,25.8700008392334,27.260000228881836,16.938570022583008,743100
2008-06-06,27.100000381469727,27.100000381469727,25.770000457763672,25.790000915527344,16.025150299072266,861800
2008-06-09,25.739999771118164,26.25,25.3799991607666,25.68000030517578,15.956805229187012,472000
2008-06-10,25.6200008392334,25.780000686645508,25.190000534057617,25.690000534057617,15.963013648986816,371500
2008-06-11,25.719999313354492,25.90999984741211,24.90999984741211,24.90999984741211,15.478347778320312,728000
2008-06-12,25.190000534057617,25.420000076293945,24.770000457763672,25.010000228881836,15.540485382080078,435600
2008-06-13,25.0,25.219999313354492,23.899999618530273,24.360000610351562,15.13659381866455,728000
2008-06-16,24.229999542236328,24.549999237060547,23.84000015258789,23.920000076293945,14.863186836242676,611500
2008-06-17,23.959999084472656,23.989999771118164,23.34000015258789,23.440000534057617,14.56492805480957,558000
2008-06-18,23.540000915527344,23.670000076293945,23.1299991607666,23.239999771118164,14.440659523010254,500600
2008-06-19,21.93000030517578,22.469999313354492,21.049999237060547,21.079999923706055,13.098498344421387,1107100
2008-06-20,21.100000381469727,21.110000610351562,20.260000228881836,20.3700008392334,12.65732192993164,1005400
2008-06-23,20.420000076293945,20.6299991607666,19.420000076293945,19.6200008392334,12.19129467010498,1081400
2008-06-24,19.5,20.110000610351562,19.350000381469727,19.719999313354492,12.253435134887695,1355600
2008-06-25,19.809999465942383,20.270000457763672,19.540000915527344,19.780000686645508,12.290712356567383,1049600
2008-06-26,19.579999923706055,19.690000534057617,18.299999237060547,18.329999923706055,11.389728546142578,1134100
2008-06-27,18.469999313354492,18.469999313354492,17.790000915527344,18.1200008392334,11.25924015045166,977800
2008-06-30,18.309999465942383,18.450000762939453,17.440000534057617,17.56999969482422,10.91748332977295,824600
2008-07-01,17.420000076293945,17.969999313354492,17.1299991607666,17.559999465942383,10.911267280578613,1168800
2008-07-02,17.420000076293945,17.59000015258789,16.450000762939453,17.010000228881836,10.569518089294434,1764500
2008-07-03,17.049999237060547,17.600000381469727,16.75,17.110000610351562,10.631656646728516,1026500
2008-07-07,17.170000076293945,17.940000534057617,17.100000381469727,17.520000457763672,10.88641357421875,1312600
2008-07-08,17.700000762939453,17.90999984741211,17.299999237060547,17.889999389648438,11.116325378417969,910600
2008-07-09,17.969999313354492,18.610000610351562,17.0,17.09000015258789,10.619230270385742,845300
2008-07-10,17.100000381469727,17.3799991607666,16.760000228881836,17.09000015258789,10.619230270385742,832500
2008-07-11,16.8700008392334,17.75,16.540000915527344,17.6299991607666,10.954767227172852,1056300
2008-07-14,17.59000015258789,18.110000610351562,16.799999237060547,16.93000030517578,10.519806861877441,979500
2008-07-15,16.799999237060547,17.350000381469727,16.1200008392334,16.920000076293945,10.513594627380371,1049900
2008-07-16,17.829999923706055,18.93000030517578,17.649999618530273,18.639999389648438,11.582353591918945,1423700
2008-07-17,18.760000228881836,19.639999389648438,18.639999389648438,19.520000457763672,12.129158973693848,1130300
2008-07-18,19.3799991607666,19.8700008392334,19.020000457763672,19.350000381469727,12.023526191711426,765400
2008-07-21,19.229999542236328,19.8700008392334,19.040000915527344,19.200000762939453,11.930317878723145,641000
2008-07-22,19.049999237060547,19.729999542236328,18.809999465942383,19.59000015258789,12.172653198242188,966600
2008-07-23,19.59000015258789,20.540000915527344,19.579999923706055,20.360000610351562,12.651110649108887,1483500
2008-07-24,20.40999984741211,20.59000015258789,19.610000610351562,19.850000381469727,12.334207534790039,1032200
2008-07-25,19.780000686645508,21.25,19.780000686645508,20.8700008392334,12.968011856079102,1149800
2008-07-28,20.729999542236328,20.81999969482422,19.65999984741211,19.729999542236328,12.259644508361816,818000
2008-07-29,19.799999237060547,20.5,19.760000228881836,20.479999542236328,12.725674629211426,479900
2008-07-30,20.40999984741211,20.889999389648438,18.770000457763672,19.420000076293945,12.06701946258545,1119000
2008-07-31,19.600000381469727,20.239999771118164,19.229999542236328,19.479999542236328,12.104300498962402,936500
2008-08-01,21.190000534057617,26.0,21.190000534057617,25.15999984741211,15.633689880371094,4283400
2008-08-04,24.649999618530273,24.670000076293945,21.899999618530273,22.1299991607666,13.750936508178711,2138600
2008-08-05,22.549999237060547,23.950000762939453,22.329999923706055,23.719999313354492,14.738919258117676,1242400
2008-08-06,23.420000076293945,23.610000610351562,22.399999618530273,22.81999969482422,14.179679870605469,889600
2008-08-07,22.700000762939453,23.43000030517578,21.969999313354492,22.1200008392334,13.744721412658691,706300
2008-08-08,22.360000610351562,24.0,22.049999237060547,23.93000030517578,14.869404792785645,926100
2008-08-11,23.75,24.8799991607666,23.469999313354492,24.770000457763672,15.391352653503418,971100
2008-08-12,24.719999313354492,25.360000610351562,23.93000030517578,24.049999237060547,14.943967819213867,1060600
2008-08-13,24.049999237060547,24.530000686645508,23.559999465942383,24.469999313354492,15.204941749572754,659700
2008-08-14,24.299999237060547,25.010000228881836,23.8700008392334,24.65999984741211,15.323003768920898,612500
2008-08-15,24.709999084472656,25.489999771118164,24.309999465942383,25.450000762939453,15.813891410827637,663500
2008-08-18,25.450000762939453,25.93000030517578,24.8799991607666,25.170000076293945,15.639907836914062,752600
2008-08-19,24.739999771118164,25.06999969482422,23.979999542236328,24.290000915527344,15.168421745300293,519500
2008-08-20,24.34000015258789,25.190000534057617,24.170000076293945,25.110000610351562,15.680496215820312,682600
2008-08-21,24.850000381469727,25.3799991607666,24.389999389648438,24.610000610351562,15.36825942993164,686700
2008-08-22,24.799999237060547,25.829999923706055,24.649999618530273,25.6299991607666,16.005220413208008,877100
2008-08-25,25.5,25.5,24.0,24.09000015258789,15.043535232543945,723900
2008-08-26,24.209999084472656,26.200000762939453,23.8799991607666,26.06999969482422,16.27998161315918,1156400
2008-08-27,26.1299991607666,26.770000457763672,26.040000915527344,26.34000015258789,16.44859504699707,734100
2008-08-28,26.479999542236328,27.229999542236328,26.43000030517578,27.020000457763672,16.87323760986328,667900
2008-08-29,26.610000610351562,26.93000030517578,26.270000457763672,26.739999771118164,16.698381423950195,549800
2008-09-02,27.280000686645508,27.93000030517578,27.209999084472656,27.790000915527344,17.354076385498047,821500
2008-09-03,27.540000915527344,28.1200008392334,27.31999969482422,28.010000228881836,17.4914608001709,906600
2008-09-04,27.700000762939453,27.920000076293945,27.149999618530273,27.600000381469727,17.23542594909668,1097900
2008-09-05,27.040000915527344,27.829999923706055,26.389999389648438,27.600000381469727,17.23542594909668,514500
2008-09-08,28.459999084472656,29.0,27.969999313354492,28.940000534057617,18.072223663330078,852000
2008-09-09,28.739999771118164,29.25,27.280000686645508,27.6299991607666,17.254167556762695,1035600
2008-09-10,27.809999465942383,28.690000534057617,27.420000076293945,28.450000762939453,17.76622772216797,658200
2008-09-11,28.149999618530273,29.049999237060547,27.459999084472656,28.850000381469727,18.016023635864258,567600
2008-09-12,28.610000610351562,29.579999923706055,28.290000915527344,29.520000457763672,18.43442153930664,736700
2008-09-15,28.030000686645508,30.170000076293945,28.030000686645508,28.780000686645508,17.972309112548828,867700
2008-09-16,27.700000762939453,29.469999313354492,27.399999618530273,28.75,17.953571319580078,1108300
2008-09-17,28.190000534057617,28.729999542236328,26.270000457763672,26.75,16.704631805419922,1206700
2008-09-18,26.729999542236328,27.739999771118164,24.790000915527344,26.40999984741211,16.492307662963867,2123600
2008-09-19,27.559999465942383,29.8700008392334,26.610000610351562,27.040000915527344,16.88572883605957,1200200
2008-09-22,26.59000015258789,26.59000015258789,25.0,25.0,15.611806869506836,755800
2008-09-23,24.809999465942383,25.479999542236328,24.440000534057617,24.729999542236328,15.443196296691895,554400
2008-09-24,24.729999542236328,24.920000076293945,23.299999237060547,23.43000030517578,14.631385803222656,611500
2008-09-25,23.559999465942383,23.81999969482422,22.34000015258789,22.93000030517578,14.319146156311035,1044400
2008-09-26,22.5,24.440000534057617,22.040000915527344,24.309999465942383,15.180913925170898,812600
2008-09-29,23.8799991607666,23.950000762939453,22.31999969482422,22.799999237060547,14.237960815429688,786000
2008-09-30,23.360000610351562,23.8700008392334,22.68000030517578,23.639999389648438,14.762521743774414,602800
2008-10-01,23.420000076293945,23.670000076293945,22.739999771118164,23.209999084472656,14.493995666503906,487900
2008-10-02,23.049999237060547,23.049999237060547,22.09000015258789,22.540000915527344,14.075596809387207,603200
2008-10-03,22.90999984741211,24.739999771118164,22.889999389648438,22.889999389648438,14.29416275024414,1083400
2008-10-06,22.219999313354492,22.739999771118164,20.799999237060547,22.219999313354492,13.87576961517334,1226300
2008-10-07,22.760000228881836,22.760000228881836,21.0,21.049999237060547,13.145139694213867,795700
2008-10-08,20.709999084472656,22.540000915527344,19.56999969482422,21.649999618530273,13.519818305969238,1505500
2008-10-09,21.950000762939453,23.229999542236328,19.950000762939453,20.579999923706055,12.851639747619629,945200
2008-10-10,19.700000762939453,22.34000015258789,18.270000457763672,21.84000015258789,13.638470649719238,1015200
2008-10-13,22.219999313354492,23.309999465942383,21.8700008392334,23.110000610351562,14.431550025939941,269100
2008-10-14,24.170000076293945,25.0,22.969999313354492,24.059999465942383,15.024800300598145,1015800
2008-10-15,23.299999237060547,23.899999618530273,21.790000915527344,21.889999389648438,13.669696807861328,776900
2008-10-16,22.1200008392334,23.389999389648438,20.520000457763672,23.239999771118164,14.512733459472656,1002000
2008-10-17,22.6299991607666,25.329999923706055,21.989999771118164,24.0,14.98732852935791,858200
2008-10-20,24.15999984741211,24.889999389648438,23.809999465942383,24.8700008392334,15.530624389648438,526400
2008-10-21,24.6200008392334,25.030000686645508,23.670000076293945,23.969999313354492,14.968592643737793,514000
2008-10-22,23.270000457763672,23.559999465942383,21.559999465942383,22.25,13.894499778747559,579200
2008-10-23,22.479999542236328,23.0,20.979999542236328,21.989999771118164,13.732144355773926,752500
2008-10-24,20.149999618530273,22.479999542236328,20.149999618530273,22.1299991607666,13.819567680358887,703100
2008-10-27,21.56999969482422,22.920000076293945,21.049999237060547,21.860000610351562,13.650959968566895,556700
2008-10-28,22.239999771118164,22.889999389648438,20.760000228881836,22.889999389648438,14.29416275024414,803800
2008-10-29,23.34000015258789,25.0,22.40999984741211,24.5,15.299567222595215,983800
2008-10-30,25.059999465942383,26.40999984741211,23.950000762939453,25.239999771118164,15.76168155670166,856100
2008-10-31,25.559999465942383,27.530000686645508,25.020000457763672,26.1200008392334,16.311208724975586,1051000
2008-11-03,26.0,26.959999084472656,25.579999923706055,26.260000228881836,16.398635864257812,482700
2008-11-04,26.790000915527344,27.540000915527344,26.34000015258789,27.5,17.172985076904297,772100
2008-11-05,27.209999084472656,27.700000762939453,26.520000457763672,26.610000610351562,16.61720085144043,550200
2008-11-06,26.479999542236328,26.600000381469727,24.940000534057617,24.979999542236328,15.599313735961914,451600
2008-11-07,24.860000610351562,25.709999084472656,24.56999969482422,25.329999923706055,15.817874908447266,367600
2008-11-10,26.0,26.469999313354492,24.90999984741211,25.219999313354492,15.749188423156738,247900
2008-11-11,25.020000457763672,25.020000457763672,23.639999389648438,23.93000030517578,14.943618774414062,520800
2008-11-12,24.649999618530273,27.719999313354492,24.549999237060547,27.0,16.860750198364258,2945900
2008-11-13,27.0,28.09000015258789,26.09000015258789,27.809999465942383,17.36656379699707,1239800
2008-11-14,27.43000030517578,28.8700008392334,27.200000762939453,27.850000381469727,17.391551971435547,996800
2008-11-17,27.700000762939453,28.860000610351562,27.540000915527344,28.06999969482422,17.5289306640625,948500
2008-11-18,28.110000610351562,29.489999771118164,27.610000610351562,28.270000457763672,17.732791900634766,952500
2008-11-19,28.139999389648438,28.68000030517578,26.8799991607666,26.8799991607666,16.86089324951172,702300
2008-11-20,26.649999618530273,27.65999984741211,25.450000762939453,25.6200008392334,16.070539474487305,866200
2008-11-21,26.450000762939453,26.860000610351562,24.170000076293945,26.3799991607666,16.54726219177246,1036900
2008-11-24,26.600000381469727,28.860000610351562,26.600000381469727,28.350000381469727,17.782974243164062,923400
2008-11-25,29.18000030517578,29.479999542236328,27.450000762939453,29.469999313354492,18.485511779785156,975900
2008-11-26,29.0,31.559999465942383,28.920000076293945,31.149999618530273,19.539316177368164,1116200
2008-11-28,31.049999237060547,32.36000061035156,30.600000381469727,32.36000061035156,20.298303604125977,483300
2008-12-01,31.5,31.5,27.989999771118164,27.989999771118164,17.557157516479492,1091600
2008-12-02,27.84000015258789,29.719999313354492,27.510000228881836,29.479999542236328,18.49178123474121,923300
2008-12-03,29.0,30.719999313354492,28.690000534057617,30.459999084472656,19.106508255004883,785100
2008-12-04,30.020000457763672,30.649999618530273,28.65999984741211,29.170000076293945,18.29733657836914,848500
2008-12-05,28.739999771118164,30.200000762939453,27.549999237060547,30.190000534057617,18.937143325805664,837100
2008-12-08,30.959999084472656,31.75,30.100000381469727,30.65999984741211,19.23194694519043,700700
2008-12-09,30.399999618530273,31.489999771118164,29.959999084472656,30.059999465942383,18.855594635009766,682600
2008-12-10,30.440000534057617,30.979999542236328,29.5,30.639999389648438,19.219411849975586,772500
2008-12-11,30.229999542236328,31.100000381469727,28.59000015258789,28.799999237060547,18.065244674682617,623100
2008-12-12,28.3700008392334,29.479999542236328,28.020000457763672,29.059999465942383,18.228330612182617,695600
2008-12-15,28.979999542236328,29.1299991607666,27.760000228881836,28.209999084472656,17.69516372680664,632500
2008-12-16,28.649999618530273,29.899999618530273,28.270000457763672,29.899999618530273,18.755237579345703,557500
2008-12-17,29.440000534057617,30.0,28.850000381469727,29.850000381469727,18.723873138427734,760300
2008-12-18,29.84000015258789,30.040000915527344,28.299999237060547,28.760000228881836,18.0401554107666,936700
2008-12-19,28.899999618530273,29.350000381469727,28.3700008392334,28.719999313354492,18.01506805419922,837000
2008-12-22,28.510000228881836,28.729999542236328,27.010000228881836,27.979999542236328,17.55088233947754,571900
2008-12-23,28.059999465942383,28.90999984741211,28.059999465942383,28.309999465942383,17.75788688659668,532400
2008-12-24,28.360000610351562,28.84000015258789,28.100000381469727,28.450000762939453,17.845703125,379700
2008-12-26,28.75,29.010000228881836,28.420000076293945,28.780000686645508,18.052692413330078,257800
2008-12-29,28.8700008392334,29.0,28.350000381469727,28.68000030517578,17.98996925354004,735900
2008-12-30,29.0,29.270000457763672,28.59000015258789,29.1299991607666,18.27224349975586,639200
2008-12-31,28.969999313354492,30.0,28.969999313354492,29.719999313354492,18.642333984375,413300
2009-01-02,29.690000534057617,30.389999389648438,29.190000534057617,30.299999237060547,19.006147384643555,487800
2009-01-05,30.329999923706055,31.43000030517578,29.790000915527344,31.200000762939453,19.5706844329834,820000
2009-01-06,31.399999618530273,31.81999969482422,31.049999237060547,31.360000610351562,19.671043395996094,560800
2009-01-07,30.889999389648438,31.3700008392334,30.579999923706055,30.729999542236328,19.275867462158203,508200
2009-01-08,30.610000610351562,31.15999984741211,30.5,31.1299991607666,19.526771545410156,492700
2009-01-09,31.34000015258789,31.649999618530273,30.3700008392334,31.25,19.602048873901367,521200
2009-01-12,31.09000015258789,31.239999771118164,30.260000228881836,30.6299991607666,19.21314239501953,602700
2009-01-13,30.399999618530273,31.549999237060547,30.200000762939453,31.420000076293945,19.70868682861328,536500
2009-01-14,30.809999465942383,31.040000915527344,29.84000015258789,30.09000015258789,18.87441635131836,864000
2009-01-15,30.030000686645508,30.31999969482422,29.149999618530273,30.149999618530273,18.912052154541016,1152800
2009-01-16,30.56999969482422,31.100000381469727,30.260000228881836,30.899999618530273,19.382495880126953,582600
2009-01-20,30.920000076293945,30.920000076293945,29.399999618530273,29.5,18.50432777404785,588400
2009-01-21,29.93000030517578,31.0,29.030000686645508,30.809999465942383,19.326045989990234,803000
2009-01-22,30.540000915527344,33.119998931884766,30.229999542236328,32.33000183105469,20.279489517211914,1505000
2009-01-23,32.900001525878906,34.560001373291016,31.799999237060547,33.33000183105469,20.90675163269043,1729200
2009-01-26,33.540000915527344,34.61000061035156,33.34000015258789,33.79999923706055,21.201574325561523,795800
2009-01-27,33.849998474121094,34.2599983215332,33.31999969482422,33.66999816894531,21.120027542114258,578400
2009-01-28,34.279998779296875,34.5,33.77000045776367,34.20000076293945,21.45247459411621,986200
2009-01-29,33.90999984741211,34.279998779296875,32.900001525878906,33.119998931884766,20.77503204345703,814000
2009-01-30,33.08000183105469,33.220001220703125,31.899999618530273,32.220001220703125,20.210485458374023,739500
2009-02-02,31.84000015258789,31.979999542236328,29.6200008392334,31.850000381469727,19.978403091430664,1460800
2009-02-03,33.95000076293945,35.65999984741211,33.0,34.0,21.411052703857422,2796400
2009-02-04,34.4900016784668,35.869998931884766,34.13999938964844,34.810001373291016,21.921146392822266,1666000
2009-02-05,34.13999938964844,34.95000076293945,34.0099983215332,34.130001068115234,21.492919921875,1090200
2009-02-06,34.20000076293945,34.91999816894531,33.81999969482422,34.630001068115234,21.807790756225586,762200
2009-02-09,34.650001525878906,34.900001525878906,33.970001220703125,34.22999954223633,21.555889129638672,1256000
2009-02-10,33.790000915527344,34.47999954223633,32.709999084472656,32.880001068115234,20.70575523376465,1100300
2009-02-11,33.099998474121094,34.0099983215332,32.540000915527344,33.540000915527344,21.121376037597656,1240400
2009-02-12,33.40999984741211,34.150001525878906,32.779998779296875,34.029998779296875,21.42993927001953,884000
2009-02-13,33.939998626708984,34.90999984741211,33.43000030517578,33.970001220703125,21.392166137695312,907700
2009-02-17,30.18000030517578,32.54999923706055,30.1299991607666,31.079999923706055,19.572221755981445,2568200
2009-02-18,30.979999542236328,31.6299991607666,30.700000762939453,31.06999969482422,19.5659236907959,912100
2009-02-19,31.260000228881836,31.450000762939453,29.610000610351562,29.68000030517578,18.690589904785156,1103500
2009-02-20,29.139999389648438,29.850000381469727,27.93000030517578,28.290000915527344,17.815256118774414,1883900
2009-02-23,28.40999984741211,29.0,27.719999313354492,27.770000457763672,17.487796783447266,1068500
2009-02-24,28.06999969482422,28.540000915527344,27.450000762939453,28.299999237060547,17.821550369262695,924000
2009-02-25,28.149999618530273,28.489999771118164,27.709999084472656,27.829999923706055,17.52557373046875,617000
2009-02-26,28.190000534057617,28.6200008392334,27.18000030517578,27.309999465942383,17.198122024536133,687600
2009-02-27,26.8799991607666,28.739999771118164,26.420000076293945,27.93000030517578,17.588558197021484,1194300
2009-03-02,27.920000076293945,27.950000762939453,25.440000534057617,25.549999237060547,16.08978271484375,1107600
2009-03-03,25.81999969482422,26.299999237060547,24.959999084472656,25.280000686645508,15.919747352600098,1412400
2009-03-04,25.600000381469727,27.020000457763672,25.600000381469727,26.510000228881836,16.694324493408203,1421000
2009-03-05,25.979999542236328,26.559999465942383,25.389999389648438,25.709999084472656,16.19053077697754,1011800
2009-03-06,26.25,26.25,24.889999389648438,25.829999923706055,16.26609992980957,938900
2009-03-09,25.34000015258789,27.1299991607666,25.34000015258789,26.940000534057617,16.96511459350586,1551600
2009-03-10,27.200000762939453,28.899999618530273,27.200000762939453,28.780000686645508,18.123830795288086,1893800
2009-03-11,29.0,29.920000076293945,28.610000610351562,28.860000610351562,18.174205780029297,1143600
2009-03-12,28.729999542236328,30.479999542236328,28.489999771118164,30.280000686645508,19.068431854248047,1421500
2009-03-13,30.299999237060547,31.75,30.1299991607666,31.540000915527344,19.861906051635742,1462900
2009-03-16,31.700000762939453,33.150001525878906,31.450000762939453,32.380001068115234,20.390880584716797,1599000
2009-03-17,32.029998779296875,33.09000015258789,31.780000686645508,33.09000015258789,20.837995529174805,882800
2009-03-18,33.06999969482422,34.5099983215332,32.58000183105469,33.689998626708984,21.215831756591797,1386300
2009-03-19,32.40999984741211,33.54999923706055,31.0,32.40999984741211,20.409774780273438,1538000
2009-03-20,32.5,32.81999969482422,31.3799991607666,32.599998474121094,20.529422760009766,1336700
2009-03-23,32.93000030517578,33.7599983215332,32.5,33.75,21.25362205505371,1291400
2009-03-24,33.439998626708984,34.810001373291016,33.439998626708984,33.970001220703125,21.392166137695312,1213300
2009-03-25,33.869998931884766,35.15999984741211,33.529998779296875,34.900001525878906,21.977815628051758,1542000
2009-03-26,34.970001220703125,36.5,34.91999816894531,36.5,22.985397338867188,1430300
2009-03-27,36.0,36.45000076293945,35.04999923706055,35.529998779296875,22.374549865722656,771600
2009-03-30,34.34000015258789,35.40999984741211,34.09000015258789,34.54999923706055,21.757413864135742,511300
2009-03-31,34.970001220703125,35.29999923706055,34.119998931884766,34.70000076293945,21.851877212524414,829500
2009-04-01,34.43000030517578,36.16999816894531,33.7599983215332,36.06999969482422,22.71461296081543,1076600
2009-04-02,36.86000061035156,37.560001373291016,36.5099983215332,36.779998779296875,23.161724090576172,1006900
2009-04-03,36.75,36.9900016784668,35.4900016784668,35.970001220703125,22.651641845703125,873100
2009-04-06,35.54999923706055,36.709999084472656,35.130001068115234,35.34000015258789,22.254901885986328,1499200
2009-04-07,34.9900016784668,35.810001373291016,33.939998626708984,34.220001220703125,21.54960060119629,973700
2009-04-08,34.43000030517578,34.95000076293945,34.369998931884766,34.779998779296875,21.902244567871094,428300
2009-04-09,35.47999954223633,35.810001373291016,34.68000030517578,35.72999954223633,22.50049591064453,1651600
2009-04-13,35.58000183105469,36.27000045776367,35.43000030517578,36.04999923706055,22.7020206451416,637000
2009-04-14,35.630001068115234,35.720001220703125,34.90999984741211,34.97999954223633,22.0281982421875,562000
2009-04-15,34.869998931884766,35.20000076293945,34.380001068115234,35.08000183105469,22.091175079345703,652300
2009-04-16,35.22999954223633,36.209999084472656,34.27000045776367,35.93000030517578,22.626447677612305,886100
2009-04-17,35.880001068115234,36.459999084472656,35.529998779296875,36.33000183105469,22.87834358215332,727700
2009-04-20,35.83000183105469,36.099998474121094,35.0,35.33000183105469,22.24860954284668,878200
2009-04-21,35.31999969482422,36.77000045776367,35.209999084472656,36.77000045776367,23.15543556213379,1422800
2009-04-22,36.470001220703125,38.709999084472656,36.470001220703125,37.65999984741211,23.715898513793945,2061700
2009-04-23,37.86000061035156,38.27000045776367,37.220001220703125,37.7400016784668,23.766277313232422,887400
2009-04-24,38.209999084472656,39.060001373291016,37.810001373291016,38.709999084472656,24.377111434936523,971100
2009-04-27,38.310001373291016,38.970001220703125,37.380001068115234,37.63999938964844,23.703296661376953,1152500
2009-04-28,34.310001373291016,35.34000015258789,32.79999923706055,33.959999084472656,21.3858642578125,4278300
2009-04-29,34.150001525878906,34.20000076293945,33.029998779296875,33.38999938964844,21.026918411254883,1841000
2009-04-30,33.779998779296875,34.79999923706055,33.33000183105469,33.77000045776367,21.266225814819336,1284600
2009-05-01,33.7400016784668,33.77000045776367,32.709999084472656,32.91999816894531,20.730941772460938,1004100
2009-05-04,34.400001525878906,34.4900016784668,32.52000045776367,32.91999816894531,20.730941772460938,1736500
2009-05-05,33.0,33.220001220703125,32.439998626708984,33.040000915527344,20.806509017944336,1016600
2009-05-06,33.630001068115234,33.630001068115234,30.510000228881836,31.079999923706055,19.572221755981445,1942900
2009-05-07,31.440000534057617,31.729999542236328,30.489999771118164,30.850000381469727,19.427391052246094,1856700
2009-05-08,31.6200008392334,33.0,31.420000076293945,32.369998931884766,20.384586334228516,1629400
2009-05-11,32.040000915527344,32.83000183105469,31.81999969482422,32.290000915527344,20.33420753479004,1072000
2009-05-12,32.349998474121094,32.849998474121094,31.860000610351562,32.540000915527344,20.491647720336914,877100
2009-05-13,32.849998474121094,34.25,32.45000076293945,33.83000183105469,21.304006576538086,2884600
2009-05-14,33.939998626708984,34.77000045776367,33.5,34.470001220703125,21.707033157348633,1161500
2009-05-15,34.5099983215332,35.54999923706055,34.20000076293945,34.93000030517578,21.9967098236084,1166700
2009-05-18,35.220001220703125,36.119998931884766,35.220001220703125,35.68000030517578,22.469017028808594,1480400
2009-05-19,36.5,36.86000061035156,35.81999969482422,36.0099983215332,22.756547927856445,1387400
2009-05-20,36.560001373291016,36.779998779296875,34.86000061035156,34.880001068115234,22.042451858520508,1962800
2009-05-21,34.63999938964844,34.63999938964844,33.79999923706055,34.40999984741211,21.745426177978516,1055100
2009-05-22,34.459999084472656,34.79999923706055,34.119998931884766,34.58000183105469,21.85285758972168,810300
2009-05-26,34.279998779296875,35.529998779296875,34.099998474121094,35.2599983215332,22.282581329345703,651500
2009-05-27,35.209999084472656,35.209999084472656,34.0,34.16999816894531,21.593761444091797,1098200
2009-05-28,34.15999984741211,34.63999938964844,33.380001068115234,33.91999816894531,21.435768127441406,1048200
2009-05-29,33.810001373291016,34.400001525878906,33.630001068115234,34.29999923706055,21.675914764404297,1413900
2009-06-01,34.369998931884766,34.47999954223633,33.93000030517578,34.279998779296875,21.66327667236328,1077600
2009-06-02,34.20000076293945,34.20000076293945,33.29999923706055,34.0099983215332,21.492650985717773,1091400
2009-06-03,33.779998779296875,33.959999084472656,33.349998474121094,33.88999938964844,21.41681671142578,727600
2009-06-04,33.959999084472656,34.52000045776367,33.83000183105469,34.22999954223633,21.631675720214844,989600
2009-06-05,34.400001525878906,34.68000030517578,33.95000076293945,34.2599983215332,21.650634765625,626700
2009-06-08,35.13999938964844,35.959999084472656,34.970001220703125,35.47999954223633,22.421621322631836,1402100
2009-06-09,35.59000015258789,37.0,35.54999923706055,36.63999938964844,23.15467643737793,1183400
2009-06-10,37.09000015258789,37.75,36.04999923706055,36.849998474121094,23.287385940551758,1441600
2009-06-11,37.04999923706055,37.29999923706055,36.22999954223633,36.36000061035156,22.977737426757812,1073000
2009-06-12,36.16999816894531,36.720001220703125,35.68000030517578,36.689998626708984,23.1862735748291,732000
2009-06-15,36.36000061035156,36.36000061035156,35.34000015258789,35.560001373291016,22.47217559814453,915300
2009-06-16,35.75,35.869998931884766,34.849998474121094,35.02000045776367,22.130922317504883,728700
2009-06-17,36.18000030517578,36.650001525878906,35.150001525878906,35.959999084472656,22.72494888305664,2160000
2009-06-18,36.029998779296875,36.40999984741211,35.709999084472656,35.93000030517578,22.70599365234375,630900
2009-06-19,36.119998931884766,36.18000030517578,35.400001525878906,35.56999969482422,22.47849464416504,580100
2009-06-22,35.25,35.31999969482422,34.810001373291016,35.0,22.118289947509766,922100
2009-06-23,34.939998626708984,35.290000915527344,34.68000030517578,34.84000015258789,22.017166137695312,636900
2009-06-24,35.130001068115234,35.130001068115234,34.119998931884766,34.45000076293945,21.770709991455078,828400
2009-06-25,34.34000015258789,35.31999969482422,34.27000045776367,35.27000045776367,22.288909912109375,580000
2009-06-26,35.04999923706055,35.459999084472656,34.88999938964844,35.16999816894531,22.2257137298584,658300
2009-06-29,35.18000030517578,35.95000076293945,34.630001068115234,35.45000076293945,22.402658462524414,718200
2009-06-30,35.16999816894531,35.290000915527344,34.45000076293945,35.04999923706055,22.149879455566406,568800
2009-07-01,35.08000183105469,35.099998474121094,34.400001525878906,34.709999084472656,21.935014724731445,621500
2009-07-02,34.34000015258789,34.97999954223633,34.09000015258789,34.52000045776367,21.814945220947266,494200
2009-07-06,33.599998474121094,35.65999984741211,33.130001068115234,35.58000183105469,22.484817504882812,1335000
2009-07-07,35.459999084472656,35.66999816894531,34.290000915527344,34.45000076293945,21.770709991455078,1203600
2009-07-08,34.45000076293945,34.599998474121094,33.970001220703125,34.27000045776367,21.656965255737305,694100
2009-07-09,34.869998931884766,35.34000015258789,34.470001220703125,35.25,22.276268005371094,905400
2009-07-10,34.869998931884766,35.95000076293945,34.81999969482422,35.54999923706055,22.46584701538086,823900
2009-07-13,35.70000076293945,36.52000045776367,35.150001525878906,36.439998626708984,23.028284072875977,728000
2009-07-14,36.52000045776367,36.599998474121094,36.0,36.060001373291016,22.788150787353516,646200
2009-07-15,36.31999969482422,37.540000915527344,36.31999969482422,37.099998474121094,23.445371627807617,939500
2009-07-16,37.13999938964844,37.599998474121094,36.9900016784668,37.06999969482422,23.42641830444336,716700
2009-07-17,37.41999816894531,37.470001220703125,36.84000015258789,37.04999923706055,23.41379165649414,825100
2009-07-20,38.790000915527344,39.040000915527344,38.15999984741211,38.61000061035156,24.399635314941406,1077600
2009-07-21,38.93000030517578,39.029998779296875,38.599998474121094,38.95000076293945,24.614492416381836,871400
2009-07-22,38.7400016784668,40.11000061035156,38.7400016784668,39.540000915527344,24.987346649169922,1371200
2009-07-23,39.61000061035156,40.650001525878906,39.540000915527344,39.970001220703125,25.259077072143555,794900
2009-07-24,39.9900016784668,40.09000015258789,39.189998626708984,39.91999816894531,25.227476119995117,706600
2009-07-27,39.9900016784668,40.33000183105469,39.31999969482422,40.33000183105469,25.486583709716797,499600
2009-07-28,40.02000045776367,41.18000030517578,39.40999984741211,40.83000183105469,25.802553176879883,1482500
2009-07-29,40.33000183105469,41.2400016784668,39.54999923706055,40.790000915527344,25.77727699279785,1339600
2009-07-30,40.529998779296875,41.40999984741211,39.65999984741211,39.81999969482422,25.164291381835938,1369300
2009-07-31,39.459999084472656,40.0,38.91999816894531,39.04999923706055,24.677688598632812,1162700
2009-08-03,39.52000045776367,40.2400016784668,39.0099983215332,40.22999954223633,25.42338752746582,759800
2009-08-04,39.939998626708984,40.400001525878906,39.68000030517578,39.93000030517578,25.233800888061523,560600
2009-08-05,39.880001068115234,40.279998779296875,39.439998626708984,40.09000015258789,25.33491325378418,490800
2009-08-06,40.13999938964844,40.13999938964844,39.220001220703125,39.470001220703125,24.943098068237305,580100
2009-08-07,39.75,40.79999923706055,39.459999084472656,40.77000045776367,25.764638900756836,580200
2009-08-10,40.47999954223633,40.560001373291016,39.310001373291016,39.84000015258789,25.176929473876953,745700
2009-08-11,39.5,39.86000061035156,39.27000045776367,39.779998779296875,25.139001846313477,433600
2009-08-12,39.66999816894531,40.0,39.5099983215332,39.7400016784668,25.113731384277344,518900
2009-08-13,39.81999969482422,40.099998474121094,39.459999084472656,39.83000183105469,25.17060089111328,338600
2009-08-14,39.90999984741211,39.939998626708984,38.959999084472656,39.560001373291016,24.999988555908203,512300
2009-08-17,39.02000045776367,39.130001068115234,38.599998474121094,38.86000061035156,24.557619094848633,346700
2009-08-18,38.880001068115234,39.34000015258789,38.43000030517578,39.29999923706055,24.915817260742188,450000
2009-08-19,39.0,40.41999816894531,38.7599983215332,40.33000183105469,25.568830490112305,537400
2009-08-20,40.2400016784668,40.79999923706055,40.029998779296875,40.65999984741211,25.778043746948242,481800
2009-08-21,40.77000045776367,41.0,40.400001525878906,40.689998626708984,25.797060012817383,451700
2009-08-24,40.75,41.54999923706055,40.75,41.279998779296875,26.171112060546875,500100
2009-08-25,41.5,41.959999084472656,41.16999816894531,41.619998931884766,26.386676788330078,482500
2009-08-26,41.68000030517578,41.68000030517578,40.290000915527344,40.59000015258789,25.73366928100586,814300
2009-08-27,40.75,41.439998626708984,40.09000015258789,41.16999816894531,26.101369857788086,414700
2009-08-28,41.31999969482422,41.709999084472656,40.939998626708984,41.130001068115234,26.076026916503906,423300
2009-08-31,40.70000076293945,40.95000076293945,40.209999084472656,40.689998626708984,25.797060012817383,530800
2009-09-01,40.689998626708984,41.52000045776367,40.11000061035156,40.27000045776367,25.53078842163086,689200
2009-09-02,40.34000015258789,40.34000015258789,39.5,39.68000030517578,25.15672492980957,815600
2009-09-03,39.709999084472656,39.939998626708984,38.970001220703125,39.560001373291016,25.080663681030273,1053000
2009-09-04,39.34000015258789,40.41999816894531,39.150001525878906,40.13999938964844,25.448368072509766,391400
2009-09-08,40.5,41.36000061035156,40.2400016784668,41.099998474121094,26.057003021240234,678700
2009-09-09,42.09000015258789,43.72999954223633,41.630001068115234,43.130001068115234,27.343996047973633,1207200
2009-09-10,43.150001525878906,43.25,42.810001373291016,43.060001373291016,27.299610137939453,456100
2009-09-11,43.0,43.20000076293945,42.68000030517578,42.939998626708984,27.223539352416992,304800
2009-09-14,42.65999984741211,43.279998779296875,42.65999984741211,43.099998474121094,27.324975967407227,236300
2009-09-15,42.86000061035156,43.81999969482422,42.86000061035156,43.779998779296875,27.756086349487305,258300
2009-09-16,43.75,44.22999954223633,43.41999816894531,44.16999816894531,28.003347396850586,289400
2009-09-17,43.9900016784668,44.18000030517578,43.709999084472656,43.84000015258789,27.794130325317383,266300
2009-09-18,43.900001525878906,44.25,43.56999969482422,44.0099983215332,27.90190315246582,343700
2009-09-21,43.380001068115234,43.970001220703125,42.7400016784668,43.38999938964844,27.50884437561035,423600
2009-09-22,43.68000030517578,43.790000915527344,43.189998626708984,43.459999084472656,27.553218841552734,288200
2009-09-23,43.65999984741211,43.65999984741211,42.70000076293945,42.709999084472656,27.077730178833008,304000
2009-09-24,42.689998626708984,43.060001373291016,42.22999954223633,42.25,26.786090850830078,299500
2009-09-25,42.279998779296875,42.279998779296875,41.349998474121094,41.529998779296875,26.329607009887695,360400
2009-09-28,41.689998626708984,42.810001373291016,41.369998931884766,42.7599983215332,27.109420776367188,235300
2009-09-29,42.91999816894531,43.34000015258789,42.369998931884766,43.02000045776367,27.274267196655273,346600
2009-09-30,42.84000015258789,44.13999938964844,41.380001068115234,42.95000076293945,27.229875564575195,805800
2009-10-01,42.70000076293945,43.029998779296875,41.529998779296875,41.58000183105469,26.36130714416504,302600
2009-10-02,41.369998931884766,41.5099983215332,40.290000915527344,41.150001525878906,26.088703155517578,409400
2009-10-05,41.13999938964844,42.75,40.97999954223633,42.650001525878906,27.03968048095703,565600
2009-10-06,42.97999954223633,43.279998779296875,42.41999816894531,43.0099983215332,27.26791763305664,477200
2009-10-07,42.810001373291016,42.91999816894531,42.029998779296875,42.349998474121094,26.8494873046875,327000
2009-10-08,42.630001068115234,43.130001068115234,42.09000015258789,43.040000915527344,27.28694725036621,351000
2009-10-09,42.75,42.810001373291016,41.9900016784668,42.459999084472656,26.91922378540039,296000
2009-10-12,41.459999084472656,42.95000076293945,41.380001068115234,42.790000915527344,27.128437042236328,327400
2009-10-13,42.59000015258789,43.099998474121094,42.59000015258789,42.689998626708984,27.065032958984375,188200
2009-10-14,42.900001525878906,43.11000061035156,42.540000915527344,42.95000076293945,27.229875564575195,366300
2009-10-15,42.619998931884766,43.349998474121094,42.619998931884766,43.310001373291016,27.45812225341797,275400
2009-10-16,43.16999816894531,43.369998931884766,42.810001373291016,43.09000015258789,27.318634033203125,250500
2009-10-19,43.040000915527344,43.90999984741211,42.5,43.5099983215332,27.584917068481445,391300
2009-10-20,43.41999816894531,43.56999969482422,42.619998931884766,43.0099983215332,27.26791763305664,521000
2009-10-21,42.9900016784668,43.529998779296875,42.41999816894531,42.529998779296875,26.96360206604004,367800
2009-10-22,42.439998626708984,43.459999084472656,42.130001068115234,43.220001220703125,27.401058197021484,347100
2009-10-23,43.209999084472656,43.470001220703125,42.0,42.31999969482422,26.830459594726562,356100
2009-10-26,42.459999084472656,42.97999954223633,41.529998779296875,41.7400016784668,26.46276092529297,413200
2009-10-27,41.939998626708984,41.95000076293945,41.18000030517578,41.43000030517578,26.266216278076172,480500
2009-10-28,41.18000030517578,41.61000061035156,40.310001373291016,40.810001373291016,25.87315559387207,599800
2009-10-29,40.88999938964844,41.880001068115234,40.63999938964844,41.380001068115234,26.234512329101562,403500
2009-10-30,41.31999969482422,41.349998474121094,40.25,40.619998931884766,25.752681732177734,447800
2009-11-02,40.650001525878906,41.2400016784668,40.060001373291016,41.13999938964844,26.082361221313477,428400
2009-11-03,40.83000183105469,42.189998626708984,40.36000061035156,41.880001068115234,26.551515579223633,563200
2009-11-04,42.220001220703125,43.04999923706055,41.75,42.04999923706055,26.659290313720703,906300
2009-11-05,42.54999923706055,43.369998931884766,42.18000030517578,42.970001220703125,27.242568969726562,694000
2009-11-06,42.540000915527344,43.939998626708984,42.540000915527344,43.849998474121094,27.800474166870117,650900
2009-11-09,43.9900016784668,44.13999938964844,42.7599983215332,42.84000015258789,27.160139083862305,880700
2009-11-10,42.709999084472656,43.119998931884766,42.369998931884766,42.939998626708984,27.223539352416992,801600
2009-11-11,43.279998779296875,43.83000183105469,42.849998474121094,43.08000183105469,27.312294006347656,466900
2009-11-12,42.880001068115234,42.900001525878906,41.66999816894531,41.90999984741211,26.57052993774414,472700
2009-11-13,41.88999938964844,42.119998931884766,41.15999984741211,41.720001220703125,26.4500732421875,378600
2009-11-16,41.86000061035156,42.040000915527344,41.34000015258789,41.599998474121094,26.37398910522461,390100
2009-11-17,41.61000061035156,41.619998931884766,41.13999938964844,41.400001525878906,26.24720001220703,452700
2009-11-18,41.40999984741211,41.86000061035156,41.2599983215332,41.41999816894531,26.259870529174805,408900
2009-11-19,41.22999954223633,41.310001373291016,40.459999084472656,41.15999984741211,26.09503936767578,359200
2009-11-20,40.779998779296875,41.290000915527344,40.470001220703125,40.869998931884766,25.911184310913086,392400
2009-11-23,41.099998474121094,41.31999969482422,40.779998779296875,41.08000183105469,26.12422752380371,440500
2009-11-24,41.18000030517578,41.18000030517578,40.38999938964844,40.599998474121094,25.8189640045166,337800
2009-11-25,40.66999816894531,41.040000915527344,40.40999984741211,40.93000030517578,26.028825759887695,331700
2009-11-27,39.790000915527344,40.630001068115234,39.56999969482422,40.380001068115234,25.679058074951172,167400
2009-11-30,40.27000045776367,40.40999984741211,39.540000915527344,39.93000030517578,25.392900466918945,599700
2009-12-01,39.27000045776367,40.15999984741211,39.209999084472656,39.95000076293945,25.405611038208008,363900
2009-12-02,40.0,40.540000915527344,40.0,40.47999954223633,25.742660522460938,364400
2009-12-03,40.54999923706055,40.54999923706055,39.900001525878906,39.9900016784668,25.43105697631836,272400
2009-12-04,40.369998931884766,40.540000915527344,39.650001525878906,40.0099983215332,25.443763732910156,359500
2009-12-07,39.900001525878906,40.47999954223633,39.630001068115234,39.9900016784668,25.43105697631836,438400
2009-12-08,39.709999084472656,39.97999954223633,39.220001220703125,39.81999969482422,25.322946548461914,313000
2009-12-09,39.779998779296875,39.88999938964844,39.11000061035156,39.2400016784668,24.954099655151367,507000
2009-12-10,39.29999923706055,39.56999969482422,38.59000015258789,38.849998474121094,24.70608901977539,946100
2009-12-11,38.91999816894531,39.72999954223633,38.849998474121094,39.689998626708984,25.240266799926758,595500
2009-12-14,39.7400016784668,39.90999984741211,39.560001373291016,39.900001525878906,25.37381935119629,385100
2009-12-15,39.63999938964844,39.77000045776367,38.97999954223633,39.130001068115234,24.884143829345703,723600
2009-12-16,39.369998931884766,39.4900016784668,39.209999084472656,39.47999954223633,25.106727600097656,454500
2009-12-17,39.31999969482422,39.540000915527344,39.02000045776367,39.279998779296875,24.979534149169922,521300
2009-12-18,39.33000183105469,39.5099983215332,38.63999938964844,38.86000061035156,24.712451934814453,543900
2009-12-21,38.970001220703125,39.209999084472656,38.68000030517578,38.68000030517578,24.59798240661621,311900
2009-12-22,38.619998931884766,38.95000076293945,38.52000045776367,38.70000076293945,24.610689163208008,553200
2009-12-23,38.689998626708984,39.27000045776367,38.65999984741211,39.20000076293945,24.928667068481445,236800
2009-12-24,39.09000015258789,39.34000015258789,38.95000076293945,39.2400016784668,24.954099655151367,115600
2009-12-28,39.45000076293945,39.45000076293945,39.119998931884766,39.189998626708984,24.92229461669922,227800
2009-12-29,39.150001525878906,39.459999084472656,38.959999084472656,39.349998474121094,25.024051666259766,367200
2009-12-30,39.119998931884766,39.61000061035156,39.119998931884766,39.61000061035156,25.189393997192383,253100
2009-12-31,39.709999084472656,39.709999084472656,39.310001373291016,39.310001373291016,24.99860954284668,320700
2010-01-04,39.36000061035156,39.709999084472656,38.900001525878906,38.970001220703125,24.78239631652832,437600
2010-01-05,38.83000183105469,38.84000015258789,38.220001220703125,38.70000076293945,24.610689163208008,579800
2010-01-06,38.810001373291016,39.36000061035156,38.709999084472656,39.25,24.960466384887695,564900
2010-01-07,39.29999923706055,40.029998779296875,39.18000030517578,39.720001220703125,25.25933837890625,407300
2010-01-08,39.84000015258789,39.84000015258789,39.369998931884766,39.70000076293945,25.24662971496582,402300
2010-01-11,39.70000076293945,40.099998474121094,39.56999969482422,39.970001220703125,25.418325424194336,407200
2010-01-12,39.869998931884766,40.06999969482422,39.70000076293945,40.0,25.437400817871094,280200
2010-01-13,40.0,40.33000183105469,39.86000061035156,40.209999084472656,25.570964813232422,308300
2010-01-14,40.13999938964844,40.2599983215332,39.900001525878906,40.060001373291016,25.475570678710938,273800
2010-01-15,41.20000076293945,41.90999984741211,40.97999954223633,41.54999923706055,26.423114776611328,825300
2010-01-19,41.4900016784668,41.70000076293945,41.33000183105469,41.41999816894531,26.340438842773438,385100
2010-01-20,41.310001373291016,41.77000045776367,41.130001068115234,41.619998931884766,26.467626571655273,481000
2010-01-21,41.779998779296875,41.849998474121094,41.0,41.040000915527344,26.098785400390625,377100
2010-01-22,41.150001525878906,41.279998779296875,40.75,41.029998779296875,26.092416763305664,422000
2010-01-25,41.130001068115234,41.5,40.959999084472656,41.02000045776367,26.0860652923584,425000
2010-01-26,40.86000061035156,42.15999984741211,40.84000015258789,41.970001220703125,26.690195083618164,559600
2010-01-27,41.77000045776367,42.0,41.060001373291016,41.33000183105469,26.283203125,317600
2010-01-28,41.20000076293945,41.20000076293945,40.439998626708984,40.5099983215332,25.7617244720459,292600
2010-01-29,40.560001373291016,40.84000015258789,39.70000076293945,39.70000076293945,25.24662971496582,421900
2010-02-01,39.900001525878906,40.40999984741211,39.5099983215332,40.0,25.437400817871094,702700
2010-02-02,39.91999816894531,41.08000183105469,39.75,40.66999816894531,25.94456672668457,510200
2010-02-03,40.63999938964844,40.790000915527344,39.849998474121094,40.09000015258789,25.574565887451172,399800
2010-02-04,39.9900016784668,39.9900016784668,39.279998779296875,39.34000015258789,25.096118927001953,372600
2010-02-05,39.47999954223633,39.4900016784668,38.2599983215332,38.869998931884766,24.79629898071289,455700
2010-02-08,38.72999954223633,39.06999969482422,38.29999923706055,38.34000015258789,24.45819091796875,435100
2010-02-09,38.630001068115234,38.75,38.16999816894531,38.41999816894531,24.509220123291016,581500
2010-02-10,38.45000076293945,38.45000076293945,37.619998931884766,38.0,24.241294860839844,663300
2010-02-11,38.0,38.04999923706055,37.56999969482422,37.84000015258789,24.139223098754883,710100
2010-02-12,37.56999969482422,38.43000030517578,37.5,38.119998931884766,24.317848205566406,790600
2010-02-16,38.400001525878906,38.540000915527344,38.02000045776367,38.25,24.400774002075195,365700
2010-02-17,38.22999954223633,38.709999084472656,38.040000915527344,38.709999084472656,24.694217681884766,623400
2010-02-18,38.5099983215332,39.13999938964844,38.5099983215332,38.75,24.719743728637695,545400
2010-02-19,38.709999084472656,38.91999816894531,38.38999938964844,38.91999816894531,24.828189849853516,582600
2010-02-22,38.810001373291016,38.88999938964844,38.41999816894531,38.630001068115234,24.643192291259766,426500
2010-02-23,38.630001068115234,38.709999084472656,38.08000183105469,38.119998931884766,24.317848205566406,518200
2010-02-24,38.279998779296875,38.58000183105469,38.11000061035156,38.31999969482422,24.445430755615234,342300
2010-02-25,38.060001373291016,38.70000076293945,37.900001525878906,38.63999938964844,24.64956283569336,331900
2010-02-26,38.66999816894531,39.25,38.56999969482422,39.04999923706055,24.911121368408203,603400
2010-03-01,39.11000061035156,40.11000061035156,38.849998474121094,40.02000045776367,25.529916763305664,606600
2010-03-02,39.97999954223633,40.95000076293945,39.97999954223633,40.20000076293945,25.644733428955078,999200
2010-03-03,40.36000061035156,40.59000015258789,40.029998779296875,40.13999938964844,25.606464385986328,346300
2010-03-04,40.13999938964844,40.439998626708984,40.0,40.34000015258789,25.734041213989258,324200
2010-03-05,40.5099983215332,40.630001068115234,40.209999084472656,40.540000915527344,25.861623764038086,324900
2010-03-08,40.540000915527344,40.790000915527344,40.119998931884766,40.779998779296875,26.014724731445312,477600
2010-03-09,40.470001220703125,40.83000183105469,40.290000915527344,40.369998931884766,25.7531795501709,401600
2010-03-10,40.45000076293945,41.2400016784668,40.310001373291016,41.040000915527344,26.18060302734375,486700
2010-03-11,40.88999938964844,41.630001068115234,40.86000061035156,41.58000183105469,26.525070190429688,510900
2010-03-12,41.790000915527344,42.0,41.56999969482422,42.0,26.793001174926758,542600
2010-03-15,41.86000061035156,42.08000183105469,41.560001373291016,42.08000183105469,26.844043731689453,475800
2010-03-16,42.0,42.130001068115234,41.70000076293945,41.97999954223633,26.780250549316406,400200
2010-03-17,42.06999969482422,42.779998779296875,42.0099983215332,42.63999938964844,27.201282501220703,320200
2010-03-18,42.70000076293945,43.0,42.63999938964844,43.0,27.43093490600586,365500
2010-03-19,43.22999954223633,43.22999954223633,42.75,43.22999954223633,27.577653884887695,609800
2010-03-22,42.939998626708984,44.779998779296875,42.90999984741211,44.689998626708984,28.509037017822266,1147200
2010-03-23,45.61000061035156,46.4900016784668,45.279998779296875,46.310001373291016,29.542484283447266,1425800
2010-03-24,46.06999969482422,46.13999938964844,45.63999938964844,46.0099983215332,29.351110458374023,564200
2010-03-25,46.220001220703125,46.650001525878906,45.56999969482422,45.58000183105469,29.07679557800293,609900
2010-03-26,45.66999816894531,46.060001373291016,45.56999969482422,46.0099983215332,29.351110458374023,416500
2010-03-29,46.220001220703125,46.27000045776367,45.34000015258789,46.16999816894531,29.453168869018555,1129200
2010-03-30,46.060001373291016,46.70000076293945,46.0,46.599998474121094,29.727481842041016,502200
2010-03-31,46.630001068115234,46.79999923706055,46.33000183105469,46.349998474121094,29.568004608154297,384200
2010-04-01,46.61000061035156,46.939998626708984,46.38999938964844,46.650001525878906,29.759380340576172,396800
2010-04-05,46.75,47.08000183105469,46.4900016784668,46.70000076293945,29.79127311706543,264500
2010-04-06,46.619998931884766,46.7400016784668,46.22999954223633,46.560001373291016,29.701955795288086,366100
2010-04-07,46.54999923706055,46.84000015258789,46.13999938964844,46.45000076293945,29.631790161132812,269200
2010-04-08,46.36000061035156,46.599998474121094,45.97999954223633,46.18000030517578,29.459545135498047,330700
2010-04-09,46.33000183105469,46.54999923706055,45.65999984741211,46.52000045776367,29.67645263671875,437500
2010-04-12,46.54999923706055,46.70000076293945,45.90999984741211,46.13999938964844,29.434030532836914,274200
2010-04-13,46.029998779296875,46.5099983215332,46.029998779296875,46.5,29.663692474365234,230900
2010-04-14,46.66999816894531,47.16999816894531,46.5099983215332,47.16999816894531,30.09109878540039,437800
2010-04-15,47.22999954223633,48.61000061035156,47.22999954223633,48.45000076293945,30.907651901245117,944700
2010-04-16,48.5,48.900001525878906,48.040000915527344,48.47999954223633,30.92677116394043,553200
2010-04-19,48.2599983215332,48.630001068115234,47.529998779296875,47.95000076293945,30.588685989379883,459200
2010-04-20,48.2599983215332,48.33000183105469,47.86000061035156,48.33000183105469,30.831100463867188,182200
2010-04-21,48.400001525878906,48.7599983215332,48.209999084472656,48.540000915527344,30.965055465698242,286900
2010-04-22,48.2400016784668,49.349998474121094,47.84000015258789,49.27000045776367,31.43074607849121,491900
2010-04-23,49.38999938964844,49.470001220703125,48.86000061035156,49.38999938964844,31.507308959960938,287300
2010-04-26,49.58000183105469,49.58000183105469,48.970001220703125,49.33000183105469,31.46902847290039,374800
2010-04-27,49.119998931884766,49.310001373291016,48.400001525878906,48.709999084472656,31.073514938354492,550100
2010-04-28,48.970001220703125,49.02000045776367,48.5,48.66999816894531,31.047996520996094,417200
2010-04-29,48.9900016784668,48.9900016784668,48.45000076293945,48.880001068115234,31.18195915222168,350700
2010-04-30,48.970001220703125,49.36000061035156,48.40999984741211,48.45000076293945,30.907651901245117,403700
2010-05-03,49.20000076293945,49.58000183105469,48.529998779296875,49.20000076293945,31.38609504699707,815000
2010-05-04,48.22999954223633,48.47999954223633,47.650001525878906,48.119998931884766,30.69713020324707,818000
2010-05-05,47.900001525878906,48.119998931884766,47.119998931884766,47.540000915527344,30.3271484375,594000
2010-05-06,48.90999984741211,49.29999923706055,44.36000061035156,46.119998931884766,29.421283721923828,1847000
2010-05-07,47.77000045776367,47.77000045776367,45.2599983215332,45.709999084472656,29.159719467163086,1193000
2010-05-10,47.470001220703125,47.95000076293945,46.439998626708984,47.290000915527344,30.16765594482422,732400
2010-05-11,47.06999969482422,47.599998474121094,46.04999923706055,47.279998779296875,30.16126823425293,637700
2010-05-12,47.40999984741211,48.04999923706055,46.869998931884766,47.900001525878906,30.556795120239258,513000
2010-05-13,47.959999084472656,48.130001068115234,46.86000061035156,46.880001068115234,29.90610694885254,454700
2010-05-14,46.41999816894531,46.79999923706055,45.72999954223633,46.0099983215332,29.351110458374023,447500
2010-05-17,46.22999954223633,46.65999984741211,45.189998626708984,46.13999938964844,29.434030532836914,398000
2010-05-18,46.400001525878906,46.63999938964844,45.84000015258789,45.900001525878906,29.280927658081055,423100
2010-05-19,45.779998779296875,46.09000015258789,45.0,45.41999816894531,28.9747257232666,402600
2010-05-20,44.72999954223633,44.880001068115234,42.029998779296875,42.900001525878906,27.367145538330078,1882400
2010-05-21,42.470001220703125,44.56999969482422,42.150001525878906,44.45000076293945,28.35594367980957,918100
2010-05-24,44.25,46.06999969482422,44.25,45.529998779296875,29.044897079467773,978200
2010-05-25,44.650001525878906,44.70000076293945,44.029998779296875,44.61000061035156,28.536354064941406,878400
2010-05-26,44.75,45.25,44.130001068115234,44.400001525878906,28.402015686035156,446900
2010-05-27,44.95000076293945,45.11000061035156,44.4900016784668,45.09000015258789,28.843393325805664,479500
2010-05-28,44.970001220703125,44.970001220703125,44.130001068115234,44.43000030517578,28.42120361328125,555600
2010-06-01,44.13999938964844,45.04999923706055,44.06999969482422,44.06999969482422,28.190921783447266,395100
2010-06-02,44.369998931884766,45.540000915527344,44.290000915527344,45.540000915527344,29.131256103515625,522300
2010-06-03,45.459999084472656,46.0099983215332,45.439998626708984,45.529998779296875,29.12485122680664,636500
2010-06-04,44.7400016784668,45.25,44.689998626708984,44.9900016784668,28.77942657470703,635300
2010-06-07,45.02000045776367,45.130001068115234,44.2400016784668,44.33000183105469,28.35723304748535,566800
2010-06-08,44.4900016784668,45.47999954223633,44.27000045776367,45.459999084472656,29.0800838470459,599600
2010-06-09,45.630001068115234,46.02000045776367,44.959999084472656,45.04999923706055,28.817811965942383,497500
2010-06-10,45.540000915527344,46.04999923706055,45.349998474121094,45.790000915527344,29.29117774963379,455900
2010-06-11,45.279998779296875,46.16999816894531,45.20000076293945,46.16999816894531,29.534244537353516,467200
2010-06-14,46.66999816894531,46.869998931884766,45.79999923706055,45.86000061035156,29.33595848083496,465400
2010-06-15,46.060001373291016,47.31999969482422,45.97999954223633,47.27000045776367,30.237913131713867,417900
2010-06-16,46.4900016784668,46.4900016784668,44.20000076293945,44.72999954223633,28.613109588623047,1123000
2010-06-17,45.040000915527344,45.59000015258789,44.689998626708984,45.41999816894531,29.05449676513672,486100
2010-06-18,45.400001525878906,46.060001373291016,45.119998931884766,45.88999938964844,29.355140686035156,548600
2010-06-21,46.22999954223633,46.2599983215332,44.5,44.79999923706055,28.65789222717285,525700
2010-06-22,44.900001525878906,45.189998626708984,44.189998626708984,44.220001220703125,28.286874771118164,226800
2010-06-23,44.189998626708984,44.5099983215332,43.72999954223633,44.060001373291016,28.184520721435547,183400
2010-06-24,43.7599983215332,44.099998474121094,43.27000045776367,43.810001373291016,28.02461051940918,276500
2010-06-25,43.779998779296875,44.70000076293945,43.349998474121094,44.4900016784668,28.459585189819336,454600
2010-06-28,44.63999938964844,44.90999984741211,44.27000045776367,44.650001525878906,28.561933517456055,239900
2010-06-29,44.15999984741211,44.27000045776367,43.52000045776367,43.81999969482422,28.030988693237305,382600
2010-06-30,43.900001525878906,45.040000915527344,43.849998474121094,44.40999984741211,28.408418655395508,638800
2010-07-01,44.33000183105469,45.02000045776367,43.84000015258789,44.939998626708984,28.747432708740234,886200
2010-07-02,45.25,45.25,44.689998626708984,45.0,28.785818099975586,279000
2010-07-06,45.38999938964844,45.90999984741211,43.880001068115234,44.45000076293945,28.434003829956055,429100
2010-07-07,44.34000015258789,45.220001220703125,44.27000045776367,45.209999084472656,28.920169830322266,382900
2010-07-08,45.5,45.68000030517578,44.970001220703125,45.529998779296875,29.12485122680664,366300
2010-07-09,45.5,45.540000915527344,44.7400016784668,45.15999984741211,28.888168334960938,486700
2010-07-12,44.68000030517578,45.31999969482422,44.65999984741211,45.22999954223633,28.932950973510742,174400
2010-07-13,45.63999938964844,45.97999954223633,45.43000030517578,45.709999084472656,29.23999786376953,385100
2010-07-14,45.650001525878906,45.88999938964844,45.33000183105469,45.650001525878906,29.201623916625977,288800
2010-07-15,45.560001373291016,46.439998626708984,45.2599983215332,46.349998474121094,29.649404525756836,348800
2010-07-16,46.150001525878906,46.15999984741211,45.130001068115234,45.18000030517578,28.900972366333008,217200
2010-07-19,45.45000076293945,45.45000076293945,44.279998779296875,44.709999084472656,28.60031509399414,252900
2010-07-20,44.369998931884766,45.130001068115234,44.16999816894531,44.59000015258789,28.523550033569336,371300
2010-07-21,44.7400016784668,45.79999923706055,44.7400016784668,45.54999923706055,29.137653350830078,679800
2010-07-22,46.279998779296875,46.630001068115234,45.68000030517578,45.849998474121094,29.329559326171875,411400
2010-07-23,45.650001525878906,46.7400016784668,45.630001068115234,46.7400016784668,29.898868560791016,258200
2010-07-26,46.86000061035156,47.91999816894531,46.790000915527344,47.81999969482422,30.58972930908203,330500
2010-07-27,47.900001525878906,48.5,47.849998474121094,48.130001068115234,30.78804588317871,487200
2010-07-28,48.13999938964844,48.349998474121094,47.849998474121094,47.9900016784668,30.698484420776367,193600
2010-07-29,48.349998474121094,48.470001220703125,47.599998474121094,48.15999984741211,30.807235717773438,284900
2010-07-30,47.75,48.4900016784668,47.66999816894531,48.25,30.86480140686035,199400
2010-08-02,48.70000076293945,48.9900016784668,48.52000045776367,48.810001373291016,31.2230167388916,326400
2010-08-03,48.66999816894531,48.709999084472656,48.0,48.189998626708984,30.826417922973633,340400
2010-08-04,48.31999969482422,48.560001373291016,47.720001220703125,48.0099983215332,30.711278915405273,456000
2010-08-05,47.86000061035156,47.86000061035156,45.290000915527344,46.04999923706055,29.457487106323242,1147300
2010-08-06,45.75,46.349998474121094,45.689998626708984,45.9900016784668,29.41910743713379,437000
2010-08-09,46.040000915527344,46.599998474121094,45.689998626708984,46.369998931884766,29.662181854248047,675800
2010-08-10,47.4900016784668,48.84000015258789,46.650001525878906,47.38999938964844,30.314678192138672,1674600
2010-08-11,46.88999938964844,48.439998626708984,46.849998474121094,48.0,30.70488166809082,991000
2010-08-12,47.40999984741211,48.2400016784668,47.2599983215332,47.95000076293945,30.67289924621582,403800
2010-08-13,47.77000045776367,48.779998779296875,47.709999084472656,48.599998474121094,31.08869171142578,638300
2010-08-16,48.540000915527344,49.5,48.349998474121094,49.459999084472656,31.638824462890625,626800
2010-08-17,49.9900016784668,50.380001068115234,49.459999084472656,49.47999954223633,31.651628494262695,893200
2010-08-18,49.650001525878906,50.0,49.040000915527344,49.790000915527344,31.849897384643555,615600
2010-08-19,49.70000076293945,49.70000076293945,48.380001068115234,48.5,31.024738311767578,668200
2010-08-20,48.16999816894531,48.810001373291016,48.119998931884766,48.72999954223633,31.171844482421875,461800
2010-08-23,48.810001373291016,49.349998474121094,48.68000030517578,49.09000015258789,31.402141571044922,372900
2010-08-24,48.459999084472656,48.63999938964844,47.88999938964844,48.06999969482422,30.749664306640625,477400
2010-08-25,47.68000030517578,48.040000915527344,46.77000045776367,47.93000030517578,30.820390701293945,681000
2010-08-26,47.91999816894531,48.2599983215332,47.65999984741211,47.869998931884766,30.78181266784668,473100
2010-08-27,48.060001373291016,48.880001068115234,47.5,48.720001220703125,31.328384399414062,407100
2010-08-30,48.709999084472656,48.880001068115234,47.33000183105469,47.349998474121094,30.44744110107422,516100
2010-08-31,46.900001525878906,47.68000030517578,46.599998474121094,47.22999954223633,30.37027931213379,624500
2010-09-01,47.810001373291016,47.869998931884766,46.81999969482422,47.220001220703125,30.363847732543945,808800
2010-09-02,47.310001373291016,48.9900016784668,47.25,48.779998779296875,31.366973876953125,452700
2010-09-03,49.08000183105469,49.4900016784668,48.900001525878906,49.130001068115234,31.59202766418457,302600
2010-09-07,49.04999923706055,49.599998474121094,49.04999923706055,49.209999084472656,31.643463134765625,365900
2010-09-08,49.34000015258789,50.31999969482422,49.34000015258789,49.47999954223633,31.817092895507812,701400
2010-09-09,49.79999923706055,50.029998779296875,49.310001373291016,49.58000183105469,31.881383895874023,350400
2010-09-10,49.52000045776367,50.5,49.38999938964844,50.08000183105469,32.202903747558594,425900
2010-09-13,50.290000915527344,50.68000030517578,49.869998931884766,50.15999984741211,32.25434494018555,466600
2010-09-14,50.0099983215332,51.0,50.0099983215332,50.709999084472656,32.6080207824707,344200
2010-09-15,50.349998474121094,51.0,50.15999984741211,50.779998779296875,32.65302658081055,304300
2010-09-16,50.79999923706055,50.97999954223633,50.369998931884766,50.810001373291016,32.67231750488281,286700
2010-09-17,50.79999923706055,50.95000076293945,50.0,50.209999084472656,32.2864990234375,643100
2010-09-20,50.25,51.220001220703125,50.130001068115234,51.18000030517578,32.91023635864258,427300
2010-09-21,51.0099983215332,51.08000183105469,50.56999969482422,50.7599983215332,32.640174865722656,354300
2010-09-22,50.779998779296875,50.86000061035156,50.2599983215332,50.540000915527344,32.49870300292969,267900
2010-09-23,50.38999938964844,50.90999984741211,50.15999984741211,50.18000030517578,32.26723098754883,286300
2010-09-24,50.79999923706055,51.849998474121094,50.619998931884766,51.70000076293945,33.244606018066406,390100
2010-09-27,51.59000015258789,51.779998779296875,51.16999816894531,51.630001068115234,33.19960403442383,319700
2010-09-28,51.599998474121094,51.68000030517578,51.13999938964844,51.54999923706055,33.14815139770508,359800
2010-09-29,51.56999969482422,52.2400016784668,51.439998626708984,51.869998931884766,33.35392379760742,506900
2010-09-30,52.0,52.560001373291016,51.2599983215332,51.72999954223633,33.2639045715332,487000
2010-10-01,52.150001525878906,52.54999923706055,51.5099983215332,51.84000015258789,33.334632873535156,353600
2010-10-04,51.04999923706055,51.63999938964844,50.810001373291016,51.119998931884766,32.87166213989258,404600
2010-10-05,51.43000030517578,51.619998931884766,50.900001525878906,51.36000061035156,33.02598190307617,472200
2010-10-06,51.41999816894531,52.04999923706055,51.36000061035156,51.86000061035156,33.34750747680664,241700
2010-10-07,51.849998474121094,52.029998779296875,51.18000030517578,51.5099983215332,33.12244415283203,175300
2010-10-08,51.720001220703125,52.20000076293945,51.09000015258789,51.4900016784668,33.10957336425781,477300
2010-10-11,51.61000061035156,51.61000061035156,50.790000915527344,50.939998626708984,32.75591278076172,509000
2010-10-12,50.900001525878906,51.77000045776367,50.470001220703125,51.70000076293945,33.244606018066406,365700
2010-10-13,51.93000030517578,54.27000045776367,51.619998931884766,52.91999816894531,34.02910232543945,881100
2010-10-14,52.97999954223633,52.97999954223633,52.540000915527344,52.70000076293945,33.887638092041016,582700
2010-10-15,52.84000015258789,53.16999816894531,52.36000061035156,53.130001068115234,34.164146423339844,348500
2010-10-18,53.029998779296875,53.47999954223633,52.849998474121094,53.470001220703125,34.38276672363281,269800
2010-10-19,53.0,53.380001068115234,52.66999816894531,53.08000183105469,34.13199996948242,519100
2010-10-20,53.41999816894531,54.0,53.09000015258789,53.720001220703125,34.543540954589844,311200
2010-10-21,53.970001220703125,54.18000030517578,53.66999816894531,54.040000915527344,34.749298095703125,401600
2010-10-22,53.900001525878906,54.86000061035156,53.83000183105469,54.58000183105469,35.096527099609375,513400
2010-10-25,54.630001068115234,54.9900016784668,54.290000915527344,54.459999084472656,35.01936721801758,417400
2010-10-26,54.04999923706055,54.900001525878906,54.0,54.599998474121094,35.10939025878906,447300
2010-10-27,54.18000030517578,54.380001068115234,53.47999954223633,54.34000015258789,34.94220733642578,275200
2010-10-28,54.4900016784668,54.54999923706055,53.810001373291016,54.0099983215332,34.73000717163086,288500
2010-10-29,53.869998931884766,53.90999984741211,53.13999938964844,53.400001525878906,34.33776092529297,688300
2010-11-01,53.59000015258789,53.779998779296875,52.61000061035156,52.88999938964844,34.00981140136719,624800
2010-11-02,53.2599983215332,53.72999954223633,53.119998931884766,53.5,34.40205383300781,547200
2010-11-03,52.900001525878906,53.380001068115234,52.540000915527344,52.959999084472656,34.05482482910156,1122300
2010-11-04,52.72999954223633,53.2400016784668,51.02000045776367,51.880001068115234,33.36037063598633,1605900
2010-11-05,52.38999938964844,52.9900016784668,51.79999923706055,51.959999084472656,33.41178512573242,691400
2010-11-08,50.34000015258789,51.619998931884766,49.4900016784668,51.470001220703125,33.09671401977539,755900
2010-11-09,51.59000015258789,51.849998474121094,50.150001525878906,50.369998931884766,32.38937759399414,776700
2010-11-10,50.290000915527344,50.470001220703125,49.83000183105469,50.31999969482422,32.35722351074219,674300
2010-11-11,50.04999923706055,50.33000183105469,49.560001373291016,49.869998931884766,32.06785583496094,777800
2010-11-12,49.560001373291016,49.939998626708984,49.25,49.52000045776367,31.842811584472656,470700
2010-11-15,49.68000030517578,50.209999084472656,49.66999816894531,49.91999816894531,32.10002136230469,382000
2010-11-16,49.72999954223633,50.45000076293945,49.709999084472656,50.29999923706055,32.34437561035156,763300
2010-11-17,50.34000015258789,50.52000045776367,50.099998474121094,50.400001525878906,32.4086799621582,366800
2010-11-18,50.849998474121094,51.72999954223633,50.810001373291016,51.40999984741211,33.05812454223633,442900
2010-11-19,51.290000915527344,51.369998931884766,50.630001068115234,51.310001373291016,32.99382400512695,385600
2010-11-22,51.119998931884766,51.310001373291016,50.54999923706055,51.15999984741211,32.89735794067383,421700
2010-11-23,50.439998626708984,50.56999969482422,49.63999938964844,50.2599983215332,32.477359771728516,403400
2010-11-24,50.5,50.91999816894531,50.290000915527344,50.790000915527344,32.81984329223633,279800
2010-11-26,50.529998779296875,50.849998474121094,50.290000915527344,50.77000045776367,32.806915283203125,123800
2010-11-29,50.369998931884766,50.63999938964844,49.9900016784668,50.560001373291016,32.67121505737305,353400
2010-11-30,50.279998779296875,50.279998779296875,49.61000061035156,49.959999084472656,32.28350067138672,572900
2010-12-01,50.560001373291016,51.15999984741211,50.31999969482422,51.0,32.955535888671875,419600
2010-12-02,51.060001373291016,51.400001525878906,50.63999938964844,51.36000061035156,33.18815612792969,445200
2010-12-03,51.439998626708984,51.880001068115234,51.0,51.630001068115234,33.362632751464844,294300
2010-12-06,51.689998626708984,51.779998779296875,51.029998779296875,51.40999984741211,33.220462799072266,349900
2010-12-07,51.70000076293945,52.709999084472656,51.060001373291016,51.33000183105469,33.16877365112305,813600
2010-12-08,51.22999954223633,51.810001373291016,50.63999938964844,50.91999816894531,32.903846740722656,507200
2010-12-09,51.150001525878906,51.20000076293945,50.40999984741211,50.77000045776367,32.806915283203125,533400
2010-12-10,50.880001068115234,51.09000015258789,50.40999984741211,50.91999816894531,32.903846740722656,624500
2010-12-13,51.040000915527344,51.08000183105469,50.439998626708984,50.650001525878906,32.72937774658203,572700
2010-12-14,51.0,51.849998474121094,50.849998474121094,51.459999084472656,33.252784729003906,781600
2010-12-15,51.33000183105469,51.560001373291016,50.790000915527344,51.02000045776367,32.96846389770508,441300
2010-12-16,51.15999984741211,51.459999084472656,50.849998474121094,51.22999954223633,33.104164123535156,320100
2010-12-17,51.25,51.5099983215332,50.84000015258789,51.349998474121094,33.18169403076172,395600
2010-12-20,51.5,51.5,50.86000061035156,50.95000076293945,32.92322540283203,364300
2010-12-21,51.029998779296875,51.11000061035156,49.939998626708984,50.0,32.30934524536133,719300
2010-12-22,49.90999984741211,51.2400016784668,49.90999984741211,50.77000045776367,32.806915283203125,412200
2010-12-23,50.79999923706055,51.029998779296875,50.58000183105469,50.630001068115234,32.716434478759766,164500
2010-12-27,50.4900016784668,51.13999938964844,50.45000076293945,50.720001220703125,32.774593353271484,169900
2010-12-28,50.810001373291016,50.810001373291016,50.209999084472656,50.27000045776367,32.48381423950195,221000
2010-12-29,50.369998931884766,50.790000915527344,50.15999984741211,50.61000061035156,32.70352554321289,218100
2010-12-30,50.630001068115234,51.150001525878906,50.459999084472656,50.880001068115234,32.87799072265625,239600
2010-12-31,50.79999923706055,51.029998779296875,50.58000183105469,50.77000045776367,32.806915283203125,247700
2011-01-03,51.099998474121094,51.29999923706055,50.65999984741211,50.779998779296875,32.81336975097656,434800
2011-01-04,50.66999816894531,50.83000183105469,49.36000061035156,49.540000915527344,32.01210021972656,634400
2011-01-05,49.31999969482422,50.04999923706055,48.9900016784668,49.88999938964844,32.23826599121094,973100
2011-01-06,49.7599983215332,50.59000015258789,49.720001220703125,50.09000015258789,32.36750411987305,622800
2011-01-07,50.25,50.439998626708984,49.45000076293945,49.58000183105469,32.037940979003906,328700
2011-01-10,49.529998779296875,50.27000045776367,49.18000030517578,50.2400016784668,32.46443557739258,357600
2011-01-11,50.31999969482422,51.099998474121094,50.31999969482422,50.970001220703125,32.9361457824707,518700
2011-01-12,51.43000030517578,52.220001220703125,51.290000915527344,51.7599983215332,33.446624755859375,675700
2011-01-13,51.79999923706055,51.9900016784668,51.380001068115234,51.599998474121094,33.34323501586914,464800
2011-01-14,51.56999969482422,51.970001220703125,51.15999984741211,51.900001525878906,33.53709411621094,326500
2011-01-18,51.93000030517578,52.47999954223633,51.5099983215332,52.29999923706055,33.79557418823242,534200
2011-01-19,52.40999984741211,52.81999969482422,51.66999816894531,51.790000915527344,33.46601486206055,469700
2011-01-20,51.65999984741211,51.91999816894531,50.7599983215332,51.0,32.955535888671875,462700
2011-01-21,51.279998779296875,52.0,51.279998779296875,51.72999954223633,33.42725372314453,495200
2011-01-24,51.779998779296875,53.0,51.68000030517578,52.599998474121094,33.98942947387695,636200
2011-01-25,52.5,53.0099983215332,52.27000045776367,52.81999969482422,34.131595611572266,360600
2011-01-26,53.27000045776367,54.29999923706055,53.18000030517578,53.52000045776367,34.58391571044922,645400
2011-01-27,53.59000015258789,54.52000045776367,53.18000030517578,54.130001068115234,34.97809600830078,803900
2011-01-28,53.88999938964844,54.0,50.86000061035156,51.36000061035156,33.18815612792969,1539500
2011-01-31,51.400001525878906,52.72999954223633,51.16999816894531,51.66999816894531,33.38846969604492,634200
2011-02-01,51.72999954223633,52.90999984741211,51.72999954223633,52.279998779296875,33.782649993896484,488900
2011-02-02,52.369998931884766,52.650001525878906,51.79999923706055,51.86000061035156,33.511260986328125,459500
2011-02-03,51.7599983215332,52.22999954223633,51.43000030517578,51.93000030517578,33.5565071105957,385200
2011-02-04,51.970001220703125,52.70000076293945,51.70000076293945,52.27000045776367,33.77619934082031,339200
2011-02-07,52.54999923706055,52.849998474121094,52.15999984741211,52.72999954223633,34.07345199584961,426100
2011-02-08,52.849998474121094,53.029998779296875,52.36000061035156,53.0099983215332,34.25437927246094,355200
2011-02-09,52.86000061035156,53.349998474121094,52.79999923706055,53.099998474121094,34.31251525878906,390000
2011-02-10,52.84000015258789,53.36000061035156,52.63999938964844,53.04999923706055,34.280216217041016,323700
2011-02-11,52.9900016784668,53.34000015258789,52.20000076293945,53.099998474121094,34.31251525878906,547700
2011-02-14,53.310001373291016,53.310001373291016,52.029998779296875,52.459999084472656,33.89897155761719,589900
2011-02-15,52.36000061035156,52.61000061035156,51.97999954223633,52.43000030517578,33.879581451416016,502700
2011-02-16,52.459999084472656,52.790000915527344,51.83000183105469,52.529998779296875,33.94418716430664,476100
2011-02-17,52.310001373291016,53.11000061035156,52.27000045776367,53.040000915527344,34.27376937866211,340200
2011-02-18,52.9900016784668,54.59000015258789,52.9900016784668,54.470001220703125,35.19780349731445,645400
2011-02-22,53.5,54.470001220703125,52.0,52.040000915527344,33.782623291015625,506200
2011-02-23,51.9900016784668,52.29999923706055,51.0,52.209999084472656,33.89297866821289,763200
2011-02-24,52.36000061035156,53.5,52.29999923706055,53.33000183105469,34.62004089355469,1009600
2011-02-25,53.689998626708984,55.0,53.63999938964844,55.0,35.704139709472656,757100
2011-02-28,55.189998626708984,56.2599983215332,54.97999954223633,56.16999816894531,36.46366500854492,595500
2011-03-01,56.29999923706055,56.38999938964844,54.709999084472656,54.779998779296875,35.56133270263672,470100
2011-03-02,54.790000915527344,55.61000061035156,54.77000045776367,54.95000076293945,35.671695709228516,406500
2011-03-03,55.470001220703125,56.189998626708984,55.380001068115234,55.459999084472656,36.002769470214844,472200
2011-03-04,55.66999816894531,55.75,55.04999923706055,55.7400016784668,36.184532165527344,241900
2011-03-07,55.959999084472656,56.0,54.779998779296875,55.04999923706055,35.736610412597656,297000
2011-03-08,55.2400016784668,56.380001068115234,55.16999816894531,56.20000076293945,36.483158111572266,671300
2011-03-09,55.95000076293945,56.75,55.5,56.68000030517578,36.794761657714844,544000
2011-03-10,56.02000045776367,56.689998626708984,55.849998474121094,56.18000030517578,36.470176696777344,513300
2011-03-11,55.88999938964844,56.75,55.72999954223633,55.90999984741211,36.29488754272461,353900
2011-03-14,55.59000015258789,57.20000076293945,55.2400016784668,57.15999984741211,37.106346130371094,556300
2011-03-15,55.97999954223633,56.2400016784668,54.720001220703125,55.70000076293945,36.15857696533203,535600
2011-03-16,55.66999816894531,56.099998474121094,54.72999954223633,55.20000076293945,35.83399200439453,393400
2011-03-17,55.9900016784668,56.0,54.97999954223633,55.209999084472656,35.84047317504883,247700
2011-03-18,55.779998779296875,56.279998779296875,55.47999954223633,56.189998626708984,36.47665786743164,411600
2011-03-21,56.619998931884766,57.689998626708984,56.619998931884766,56.790000915527344,36.866153717041016,289200
2011-03-22,56.75,57.130001068115234,56.09000015258789,56.779998779296875,36.859649658203125,310600
2011-03-23,56.68000030517578,57.41999816894531,56.25,57.25,37.16476058959961,429400
2011-03-24,57.63999938964844,57.70000076293945,56.849998474121094,57.65999984741211,37.43093490600586,279800
2011-03-25,57.75,58.7400016784668,57.560001373291016,58.279998779296875,37.83341979980469,349500
2011-03-28,58.31999969482422,58.650001525878906,57.529998779296875,57.58000183105469,37.37900924682617,254800
2011-03-29,57.58000183105469,58.2400016784668,57.5,58.11000061035156,37.723060607910156,293200
2011-03-30,58.36000061035156,58.58000183105469,57.75,57.95000076293945,37.61919403076172,384300
2011-03-31,57.95000076293945,58.2400016784668,57.66999816894531,57.849998474121094,37.55427551269531,527100
2011-04-01,58.099998474121094,58.5,57.959999084472656,58.400001525878906,37.91130828857422,423400
2011-04-04,58.630001068115234,59.599998474121094,58.54999923706055,59.36000061035156,38.53451156616211,569600
2011-04-05,59.33000183105469,60.0,59.279998779296875,59.540000915527344,38.65137481689453,622600
2011-04-06,59.599998474121094,59.970001220703125,58.68000030517578,59.56999969482422,38.670841217041016,380500
2011-04-07,59.52000045776367,59.9900016784668,59.11000061035156,59.119998931884766,38.378719329833984,294100
2011-04-08,59.439998626708984,59.630001068115234,58.29999923706055,58.619998931884766,38.054134368896484,241900
2011-04-11,58.7599983215332,59.060001373291016,58.349998474121094,58.77000045776367,38.15150451660156,284200
2011-04-12,58.439998626708984,58.959999084472656,57.83000183105469,58.08000183105469,37.70358657836914,354000
2011-04-13,58.349998474121094,58.560001373291016,56.70000076293945,56.779998779296875,36.859649658203125,624700
2011-04-14,56.34000015258789,56.61000061035156,55.43000030517578,56.56999969482422,36.72334671020508,753500
2011-04-15,56.779998779296875,57.720001220703125,56.470001220703125,57.380001068115234,37.24917221069336,496600
2011-04-18,56.66999816894531,56.709999084472656,55.93000030517578,56.33000183105469,36.56755065917969,595100
2011-04-19,56.36000061035156,57.349998474121094,56.33000183105469,56.75,36.84019470214844,481100
2011-04-20,57.380001068115234,57.529998779296875,56.650001525878906,56.75,36.84019470214844,365400
2011-04-21,57.060001373291016,57.7400016784668,56.75,57.47999954223633,37.314083099365234,321900
2011-04-25,57.47999954223633,57.7400016784668,57.18000030517578,57.36000061035156,37.236183166503906,281200
2011-04-26,57.459999084472656,57.849998474121094,57.380001068115234,57.65999984741211,37.43093490600586,311600
2011-04-27,57.709999084472656,58.08000183105469,57.59000015258789,57.97999954223633,37.638668060302734,737100
2011-04-28,57.959999084472656,58.209999084472656,57.08000183105469,57.2400016784668,37.158287048339844,465100
2011-04-29,57.34000015258789,57.65999984741211,55.9900016784668,56.470001220703125,36.658424377441406,920000
2011-05-02,56.720001220703125,57.0099983215332,56.11000061035156,56.52000045776367,36.69088363647461,1710600
2011-05-03,56.119998931884766,58.47999954223633,54.5099983215332,57.09000015258789,37.06090545654297,1803200
2011-05-04,56.119998931884766,58.22999954223633,55.75,57.459999084472656,37.30109786987305,893000
2011-05-05,56.970001220703125,58.16999816894531,56.869998931884766,56.959999084472656,36.97651290893555,453800
2011-05-06,57.59000015258789,58.75,57.2599983215332,57.970001220703125,37.63216781616211,566100
2011-05-09,58.0,59.599998474121094,57.849998474121094,59.38999938964844,38.55400466918945,632300
2011-05-10,59.45000076293945,60.619998931884766,59.119998931884766,60.27000045776367,39.12525939941406,573600
2011-05-11,60.27000045776367,60.400001525878906,59.0099983215332,59.2400016784668,38.456626892089844,466000
2011-05-12,59.06999969482422,60.0,58.79999923706055,59.27000045776367,38.47609329223633,496000
2011-05-13,59.38999938964844,59.5,58.619998931884766,58.77000045776367,38.15150451660156,422800
2011-05-16,58.66999816894531,58.66999816894531,57.75,57.81999969482422,37.5347900390625,520700
2011-05-17,57.709999084472656,58.02000045776367,56.7599983215332,56.869998931884766,36.918087005615234,602100
2011-05-18,56.68000030517578,57.25,56.16999816894531,57.08000183105469,37.054412841796875,549500
2011-05-19,57.189998626708984,58.220001220703125,57.189998626708984,57.470001220703125,37.30760192871094,329600
2011-05-20,57.470001220703125,58.06999969482422,57.02000045776367,57.47999954223633,37.314083099365234,235600
2011-05-23,56.77000045776367,57.369998931884766,56.529998779296875,56.880001068115234,36.92458724975586,349700
2011-05-24,56.90999984741211,57.060001373291016,56.43000030517578,56.7400016784668,36.83369445800781,372700
2011-05-25,56.470001220703125,57.38999938964844,56.40999984741211,57.279998779296875,37.348812103271484,341500
2011-05-26,57.0,58.27000045776367,56.810001373291016,58.06999969482422,37.86393737792969,490300
2011-05-27,58.06999969482422,59.369998931884766,58.06999969482422,59.060001373291016,38.50945281982422,582900
2011-05-31,58.599998474121094,58.79999923706055,57.47999954223633,57.70000076293945,37.62266540527344,1069800
2011-06-01,57.5,57.66999816894531,56.54999923706055,56.79999923706055,37.03584289550781,805900
2011-06-02,56.59000015258789,56.91999816894531,55.75,55.7599983215332,36.35770797729492,673900
2011-06-03,55.09000015258789,55.779998779296875,55.0,55.29999923706055,36.057769775390625,617700
2011-06-06,53.90999984741211,54.040000915527344,51.90999984741211,52.41999816894531,34.17990493774414,2062000
2011-06-07,52.529998779296875,53.41999816894531,52.459999084472656,52.88999938964844,34.48635482788086,628800
2011-06-08,52.709999084472656,52.83000183105469,51.970001220703125,52.04999923706055,33.93865203857422,724400
2011-06-09,52.220001220703125,52.7400016784668,51.709999084472656,52.41999816894531,34.17990493774414,1226100
2011-06-10,52.2400016784668,52.310001373291016,51.459999084472656,51.63999938964844,33.67130661010742,685500
2011-06-13,51.83000183105469,52.20000076293945,51.58000183105469,51.86000061035156,33.814754486083984,606800
2011-06-14,52.709999084472656,52.709999084472656,51.970001220703125,52.34000015258789,34.12773132324219,966400
2011-06-15,49.38999938964844,50.650001525878906,48.86000061035156,49.189998626708984,32.07381057739258,3386700
2011-06-16,49.09000015258789,49.369998931884766,48.52000045776367,48.880001068115234,31.871675491333008,1220200
2011-06-17,49.31999969482422,49.869998931884766,48.970001220703125,48.9900016784668,31.943408966064453,875700
2011-06-20,49.95000076293945,51.029998779296875,49.59000015258789,50.88999938964844,33.182273864746094,1341500
2011-06-21,51.27000045776367,51.4900016784668,50.33000183105469,51.27000045776367,33.4300422668457,1064300
2011-06-22,51.08000183105469,51.5099983215332,50.70000076293945,50.849998474121094,33.15620422363281,720700
2011-06-23,50.290000915527344,51.630001068115234,50.029998779296875,51.540000915527344,33.606101989746094,842600
2011-06-24,51.560001373291016,51.959999084472656,51.130001068115234,51.52000045776367,33.59306716918945,735700
2011-06-27,51.349998474121094,51.529998779296875,50.65999984741211,51.189998626708984,33.377891540527344,780300
2011-06-28,51.43000030517578,51.599998474121094,51.209999084472656,51.4900016784668,33.573490142822266,402300
2011-06-29,51.7400016784668,52.33000183105469,51.529998779296875,52.16999816894531,34.016883850097656,1009300
2011-06-30,52.11000061035156,52.20000076293945,51.08000183105469,51.310001373291016,33.456138610839844,852200
2011-07-01,51.52000045776367,51.869998931884766,51.29999923706055,51.61000061035156,33.65174102783203,763800
2011-07-05,51.689998626708984,51.880001068115234,49.86000061035156,50.41999816894531,32.875823974609375,1648300
2011-07-06,50.20000076293945,50.84000015258789,50.11000061035156,50.560001373291016,32.96710205078125,1106500
2011-07-07,50.849998474121094,51.93000030517578,50.849998474121094,51.77000045776367,33.756080627441406,924200
2011-07-08,51.2400016784668,51.93000030517578,51.040000915527344,51.849998474121094,33.80823516845703,746100
2011-07-11,51.29999923706055,51.75,51.18000030517578,51.689998626708984,33.70389938354492,683500
2011-07-12,51.43000030517578,52.06999969482422,51.43000030517578,51.70000076293945,33.71043395996094,662400
2011-07-13,51.88999938964844,52.16999816894531,51.5,51.560001373291016,33.619136810302734,451000
2011-07-14,51.540000915527344,52.0099983215332,50.619998931884766,50.7400016784668,33.08446502685547,539000
2011-07-15,50.959999084472656,51.220001220703125,50.560001373291016,51.18000030517578,33.371376037597656,466600
2011-07-18,51.04999923706055,51.4900016784668,50.29999923706055,50.470001220703125,32.908416748046875,330400
2011-07-19,49.380001068115234,50.060001373291016,49.06999969482422,49.81999969482422,32.484588623046875,1515600
2011-07-20,49.970001220703125,50.27000045776367,49.630001068115234,49.84000015258789,32.49763488769531,371400
2011-07-21,50.0,50.5,49.7599983215332,50.0099983215332,32.60848617553711,463700
2011-07-22,49.939998626708984,50.29999923706055,49.68000030517578,49.9900016784668,32.595455169677734,581800
2011-07-25,49.400001525878906,50.66999816894531,49.11000061035156,50.45000076293945,32.89539337158203,643600
2011-07-26,50.529998779296875,51.04999923706055,50.15999984741211,51.0,33.254005432128906,861400
2011-07-27,50.81999969482422,51.56999969482422,50.619998931884766,51.16999816894531,33.364864349365234,1118100
2011-07-28,51.150001525878906,51.58000183105469,50.869998931884766,50.970001220703125,33.234439849853516,603100
2011-07-29,50.20000076293945,50.849998474121094,50.150001525878906,50.459999084472656,32.90190124511719,838600
2011-08-01,50.869998931884766,50.959999084472656,50.099998474121094,50.34000015258789,32.823665618896484,1006500
2011-08-02,49.91999816894531,50.06999969482422,48.22999954223633,48.27000045776367,31.473936080932617,1421000
2011-08-03,48.380001068115234,48.38999938964844,47.220001220703125,48.13999938964844,31.389162063598633,885300
2011-08-04,47.709999084472656,47.81999969482422,45.29999923706055,45.38999938964844,29.5960636138916,1136300
2011-08-05,45.88999938964844,46.7599983215332,45.060001373291016,45.849998474121094,29.896007537841797,1242200
2011-08-08,42.5,43.689998626708984,39.9900016784668,40.40999984741211,26.34890365600586,2474000
2011-08-09,40.540000915527344,42.849998474121094,40.5,42.83000183105469,27.926849365234375,1779900
2011-08-10,42.040000915527344,42.66999816894531,41.22999954223633,41.2599983215332,26.90314292907715,1232000
2011-08-11,41.560001373291016,43.529998779296875,41.16999816894531,43.18000030517578,28.15505599975586,1008300
2011-08-12,43.540000915527344,44.880001068115234,43.310001373291016,44.380001068115234,28.937511444091797,914800
2011-08-15,44.77000045776367,45.56999969482422,44.58000183105469,45.560001373291016,29.70691680908203,443200
2011-08-16,45.130001068115234,45.47999954223633,44.709999084472656,45.02000045776367,29.354812622070312,721800
2011-08-17,45.41999816894531,45.86000061035156,44.79999923706055,45.54999923706055,29.700389862060547,523700
2011-08-18,44.220001220703125,44.84000015258789,43.880001068115234,44.5,29.015748977661133,909200
2011-08-19,43.83000183105469,45.7400016784668,43.83000183105469,44.86000061035156,29.25048828125,819400
2011-08-22,45.970001220703125,46.5099983215332,44.150001525878906,44.40999984741211,28.957059860229492,864000
2011-08-23,44.63999938964844,46.65999984741211,44.459999084472656,46.400001525878906,30.25462532043457,725300
2011-08-24,45.91999816894531,47.09000015258789,45.66999816894531,46.97999954223633,30.83214569091797,655400
2011-08-25,47.20000076293945,47.5099983215332,46.119998931884766,46.2599983215332,30.35963249206543,566400
2011-08-26,46.0,47.81999969482422,45.790000915527344,47.650001525878906,31.27187156677246,645600
2011-08-29,48.150001525878906,49.06999969482422,47.93000030517578,48.939998626708984,32.118465423583984,486600
2011-08-30,48.63999938964844,48.90999984741211,48.099998474121094,48.560001373291016,31.869077682495117,747800
2011-08-31,48.880001068115234,49.279998779296875,48.38999938964844,48.560001373291016,31.869077682495117,483600
2011-09-01,48.560001373291016,49.04999923706055,47.90999984741211,47.95000076293945,31.468740463256836,394900
2011-09-02,46.95000076293945,47.369998931884766,46.279998779296875,46.43000030517578,30.4711971282959,462600
2011-09-06,45.09000015258789,46.88999938964844,44.939998626708984,46.59000015258789,30.57619857788086,581400
2011-09-07,47.29999923706055,48.2400016784668,47.189998626708984,48.189998626708984,31.626245498657227,424000
2011-09-08,47.689998626708984,48.5,47.59000015258789,47.77000045776367,31.350614547729492,432900
2011-09-09,47.27000045776367,48.18000030517578,47.08000183105469,47.2400016784668,31.002784729003906,808600
2011-09-12,46.790000915527344,47.83000183105469,46.220001220703125,46.86000061035156,30.75340461730957,623100
2011-09-13,47.04999923706055,47.66999816894531,46.779998779296875,47.31999969482422,31.055274963378906,488400
2011-09-14,47.619998931884766,48.31999969482422,46.06999969482422,47.61000061035156,31.245620727539062,751200
2011-09-15,47.220001220703125,47.84000015258789,46.56999969482422,47.2599983215332,31.015914916992188,657400
2011-09-16,47.220001220703125,47.5,46.790000915527344,47.209999084472656,30.983097076416016,868100
2011-09-19,46.439998626708984,46.90999984741211,45.86000061035156,46.31999969482422,30.399009704589844,591400
2011-09-20,46.56999969482422,46.650001525878906,45.33000183105469,45.400001525878906,29.79523277282715,742200
2011-09-21,45.38999938964844,45.38999938964844,43.63999938964844,43.65999984741211,28.653289794921875,758400
2011-09-22,42.150001525878906,43.380001068115234,41.81999969482422,43.29999923706055,28.417028427124023,883300
2011-09-23,43.349998474121094,44.119998931884766,43.099998474121094,43.720001220703125,28.692668914794922,540700
2011-09-26,44.13999938964844,45.4900016784668,43.43000030517578,45.470001220703125,29.841157913208008,545800
2011-09-27,46.2599983215332,46.630001068115234,45.25,45.5099983215332,29.867395401000977,381700
2011-09-28,45.72999954223633,45.72999954223633,44.52000045776367,44.619998931884766,29.2833251953125,483800
2011-09-29,45.36000061035156,45.70000076293945,43.650001525878906,44.880001068115234,29.453960418701172,435700
2011-09-30,44.150001525878906,45.650001525878906,44.06999969482422,44.599998474121094,29.27019691467285,994400
2011-10-03,44.18000030517578,44.75,43.599998474121094,43.7599983215332,28.718915939331055,1054300
2011-10-04,43.41999816894531,46.130001068115234,43.209999084472656,45.7599983215332,30.031482696533203,1100000
2011-10-05,46.029998779296875,46.83000183105469,45.5,46.25,30.35307502746582,707400
2011-10-06,46.38999938964844,47.5,45.939998626708984,47.31999969482422,31.055274963378906,473800
2011-10-07,47.290000915527344,47.84000015258789,46.77000045776367,46.95000076293945,30.812461853027344,375300
2011-10-10,41.720001220703125,46.189998626708984,41.720001220703125,45.13999938964844,29.624588012695312,2494200
2011-10-11,45.029998779296875,45.099998474121094,44.4900016784668,44.599998474121094,29.27019691467285,829100
2011-10-12,44.70000076293945,46.61000061035156,44.61000061035156,45.97999954223633,30.175874710083008,582600
2011-10-13,45.63999938964844,46.119998931884766,44.45000076293945,44.9900016784668,29.526147842407227,909500
2011-10-14,45.54999923706055,45.66999816894531,44.470001220703125,44.970001220703125,29.513023376464844,609700
2011-10-17,44.66999816894531,44.689998626708984,44.279998779296875,44.380001068115234,29.125816345214844,883000
2011-10-18,44.459999084472656,46.25,44.150001525878906,45.959999084472656,30.162750244140625,637200
2011-10-19,46.13999938964844,46.83000183105469,46.029998779296875,46.560001373291016,30.5565128326416,811000
2011-10-20,46.54999923706055,47.13999938964844,45.88999938964844,46.959999084472656,30.81902503967285,621000
2011-10-21,47.5099983215332,48.459999084472656,47.40999984741211,48.189998626708984,31.626245498657227,424900
2011-10-24,48.29999923706055,49.04999923706055,48.22999954223633,48.75,31.993772506713867,372300
2011-10-25,48.650001525878906,48.7599983215332,47.630001068115234,47.68000030517578,31.291553497314453,266900
2011-10-26,48.06999969482422,49.33000183105469,47.5099983215332,48.970001220703125,32.138160705566406,530600
2011-10-27,50.349998474121094,50.849998474121094,49.650001525878906,50.119998931884766,32.89286804199219,444600
2011-10-28,49.72999954223633,50.66999816894531,49.56999969482422,49.959999084472656,32.78787612915039,422900
2011-10-31,49.400001525878906,49.59000015258789,48.5,48.5099983215332,31.83626937866211,461600
2011-11-01,47.060001373291016,47.869998931884766,46.380001068115234,46.470001220703125,30.497438430786133,655400
2011-11-02,47.09000015258789,47.310001373291016,46.25,47.18000030517578,30.96339988708496,499500
2011-11-03,47.75,48.060001373291016,46.790000915527344,47.709999084472656,31.311235427856445,697500
2011-11-04,47.099998474121094,47.81999969482422,46.45000076293945,47.61000061035156,31.245620727539062,885500
2011-11-07,47.38999938964844,47.38999938964844,46.209999084472656,46.439998626708984,30.477760314941406,1156900
2011-11-08,45.529998779296875,45.529998779296875,43.060001373291016,43.66999816894531,28.659862518310547,2264200
2011-11-09,42.290000915527344,42.900001525878906,41.7599983215332,42.349998474121094,27.793560028076172,1562500
2011-11-10,42.77000045776367,44.0,42.380001068115234,43.119998931884766,28.29889678955078,1104100
2011-11-11,43.900001525878906,43.97999954223633,43.130001068115234,43.279998779296875,28.403905868530273,375000
2011-11-14,43.0099983215332,43.279998779296875,42.459999084472656,42.810001373291016,28.095458984375,620400
2011-11-15,42.790000915527344,43.11000061035156,42.060001373291016,42.880001068115234,28.141395568847656,519800
2011-11-16,42.52000045776367,43.04999923706055,42.400001525878906,42.58000183105469,27.944509506225586,771100
2011-11-17,42.54999923706055,42.88999938964844,42.0099983215332,42.25,27.727943420410156,815500
2011-11-18,42.380001068115234,42.560001373291016,41.900001525878906,42.29999923706055,27.76074981689453,779000
2011-11-21,41.77000045776367,42.75,41.63999938964844,42.540000915527344,27.918256759643555,756600
2011-11-22,42.54999923706055,42.54999923706055,41.7599983215332,42.099998474121094,27.825716018676758,766900
2011-11-23,41.849998474121094,42.0,40.56999969482422,41.2599983215332,27.270530700683594,1202000
2011-11-25,41.41999816894531,41.9900016784668,41.029998779296875,41.43000030517578,27.382888793945312,228600
2011-11-28,42.470001220703125,42.880001068115234,41.900001525878906,42.060001373291016,27.799287796020508,446300
2011-11-29,42.08000183105469,42.81999969482422,41.970001220703125,42.040000915527344,27.78607177734375,291200
2011-11-30,43.290000915527344,44.09000015258789,42.880001068115234,44.09000015258789,29.141000747680664,760600
2011-12-01,43.84000015258789,45.18000030517578,43.779998779296875,44.63999938964844,29.504518508911133,762900
2011-12-02,45.0,45.45000076293945,44.36000061035156,44.4900016784668,29.405385971069336,430600
2011-12-05,45.0,45.5,44.66999816894531,44.90999984741211,29.6829833984375,443300
2011-12-06,45.0,45.0,44.310001373291016,44.470001220703125,29.39216423034668,453700
2011-12-07,43.97999954223633,45.68000030517578,43.59000015258789,45.349998474121094,29.973793029785156,963800
2011-12-08,44.93000030517578,45.220001220703125,44.029998779296875,44.25,29.24675178527832,548600
2011-12-09,44.29999923706055,45.0099983215332,44.09000015258789,44.72999954223633,29.56399917602539,327500
2011-12-12,44.09000015258789,44.59000015258789,43.77000045776367,44.20000076293945,29.213703155517578,348400
2011-12-13,43.5,44.650001525878906,43.47999954223633,44.18000030517578,29.20048713684082,735700
2011-12-14,43.880001068115234,44.18000030517578,43.29999923706055,43.470001220703125,28.731210708618164,509300
2011-12-15,43.7599983215332,43.91999816894531,43.33000183105469,43.77000045776367,28.929494857788086,347400
2011-12-16,43.93000030517578,44.0099983215332,43.20000076293945,43.779998779296875,28.936100006103516,742300
2011-12-19,44.0,44.31999969482422,42.90999984741211,43.02000045776367,28.433794021606445,210500
2011-12-20,43.7400016784668,44.689998626708984,43.7400016784668,44.56999969482422,29.4582576751709,231400
2011-12-21,44.599998474121094,44.970001220703125,44.22999954223633,44.560001373291016,29.451650619506836,222200
2011-12-22,44.86000061035156,46.81999969482422,44.41999816894531,46.279998779296875,30.588468551635742,709700
2011-12-23,46.38999938964844,46.650001525878906,45.970001220703125,46.08000183105469,30.456274032592773,243300
2011-12-27,45.959999084472656,46.25,45.68000030517578,46.15999984741211,30.509170532226562,201900
2011-12-28,45.939998626708984,46.27000045776367,45.86000061035156,45.97999954223633,30.39018440246582,311300
2011-12-29,46.08000183105469,46.900001525878906,45.79999923706055,46.540000915527344,30.760316848754883,249600
2011-12-30,46.43000030517578,47.310001373291016,46.43000030517578,46.689998626708984,30.85946273803711,262300
2012-01-03,47.61000061035156,47.61000061035156,47.060001373291016,47.290000915527344,31.256023406982422,341700
2012-01-04,47.06999969482422,47.619998931884766,46.77000045776367,47.56999969482422,31.441082000732422,399000
2012-01-05,47.4900016784668,47.70000076293945,47.189998626708984,47.45000076293945,31.361772537231445,459300
2012-01-06,47.31999969482422,47.77000045776367,46.77000045776367,47.619998931884766,31.474132537841797,561200
2012-01-09,47.560001373291016,47.959999084472656,47.369998931884766,47.7599983215332,31.566665649414062,334400
2012-01-10,48.0,48.459999084472656,47.88999938964844,48.27000045776367,31.90373420715332,333100
2012-01-11,48.2400016784668,48.54999923706055,48.029998779296875,48.36000061035156,31.963224411010742,419200
2012-01-12,48.459999084472656,48.970001220703125,48.20000076293945,48.720001220703125,32.20116424560547,420700
2012-01-13,48.34000015258789,48.779998779296875,47.540000915527344,48.34000015258789,31.95001220703125,414800
2012-01-17,48.84000015258789,48.9900016784668,46.869998931884766,46.97999954223633,31.051132202148438,527400
2012-01-18,47.0099983215332,47.720001220703125,46.84000015258789,47.650001525878906,31.493967056274414,544000
2012-01-19,46.5099983215332,47.9900016784668,46.16999816894531,47.72999954223633,31.546838760375977,951500
2012-01-20,47.790000915527344,48.25,47.61000061035156,47.65999984741211,31.500553131103516,392700
2012-01-23,47.7599983215332,47.939998626708984,47.02000045776367,47.20000076293945,31.196531295776367,356000
2012-01-24,46.97999954223633,47.59000015258789,46.779998779296875,47.529998779296875,31.41464614868164,252500
2012-01-25,47.52000045776367,47.880001068115234,47.02000045776367,47.79999923706055,31.59311294555664,407200
2012-01-26,48.0,48.209999084472656,47.720001220703125,47.83000183105469,31.612924575805664,369400
2012-01-27,47.7599983215332,48.130001068115234,47.529998779296875,47.79999923706055,31.59311294555664,298100
2012-01-30,47.41999816894531,47.79999923706055,47.279998779296875,47.68000030517578,31.513790130615234,304300
2012-01-31,47.77000045776367,47.939998626708984,47.11000061035156,47.36000061035156,31.30228614807129,329900
2012-02-01,47.779998779296875,48.06999969482422,47.68000030517578,47.900001525878906,31.659204483032227,606100
2012-02-02,47.84000015258789,48.119998931884766,47.720001220703125,47.90999984741211,31.665802001953125,348800
2012-02-03,48.20000076293945,48.93000030517578,48.029998779296875,48.81999969482422,32.267276763916016,650500
2012-02-06,48.7400016784668,49.349998474121094,48.650001525878906,49.04999923706055,32.41928482055664,678000
2012-02-07,49.25,53.5,49.040000915527344,52.959999084472656,35.00357437133789,1390300
2012-02-08,52.84000015258789,53.54999923706055,51.45000076293945,51.470001220703125,34.01876449584961,784200
2012-02-09,50.97999954223633,51.65999984741211,49.880001068115234,51.119998931884766,33.78744125366211,994100
2012-02-10,50.599998474121094,50.779998779296875,49.38999938964844,49.52000045776367,32.72992706298828,596000
2012-02-13,49.790000915527344,50.2599983215332,48.959999084472656,48.9900016784668,32.379634857177734,578800
2012-02-14,48.599998474121094,48.9900016784668,48.29999923706055,48.95000076293945,32.353187561035156,674300
2012-02-15,48.84000015258789,49.04999923706055,47.72999954223633,47.90999984741211,31.665802001953125,450700
2012-02-16,48.0,48.0,47.43000030517578,47.939998626708984,31.68564224243164,464700
2012-02-17,47.95000076293945,49.060001373291016,47.900001525878906,49.0099983215332,32.39282989501953,700200
2012-02-21,49.34000015258789,49.34000015258789,48.119998931884766,48.38999938964844,31.983060836791992,330000
2012-02-22,47.970001220703125,48.09000015258789,47.369998931884766,47.58000183105469,31.643882751464844,326200
2012-02-23,47.650001525878906,47.93000030517578,47.20000076293945,47.86000061035156,31.83008575439453,163800
2012-02-24,48.08000183105469,48.369998931884766,47.619998931884766,47.68000030517578,31.710376739501953,282700
2012-02-27,47.59000015258789,47.959999084472656,47.02000045776367,47.689998626708984,31.717037200927734,332900
2012-02-28,47.810001373291016,47.869998931884766,47.150001525878906,47.369998931884766,31.504207611083984,294100
2012-02-29,47.5099983215332,47.630001068115234,46.75,46.84000015258789,31.1517333984375,486300
2012-03-01,47.040000915527344,47.529998779296875,46.81999969482422,46.90999984741211,31.198280334472656,374300
2012-03-02,46.869998931884766,47.22999954223633,46.54999923706055,47.130001068115234,31.34459686279297,485200
2012-03-05,47.0,47.36000061035156,46.83000183105469,47.08000183105469,31.31134605407715,599600
2012-03-06,46.61000061035156,47.0099983215332,46.529998779296875,46.970001220703125,31.238187789916992,524100
2012-03-07,47.08000183105469,47.29999923706055,46.7400016784668,46.95000076293945,31.224895477294922,398100
2012-03-08,47.2599983215332,48.04999923706055,46.970001220703125,48.0,31.9232177734375,371400
2012-03-09,47.9900016784668,48.45000076293945,47.79999923706055,48.439998626708984,32.21583938598633,371900
2012-03-12,48.45000076293945,48.970001220703125,48.18000030517578,48.58000183105469,32.3089485168457,384600
2012-03-13,48.880001068115234,49.790000915527344,48.7599983215332,49.790000915527344,33.113670349121094,541400
2012-03-14,49.79999923706055,51.54999923706055,49.75,51.349998474121094,34.15117263793945,1316300
2012-03-15,51.34000015258789,53.33000183105469,51.29999923706055,53.11000061035156,35.32170104980469,1296200
2012-03-16,53.189998626708984,53.58000183105469,52.88999938964844,53.150001525878906,35.348297119140625,866900
2012-03-19,53.150001525878906,53.25,52.58000183105469,52.900001525878906,35.182037353515625,692500
2012-03-20,52.5099983215332,52.97999954223633,52.099998474121094,52.560001373291016,34.95591735839844,515800
2012-03-21,52.619998931884766,53.0,52.47999954223633,52.7599983215332,35.08893966674805,471600
2012-03-22,52.189998626708984,52.83000183105469,52.16999816894531,52.70000076293945,35.04901123046875,350400
2012-03-23,52.9900016784668,53.25,52.720001220703125,53.029998779296875,35.26848602294922,583500
2012-03-26,53.2400016784668,54.5,53.2400016784668,53.83000183105469,35.800537109375,522700
2012-03-27,54.18000030517578,55.58000183105469,54.18000030517578,54.689998626708984,36.372501373291016,1109800
2012-03-28,54.849998474121094,54.849998474121094,54.220001220703125,54.7400016784668,36.40575408935547,480100
2012-03-29,54.20000076293945,54.61000061035156,53.93000030517578,54.33000183105469,36.13307571411133,374800
2012-03-30,54.599998474121094,54.720001220703125,54.15999984741211,54.15999984741211,36.0200309753418,399600
2012-04-02,54.209999084472656,54.790000915527344,53.95000076293945,54.52000045776367,36.25944900512695,463200
2012-04-03,54.59000015258789,54.970001220703125,54.130001068115234,54.45000076293945,36.212886810302734,415100
2012-04-04,54.08000183105469,54.599998474121094,53.93000030517578,54.0099983215332,35.920249938964844,316500
2012-04-05,53.9900016784668,54.16999816894531,52.86000061035156,52.939998626708984,35.20863342285156,837500
2012-04-09,52.4900016784668,52.880001068115234,52.27000045776367,52.439998626708984,34.876094818115234,473200
2012-04-10,52.439998626708984,52.59000015258789,50.959999084472656,51.09000015258789,33.97826385498047,373800
2012-04-11,51.630001068115234,52.060001373291016,51.369998931884766,51.939998626708984,34.54356002807617,431400
2012-04-12,52.119998931884766,53.119998931884766,52.0,52.849998474121094,35.148773193359375,543600
2012-04-13,52.720001220703125,53.150001525878906,52.45000076293945,52.470001220703125,34.89604187011719,334800
2012-04-16,52.4900016784668,52.900001525878906,52.439998626708984,52.54999923706055,34.94926834106445,486000
2012-04-17,52.70000076293945,52.88999938964844,52.560001373291016,52.599998474121094,34.98250961303711,709800
2012-04-18,52.5099983215332,52.63999938964844,52.20000076293945,52.33000183105469,34.80295181274414,215500
2012-04-19,52.400001525878906,52.61000061035156,51.81999969482422,52.20000076293945,34.716487884521484,204900
2012-04-20,52.290000915527344,52.849998474121094,52.290000915527344,52.63999938964844,35.00910568237305,363200
2012-04-23,51.970001220703125,51.97999954223633,51.209999084472656,51.779998779296875,34.437156677246094,289200
2012-04-24,51.709999084472656,52.02000045776367,51.25,51.439998626708984,34.21102523803711,298300
2012-04-25,52.15999984741211,52.41999816894531,52.06999969482422,52.2400016784668,34.74308395385742,235500
2012-04-26,51.9900016784668,52.36000061035156,51.939998626708984,52.099998474121094,34.64996337890625,241900
2012-04-27,52.150001525878906,52.63999938964844,52.150001525878906,52.470001220703125,34.89604187011719,339100
2012-04-30,52.380001068115234,52.77000045776367,52.0,52.400001525878906,34.84949493408203,337600
2012-05-01,52.38999938964844,52.65999984741211,52.13999938964844,52.20000076293945,34.716487884521484,315800
2012-05-02,51.970001220703125,52.15999984741211,51.79999923706055,51.91999816894531,34.530269622802734,285000
2012-05-03,54.25,55.95000076293945,52.88999938964844,53.63999938964844,35.6741828918457,1136400
2012-05-04,53.369998931884766,53.560001373291016,53.029998779296875,53.33000183105469,35.4680061340332,712200
2012-05-07,53.41999816894531,55.130001068115234,53.130001068115234,55.0,36.578678131103516,1325100
2012-05-08,48.0,49.38999938964844,45.5099983215332,46.13999938964844,30.686185836791992,2983200
2012-05-09,46.119998931884766,47.150001525878906,45.959999084472656,46.08000183105469,30.646265029907227,1167800
2012-05-10,47.189998626708984,48.130001068115234,46.75,46.91999816894531,31.20493507385254,1160900
2012-05-11,46.849998474121094,47.20000076293945,46.54999923706055,46.91999816894531,31.20493507385254,690500
2012-05-14,46.599998474121094,46.66999816894531,45.95000076293945,45.9900016784668,30.586410522460938,532500
2012-05-15,45.900001525878906,46.220001220703125,45.36000061035156,45.369998931884766,30.174072265625,638600
2012-05-16,45.560001373291016,45.9900016784668,45.2599983215332,45.40999984741211,30.200681686401367,477900
2012-05-17,45.400001525878906,45.4900016784668,44.52000045776367,44.619998931884766,29.675283432006836,500900
2012-05-18,44.720001220703125,44.849998474121094,44.040000915527344,44.150001525878906,29.36269760131836,527100
2012-05-21,44.150001525878906,44.88999938964844,43.86000061035156,44.810001373291016,29.80164909362793,302900
2012-05-22,44.86000061035156,45.2400016784668,44.27000045776367,44.5099983215332,29.60213279724121,286000
2012-05-23,43.9900016784668,44.369998931884766,42.970001220703125,44.22999954223633,29.61551284790039,533000
2012-05-24,44.29999923706055,44.5,43.58000183105469,44.220001220703125,29.60882568359375,277100
2012-05-25,44.15999984741211,44.58000183105469,43.709999084472656,43.849998474121094,29.36107635498047,154500
2012-05-29,44.220001220703125,44.38999938964844,43.83000183105469,44.18000030517578,29.58203125,210800
2012-05-30,43.90999984741211,44.02000045776367,43.459999084472656,43.61000061035156,29.200368881225586,252400
2012-05-31,43.560001373291016,43.630001068115234,43.02000045776367,43.16999816894531,28.905759811401367,561600
2012-06-01,42.709999084472656,42.7400016784668,42.04999923706055,42.33000183105469,28.34331512451172,499800
2012-06-04,42.33000183105469,42.33000183105469,41.65999984741211,41.95000076293945,28.0888671875,385900
2012-06-05,41.88999938964844,42.349998474121094,41.849998474121094,42.13999938964844,28.216075897216797,352500
2012-06-06,42.52000045776367,43.529998779296875,42.4900016784668,43.18000030517578,28.91246223449707,521500
2012-06-07,43.650001525878906,44.400001525878906,43.27000045776367,43.290000915527344,28.986108779907227,726000
2012-06-08,43.0,43.029998779296875,41.79999923706055,42.27000045776367,28.303131103515625,1405800
2012-06-11,42.5,42.63999938964844,42.11000061035156,42.45000076293945,28.42365074157715,686400
2012-06-12,42.560001373291016,43.18000030517578,42.52000045776367,43.04999923706055,28.825410842895508,661000
2012-06-13,35.7400016784668,40.849998474121094,35.4900016784668,40.209999084472656,26.923795700073242,8850000
2012-06-14,40.130001068115234,40.439998626708984,39.470001220703125,39.599998474121094,26.515361785888672,2112700
2012-06-15,39.560001373291016,39.77000045776367,38.849998474121094,39.04999923706055,26.147092819213867,1314500
2012-06-18,39.220001220703125,40.119998931884766,38.869998931884766,40.029998779296875,26.80327606201172,1072600
2012-06-19,40.099998474121094,40.779998779296875,40.099998474121094,40.599998474121094,27.184940338134766,465600
2012-06-20,40.43000030517578,40.5,39.83000183105469,40.08000183105469,26.836748123168945,717300
2012-06-21,40.099998474121094,40.119998931884766,39.02000045776367,39.220001220703125,26.260913848876953,596000
2012-06-22,39.439998626708984,39.58000183105469,39.02000045776367,39.47999954223633,26.435001373291016,485200
2012-06-25,38.939998626708984,39.06999969482422,37.90999984741211,38.529998779296875,25.798908233642578,789400
2012-06-26,38.790000915527344,39.689998626708984,38.540000915527344,39.470001220703125,26.428314208984375,947600
2012-06-27,39.59000015258789,40.16999816894531,39.470001220703125,39.86000061035156,26.689441680908203,773700
2012-06-28,39.56999969482422,40.5,39.5,40.41999816894531,27.064411163330078,564600
2012-06-29,41.0,41.220001220703125,40.779998779296875,41.119998931884766,27.53311538696289,658200
2012-07-02,41.209999084472656,41.2599983215332,40.540000915527344,40.880001068115234,27.372419357299805,284700
2012-07-03,41.029998779296875,41.25,40.70000076293945,40.9900016784668,27.446081161499023,122100
2012-07-05,40.900001525878906,41.34000015258789,40.4900016784668,41.27000045776367,27.6335506439209,332500
2012-07-06,40.84000015258789,41.220001220703125,40.52000045776367,40.63999938964844,27.211708068847656,323700
2012-07-09,40.63999938964844,40.63999938964844,40.0099983215332,40.45000076293945,27.084508895874023,424000
2012-07-10,40.630001068115234,40.70000076293945,39.81999969482422,40.08000183105469,26.836748123168945,307100
2012-07-11,40.400001525878906,40.630001068115234,39.689998626708984,40.189998626708984,26.91041374206543,417500
2012-07-12,39.59000015258789,39.79999923706055,38.650001525878906,38.7599983215332,25.952911376953125,1272700
2012-07-13,38.75,39.099998474121094,38.34000015258789,38.47999954223633,25.765424728393555,680300
2012-07-16,38.38999938964844,39.189998626708984,38.31999969482422,38.939998626708984,26.07343101501465,478800
2012-07-17,39.060001373291016,39.5,38.7400016784668,39.38999938964844,26.37474822998047,316800
2012-07-18,39.38999938964844,39.72999954223633,38.93000030517578,39.189998626708984,26.240825653076172,672800
2012-07-19,39.2400016784668,39.369998931884766,38.779998779296875,39.16999816894531,26.227436065673828,845400
2012-07-20,38.97999954223633,39.849998474121094,38.970001220703125,39.380001068115234,26.368057250976562,473000
2012-07-23,38.7599983215332,39.290000915527344,38.720001220703125,38.91999816894531,26.060039520263672,351100
2012-07-24,38.939998626708984,39.09000015258789,37.97999954223633,38.16999816894531,25.557849884033203,363000
2012-07-25,38.209999084472656,38.77000045776367,37.970001220703125,38.56999969482422,25.825687408447266,429500
2012-07-26,39.02000045776367,39.09000015258789,38.400001525878906,38.709999084472656,25.919431686401367,355200
2012-07-27,38.88999938964844,39.86000061035156,38.45000076293945,39.4900016784668,26.44170379638672,336100
2012-07-30,39.34000015258789,39.619998931884766,39.18000030517578,39.470001220703125,26.428314208984375,253800
2012-07-31,39.310001373291016,40.13999938964844,39.22999954223633,39.900001525878906,26.716232299804688,336600
2012-08-01,39.880001068115234,40.08000183105469,39.290000915527344,39.52000045776367,26.4617862701416,372400
2012-08-02,39.29999923706055,39.540000915527344,38.58000183105469,39.029998779296875,26.13369369506836,716700
2012-08-03,39.54999923706055,40.88999938964844,39.25,40.689998626708984,27.245195388793945,394900
2012-08-06,40.459999084472656,40.4900016784668,39.5,39.7599983215332,26.62249183654785,672800
2012-08-07,39.27000045776367,41.5,38.779998779296875,41.0099983215332,27.459455490112305,457200
2012-08-08,40.95000076293945,41.54999923706055,40.70000076293945,41.290000915527344,27.646949768066406,545400
2012-08-09,41.220001220703125,41.630001068115234,40.93000030517578,41.38999938964844,27.713903427124023,496700
2012-08-10,38.939998626708984,43.040000915527344,38.939998626708984,42.970001220703125,28.7718505859375,1671100
2012-08-13,42.70000076293945,42.900001525878906,41.470001220703125,41.650001525878906,27.887990951538086,542000
2012-08-14,41.95000076293945,42.119998931884766,41.29999923706055,41.810001373291016,27.995140075683594,442900
2012-08-15,41.83000183105469,42.880001068115234,41.630001068115234,42.72999954223633,28.61113739013672,436600
2012-08-16,42.77000045776367,43.5,42.560001373291016,43.13999938964844,28.885662078857422,398200
2012-08-17,43.04999923706055,43.63999938964844,43.0,43.369998931884766,29.039657592773438,418900
2012-08-20,43.150001525878906,43.31999969482422,42.59000015258789,42.97999954223633,28.77853012084961,450300
2012-08-21,43.0,43.45000076293945,42.939998626708984,43.18000030517578,28.91246223449707,383200
2012-08-22,43.209999084472656,43.34000015258789,42.59000015258789,42.849998474121094,28.69148063659668,392500
2012-08-23,42.540000915527344,42.63999938964844,41.970001220703125,42.130001068115234,28.424976348876953,483800
2012-08-24,42.150001525878906,42.279998779296875,41.68000030517578,42.06999969482422,28.38449478149414,350400
2012-08-27,42.130001068115234,42.130001068115234,41.0099983215332,41.15999984741211,27.770519256591797,587600
2012-08-28,41.20000076293945,41.29999923706055,40.65999984741211,40.84000015258789,27.55462646484375,618700
2012-08-29,41.06999969482422,41.779998779296875,40.91999816894531,41.560001373291016,28.040401458740234,261500
2012-08-30,41.45000076293945,41.45000076293945,41.119998931884766,41.18000030517578,27.784019470214844,186000
2012-08-31,41.4900016784668,41.7400016784668,41.220001220703125,41.650001525878906,28.101125717163086,203700
2012-09-04,41.61000061035156,42.150001525878906,41.11000061035156,42.06999969482422,28.38449478149414,352900
2012-09-05,42.0,42.16999816894531,41.68000030517578,41.97999954223633,28.323780059814453,291600
2012-09-06,42.290000915527344,42.9900016784668,42.13999938964844,42.619998931884766,28.75558090209961,289500
2012-09-07,42.66999816894531,43.439998626708984,42.349998474121094,43.209999084472656,29.153656005859375,322200
2012-09-10,43.0099983215332,43.88999938964844,42.939998626708984,42.97999954223633,28.998470306396484,342500
2012-09-11,43.040000915527344,43.47999954223633,42.61000061035156,43.0,29.01197624206543,591500
2012-09-12,43.0,43.47999954223633,42.970001220703125,43.45000076293945,29.31558609008789,240600
2012-09-13,43.209999084472656,44.290000915527344,43.02000045776367,43.95000076293945,29.652944564819336,230700
2012-09-14,44.0099983215332,45.0,44.0099983215332,44.58000183105469,30.07799530029297,270500
2012-09-17,44.400001525878906,44.599998474121094,43.72999954223633,43.88999938964844,29.612455368041992,286500
2012-09-18,43.779998779296875,44.029998779296875,43.47999954223633,43.849998474121094,29.58546257019043,344600
2012-09-19,43.75,44.11000061035156,43.650001525878906,43.779998779296875,29.538217544555664,334000
2012-09-20,43.70000076293945,44.25,43.40999984741211,44.11000061035156,29.760883331298828,198900
2012-09-21,44.369998931884766,44.72999954223633,43.689998626708984,44.119998931884766,29.76763153076172,1078000
2012-09-24,43.560001373291016,44.470001220703125,43.560001373291016,44.25,29.855342864990234,245400
2012-09-25,44.5099983215332,44.5099983215332,43.5,43.650001525878906,29.450529098510742,292400
2012-09-26,43.54999923706055,43.779998779296875,42.900001525878906,43.11000061035156,29.086191177368164,302800
2012-09-27,43.33000183105469,43.70000076293945,43.029998779296875,43.540000915527344,29.376314163208008,126900
2012-09-28,43.56999969482422,43.959999084472656,43.02000045776367,43.470001220703125,29.32907485961914,293700
2012-10-01,43.5099983215332,43.75,43.0099983215332,43.599998474121094,29.416791915893555,378900
2012-10-02,43.630001068115234,43.630001068115234,43.349998474121094,43.560001373291016,29.389806747436523,267700
2012-10-03,43.54999923706055,43.93000030517578,43.400001525878906,43.5099983215332,29.356067657470703,159100
2012-10-04,43.709999084472656,44.43000030517578,43.369998931884766,44.20000076293945,29.821605682373047,481300
2012-10-05,44.31999969482422,44.599998474121094,44.02000045776367,44.11000061035156,29.760883331298828,230000
2012-10-08,43.90999984741211,44.20000076293945,43.709999084472656,44.0,29.686670303344727,121100
2012-10-09,43.900001525878906,44.029998779296875,43.25,43.54999923706055,29.383066177368164,327500
2012-10-10,43.5,43.72999954223633,43.25,43.470001220703125,29.32907485961914,221600
2012-10-11,43.75,43.939998626708984,43.45000076293945,43.459999084472656,29.322328567504883,104300
2012-10-12,43.5,43.68000030517578,42.63999938964844,42.779998779296875,28.863529205322266,235500
2012-10-15,42.65999984741211,43.279998779296875,42.400001525878906,43.20000076293945,29.14690589904785,237800
2012-10-16,43.38999938964844,43.56999969482422,42.75,43.25,29.180641174316406,337700
2012-10-17,43.45000076293945,43.90999984741211,43.22999954223633,43.56999969482422,29.39655113220215,232700
2012-10-18,43.5,43.63999938964844,42.97999954223633,43.5,29.349315643310547,155200
2012-10-19,43.290000915527344,43.63999938964844,42.619998931884766,42.810001373291016,28.883779525756836,227900
2012-10-22,42.61000061035156,43.11000061035156,41.959999084472656,42.5,28.67462158203125,188400
2012-10-23,41.9900016784668,42.290000915527344,41.40999984741211,42.099998474121094,28.40473747253418,277400
2012-10-24,42.34000015258789,42.47999954223633,41.90999984741211,41.959999084472656,28.310285568237305,190200
2012-10-25,42.099998474121094,42.40999984741211,41.54999923706055,41.810001373291016,28.20909881591797,353000
2012-10-26,41.86000061035156,42.150001525878906,41.72999954223633,41.88999938964844,28.263050079345703,176700
2012-10-31,42.13999938964844,42.86000061035156,41.84000015258789,42.810001373291016,28.883779525756836,160400
2012-11-01,42.83000183105469,43.9900016784668,42.560001373291016,43.5099983215332,29.356067657470703,512400
2012-11-02,43.7400016784668,43.83000183105469,42.939998626708984,42.970001220703125,28.991743087768555,230900
2012-11-05,42.880001068115234,43.650001525878906,42.66999816894531,43.27000045776367,29.19413185119629,207400
2012-11-06,43.47999954223633,43.970001220703125,43.439998626708984,43.66999816894531,29.464006423950195,301000
2012-11-07,43.220001220703125,44.09000015258789,42.779998779296875,44.060001373291016,29.727153778076172,513200
2012-11-08,44.5,44.59000015258789,42.040000915527344,42.20000076293945,28.472211837768555,696900
2012-11-09,42.0,42.189998626708984,41.529998779296875,41.95000076293945,28.30354118347168,421600
2012-11-12,42.060001373291016,42.060001373291016,40.93000030517578,41.15999984741211,27.770519256591797,436300
2012-11-13,41.09000015258789,41.7599983215332,40.959999084472656,41.02000045776367,27.676069259643555,284800
2012-11-14,41.029998779296875,41.130001068115234,39.63999938964844,39.77000045776367,26.832700729370117,568400
2012-11-15,39.83000183105469,40.47999954223633,39.75,40.290000915527344,27.183536529541016,426800
2012-11-16,40.34000015258789,40.599998474121094,39.709999084472656,40.38999938964844,27.25101089477539,479200
2012-11-19,40.91999816894531,41.5099983215332,40.61000061035156,41.209999084472656,27.804269790649414,317400
2012-11-20,41.15999984741211,41.599998474121094,41.060001373291016,41.310001373291016,27.871742248535156,370700
2012-11-21,41.119998931884766,41.470001220703125,40.90999984741211,41.380001068115234,28.140352249145508,213900
2012-11-23,41.66999816894531,41.77000045776367,41.40999984741211,41.58000183105469,28.276365280151367,156600
2012-11-26,41.58000183105469,41.720001220703125,41.130001068115234,41.150001525878906,27.983943939208984,292900
2012-11-27,41.68000030517578,41.68000030517578,40.959999084472656,41.0,27.88193702697754,322900
2012-11-28,40.83000183105469,41.060001373291016,40.63999938964844,40.880001068115234,27.800321578979492,252200
2012-11-29,41.099998474121094,41.56999969482422,40.84000015258789,41.2400016784668,28.045146942138672,313300
2012-11-30,41.040000915527344,41.529998779296875,40.86000061035156,41.459999084472656,28.194765090942383,1097400
2012-12-03,41.47999954223633,41.7400016784668,41.2599983215332,41.279998779296875,28.07234001159668,287100
2012-12-04,41.22999954223633,41.79999923706055,41.029998779296875,41.2599983215332,28.058738708496094,167300
2012-12-05,41.33000183105469,41.5,40.689998626708984,40.900001525878906,27.813934326171875,276700
2012-12-06,40.869998931884766,41.0099983215332,40.380001068115234,40.630001068115234,27.630321502685547,450800
2012-12-07,40.7599983215332,41.369998931884766,40.70000076293945,41.34000015258789,28.113149642944336,160600
2012-12-10,41.25,42.0,40.880001068115234,41.86000061035156,28.466781616210938,519600
2012-12-11,41.959999084472656,42.45000076293945,41.939998626708984,42.13999938964844,28.657196044921875,314500
2012-12-12,42.2599983215332,42.33000183105469,41.84000015258789,41.95000076293945,28.527978897094727,254700
2012-12-13,42.0,42.0,41.65999984741211,41.849998474121094,28.45996856689453,287600
2012-12-14,41.97999954223633,43.33000183105469,41.689998626708984,42.459999084472656,28.87480354309082,848400
2012-12-17,42.68000030517578,43.040000915527344,42.52000045776367,42.689998626708984,29.031204223632812,308000
2012-12-18,42.810001373291016,43.79999923706055,42.7599983215332,43.790000915527344,29.77927017211914,340900
2012-12-19,43.900001525878906,44.0,43.45000076293945,43.529998779296875,29.602445602416992,270400
2012-12-20,43.630001068115234,43.88999938964844,43.40999984741211,43.72999954223633,29.738466262817383,202500
2012-12-21,43.25,44.099998474121094,43.22999954223633,43.779998779296875,29.77246856689453,631800
2012-12-24,43.61000061035156,43.970001220703125,43.52000045776367,43.970001220703125,29.901681900024414,104000
2012-12-26,43.93000030517578,43.9900016784668,43.560001373291016,43.849998474121094,29.820064544677734,206500
2012-12-27,43.849998474121094,44.06999969482422,43.33000183105469,43.86000061035156,29.826866149902344,428200
2012-12-28,43.65999984741211,44.220001220703125,43.61000061035156,43.720001220703125,29.731666564941406,228500
2012-12-31,43.540000915527344,44.20000076293945,43.52000045776367,44.04999923706055,29.956071853637695,179100
2013-01-02,44.779998779296875,45.130001068115234,44.400001525878906,44.75,30.432113647460938,488700
2013-01-03,44.83000183105469,45.08000183105469,44.77000045776367,45.06999969482422,30.64971923828125,366400
2013-01-04,45.2400016784668,46.15999984741211,45.18000030517578,46.099998474121094,31.350162506103516,266200
2013-01-07,45.86000061035156,46.38999938964844,45.849998474121094,46.279998779296875,31.472572326660156,328700
2013-01-08,46.2400016784668,46.380001068115234,45.529998779296875,45.689998626708984,31.071348190307617,258800
2013-01-09,45.790000915527344,46.310001373291016,45.790000915527344,46.06999969482422,31.329769134521484,155600
2013-01-10,46.29999923706055,46.29999923706055,45.869998931884766,46.119998931884766,31.363773345947266,105300
2013-01-11,46.209999084472656,46.27000045776367,45.900001525878906,46.25,31.452180862426758,183900
2013-01-14,46.13999938964844,46.18000030517578,44.84000015258789,44.9900016784668,30.5953311920166,673300
2013-01-15,44.70000076293945,45.349998474121094,44.61000061035156,44.790000915527344,30.459312438964844,450800
2013-01-16,44.619998931884766,45.15999984741211,44.4900016784668,44.529998779296875,30.282493591308594,271000
2013-01-17,44.77000045776367,44.95000076293945,44.459999084472656,44.689998626708984,30.39130401611328,369600
2013-01-18,44.77000045776367,45.060001373291016,44.189998626708984,45.060001373291016,30.642932891845703,268400
2013-01-22,44.93000030517578,45.130001068115234,44.779998779296875,44.9900016784668,30.5953311920166,355600
2013-01-23,44.93000030517578,45.09000015258789,44.54999923706055,44.650001525878906,30.364107131958008,368700
2013-01-24,44.75,45.810001373291016,44.75,45.540000915527344,30.969358444213867,323000
2013-01-25,45.65999984741211,46.09000015258789,45.540000915527344,45.709999084472656,31.084945678710938,174200
2013-01-28,45.599998474121094,45.599998474121094,43.790000915527344,44.0099983215332,29.92885971069336,666500
2013-01-29,43.95000076293945,44.18000030517578,43.72999954223633,43.900001525878906,29.854068756103516,305700
2013-01-30,43.869998931884766,44.15999984741211,43.70000076293945,43.720001220703125,29.731666564941406,132900
2013-01-31,43.52000045776367,43.95000076293945,43.52000045776367,43.720001220703125,29.731666564941406,200300
2013-02-01,43.900001525878906,44.34000015258789,43.720001220703125,44.13999938964844,30.017284393310547,192300
2013-02-04,43.88999938964844,44.0,43.38999938964844,43.7599983215332,29.758865356445312,309600
2013-02-05,43.849998474121094,44.540000915527344,43.77000045776367,43.91999816894531,29.86766815185547,282400
2013-02-06,44.779998779296875,46.15999984741211,44.029998779296875,44.16999816894531,30.037675857543945,628900
2013-02-07,44.459999084472656,44.900001525878906,43.65999984741211,43.959999084472656,29.89487648010254,379300
2013-02-08,43.91999816894531,44.18000030517578,43.88999938964844,44.16999816894531,30.037675857543945,314100
2013-02-11,44.20000076293945,44.619998931884766,43.939998626708984,44.0,29.92207908630371,164900
2013-02-12,43.900001525878906,43.959999084472656,43.54999923706055,43.619998931884766,29.663663864135742,215100
2013-02-13,43.75,43.88999938964844,43.459999084472656,43.630001068115234,29.670452117919922,142100
2013-02-14,43.54999923706055,43.86000061035156,43.43000030517578,43.72999954223633,29.738466262817383,204500
2013-02-15,43.720001220703125,44.2400016784668,43.66999816894531,44.029998779296875,29.942481994628906,193400
2013-02-19,44.04999923706055,44.900001525878906,43.939998626708984,44.849998474121094,30.500110626220703,411600
2013-02-20,44.599998474121094,44.599998474121094,43.959999084472656,43.970001220703125,30.11993980407715,222200
2013-02-21,43.810001373291016,43.939998626708984,43.310001373291016,43.47999954223633,29.784276962280273,250700
2013-02-22,43.540000915527344,43.66999816894531,43.09000015258789,43.63999938964844,29.893871307373047,316800
2013-02-25,43.79999923706055,43.83000183105469,42.810001373291016,42.88999938964844,29.380123138427734,265300
2013-02-26,43.150001525878906,43.290000915527344,42.63999938964844,43.150001525878906,29.558225631713867,380000
2013-02-27,43.27000045776367,44.75,43.27000045776367,44.709999084472656,30.6268367767334,360900
2013-02-28,44.619998931884766,44.7400016784668,44.040000915527344,44.310001373291016,30.352832794189453,316500
2013-03-01,44.08000183105469,44.56999969482422,43.630001068115234,44.470001220703125,30.462444305419922,325800
2013-03-04,44.369998931884766,44.45000076293945,44.06999969482422,44.25,30.311742782592773,229500
2013-03-05,44.52000045776367,45.77000045776367,44.290000915527344,45.630001068115234,31.257049560546875,502900
2013-03-06,45.66999816894531,46.34000015258789,45.66999816894531,46.0099983215332,31.517351150512695,464400
2013-03-07,45.95000076293945,46.29999923706055,45.900001525878906,46.290000915527344,31.709157943725586,414600
2013-03-08,46.40999984741211,46.84000015258789,46.25,46.72999954223633,32.01055145263672,358600
2013-03-11,46.75,47.130001068115234,46.5099983215332,47.08000183105469,32.25031280517578,420100
2013-03-12,47.15999984741211,47.599998474121094,46.72999954223633,47.36000061035156,32.44213104248047,500300
2013-03-13,47.33000183105469,47.349998474121094,46.86000061035156,46.93000030517578,32.14757537841797,405000
2013-03-14,47.04999923706055,47.08000183105469,46.45000076293945,46.52000045776367,31.866710662841797,171000
2013-03-15,46.20000076293945,46.290000915527344,45.279998779296875,45.290000915527344,31.02415657043457,514100
2013-03-18,44.90999984741211,45.2599983215332,44.72999954223633,45.11000061035156,30.900835037231445,377600
2013-03-19,45.220001220703125,45.25,44.59000015258789,44.97999954223633,30.81179428100586,377500
2013-03-20,45.130001068115234,45.16999816894531,44.70000076293945,45.0,30.82549285888672,350700
2013-03-21,44.54999923706055,45.04999923706055,44.41999816894531,44.619998931884766,30.565196990966797,405800
2013-03-22,44.61000061035156,44.689998626708984,44.27000045776367,44.31999969482422,30.359683990478516,165800
2013-03-25,44.45000076293945,44.779998779296875,44.150001525878906,44.439998626708984,30.441898345947266,278000
2013-03-26,44.650001525878906,44.7400016784668,44.130001068115234,44.279998779296875,30.332298278808594,210900
2013-03-27,44.0,44.040000915527344,43.310001373291016,43.540000915527344,29.825376510620117,388300
2013-03-28,43.459999084472656,43.75,42.900001525878906,43.2400016784668,29.619871139526367,384100
2013-04-01,43.13999938964844,43.630001068115234,42.650001525878906,42.86000061035156,29.359577178955078,266500
2013-04-02,43.13999938964844,43.290000915527344,42.810001373291016,42.869998931884766,29.366424560546875,280200
2013-04-03,43.06999969482422,43.220001220703125,42.5,42.790000915527344,29.31161117553711,342300
2013-04-04,42.869998931884766,43.119998931884766,42.65999984741211,42.810001373291016,29.32532501220703,182300
2013-04-05,42.290000915527344,43.02000045776367,42.0099983215332,42.970001220703125,29.43492889404297,497500
2013-04-08,43.06999969482422,45.38999938964844,43.06999969482422,45.22999954223633,30.983055114746094,832400
2013-04-09,45.220001220703125,45.470001220703125,44.709999084472656,44.7400016784668,30.64739990234375,509900
2013-04-10,44.849998474121094,45.83000183105469,44.75,45.81999969482422,31.38720703125,363300
2013-04-11,45.810001373291016,46.61000061035156,45.779998779296875,45.91999816894531,31.455698013305664,356200
2013-04-12,45.84000015258789,45.91999816894531,45.27000045776367,45.43000030517578,31.12005615234375,168800
2013-04-15,45.060001373291016,45.2599983215332,44.66999816894531,44.970001220703125,30.80494499206543,428200
2013-04-16,45.29999923706055,45.369998931884766,44.90999984741211,45.06999969482422,30.873455047607422,1089400
2013-04-17,44.7400016784668,44.7400016784668,43.54999923706055,44.06999969482422,30.188426971435547,507900
2013-04-18,44.18000030517578,44.18000030517578,43.40999984741211,43.59000015258789,29.8596248626709,200000
2013-04-19,43.5099983215332,43.86000061035156,43.040000915527344,43.25,29.62671661376953,339100
2013-04-22,43.33000183105469,43.34000015258789,42.61000061035156,43.16999816894531,29.57192611694336,527400
2013-04-23,43.310001373291016,43.47999954223633,43.029998779296875,43.439998626708984,29.75687599182129,337700
2013-04-24,43.529998779296875,44.25,43.349998474121094,44.16999816894531,30.256927490234375,219000
2013-04-25,44.2599983215332,44.72999954223633,43.689998626708984,44.34000015258789,30.37337875366211,282500
2013-04-26,44.38999938964844,44.38999938964844,43.79999923706055,43.9900016784668,30.133634567260742,282700
2013-04-29,43.9900016784668,45.380001068115234,43.869998931884766,45.290000915527344,31.02415657043457,511500
2013-04-30,45.349998474121094,45.400001525878906,44.61000061035156,45.349998474121094,31.06524658203125,301800
2013-05-01,45.22999954223633,45.38999938964844,44.880001068115234,45.0,30.82549285888672,468400
2013-05-02,45.349998474121094,45.45000076293945,44.95000076293945,45.119998931884766,30.907678604125977,661300
2013-05-03,45.470001220703125,46.400001525878906,45.43000030517578,45.810001373291016,31.380361557006836,539000
2013-05-06,45.810001373291016,46.720001220703125,45.47999954223633,46.560001373291016,31.894123077392578,790500
2013-05-07,46.16999816894531,48.70000076293945,45.52000045776367,48.41999816894531,33.16823196411133,1181200
2013-05-08,48.38999938964844,48.38999938964844,47.470001220703125,47.91999816894531,32.825714111328125,566900
2013-05-09,47.939998626708984,48.02000045776367,47.34000015258789,47.540000915527344,32.56542205810547,723200
2013-05-10,47.68000030517578,48.5,47.56999969482422,48.130001068115234,32.969581604003906,369400
2013-05-13,48.13999938964844,48.13999938964844,47.34000015258789,47.59000015258789,32.59967803955078,418300
2013-05-14,47.79999923706055,48.470001220703125,47.72999954223633,48.36000061035156,33.12712097167969,254500
2013-05-15,48.45000076293945,49.11000061035156,48.20000076293945,48.900001525878906,33.49705123901367,388900
2013-05-16,48.77000045776367,49.02000045776367,48.540000915527344,48.650001525878906,33.3257942199707,258800
2013-05-17,48.83000183105469,48.869998931884766,48.13999938964844,48.63999938964844,33.318946838378906,306700
2013-05-20,48.59000015258789,48.95000076293945,48.22999954223633,48.68000030517578,33.34633255004883,247600
2013-05-21,48.72999954223633,48.93000030517578,48.290000915527344,48.540000915527344,33.25043869018555,254400
2013-05-22,48.59000015258789,48.959999084472656,48.31999969482422,48.349998474121094,33.120277404785156,441500
2013-05-23,47.81999969482422,48.34000015258789,47.619998931884766,48.29999923706055,33.3099250793457,340000
2013-05-24,48.099998474121094,48.20000076293945,47.540000915527344,47.790000915527344,32.958213806152344,304100
2013-05-28,47.959999084472656,49.2400016784668,47.959999084472656,48.83000183105469,33.67544937133789,559900
2013-05-29,48.63999938964844,48.88999938964844,48.25,48.72999954223633,33.60647964477539,274400
2013-05-30,48.779998779296875,48.880001068115234,48.4900016784668,48.650001525878906,33.551307678222656,230800
2013-05-31,47.54999923706055,48.18000030517578,47.25,47.27000045776367,32.5995979309082,542200
2013-06-03,47.22999954223633,47.33000183105469,46.43000030517578,46.970001220703125,32.392696380615234,272900
2013-06-04,46.72999954223633,47.5,46.09000015258789,46.33000183105469,31.951330184936523,410600
2013-06-05,46.31999969482422,46.31999969482422,45.29999923706055,45.380001068115234,31.296167373657227,587400
2013-06-06,45.2599983215332,45.91999816894531,45.16999816894531,45.90999984741211,31.661678314208984,269900
2013-06-07,46.25,47.34000015258789,46.25,46.31999969482422,31.944435119628906,446100
2013-06-10,46.34000015258789,47.25,46.29999923706055,47.20000076293945,32.55132293701172,292600
2013-06-11,47.189998626708984,47.43000030517578,46.4900016784668,47.2599983215332,32.59271240234375,387300
2013-06-12,47.29999923706055,47.400001525878906,46.91999816894531,47.0,32.413387298583984,399800
2013-06-13,46.849998474121094,47.849998474121094,46.72999954223633,47.810001373291016,32.97200393676758,189800
2013-06-14,48.0099983215332,48.119998931884766,47.56999969482422,47.720001220703125,32.909942626953125,199100
2013-06-17,47.939998626708984,49.41999816894531,47.84000015258789,49.279998779296875,33.985782623291016,550000
2013-06-18,49.29999923706055,50.459999084472656,49.060001373291016,49.91999816894531,34.42716598510742,600100
2013-06-19,49.97999954223633,50.0,49.15999984741211,49.25,33.9650993347168,330100
2013-06-20,48.65999984741211,48.77000045776367,47.58000183105469,47.970001220703125,33.08235549926758,459600
2013-06-21,48.20000076293945,48.290000915527344,47.25,48.0,33.1030387878418,576400
2013-06-24,47.380001068115234,47.5099983215332,46.54999923706055,47.25,32.58580780029297,367800
2013-06-25,47.5099983215332,47.650001525878906,46.939998626708984,47.40999984741211,32.696136474609375,355100
2013-06-26,47.619998931884766,47.88999938964844,47.209999084472656,47.75,32.93061828613281,171200
2013-06-27,48.06999969482422,48.380001068115234,47.83000183105469,48.27000045776367,33.289249420166016,269000
2013-06-28,48.06999969482422,48.66999816894531,47.93000030517578,48.310001373291016,33.316837310791016,416000
2013-07-01,48.560001373291016,49.09000015258789,48.45000076293945,48.630001068115234,33.53752517700195,287400
2013-07-02,48.58000183105469,49.150001525878906,48.470001220703125,48.77000045776367,33.63406753540039,264300
2013-07-03,48.45000076293945,48.84000015258789,47.880001068115234,48.83000183105469,33.67544937133789,252500
2013-07-05,49.18000030517578,49.75,48.91999816894531,49.209999084472656,33.93749237060547,362200
2013-07-08,49.349998474121094,49.75,49.349998474121094,49.52000045776367,34.15129852294922,126400
2013-07-09,49.70000076293945,50.0099983215332,49.43000030517578,49.880001068115234,34.39957809448242,252000
2013-07-10,49.869998931884766,50.11000061035156,49.66999816894531,49.86000061035156,34.38579177856445,250400
2013-07-11,50.0,50.47999954223633,49.810001373291016,50.09000015258789,34.54439926147461,215400
2013-07-12,50.040000915527344,50.54999923706055,49.90999984741211,50.36000061035156,34.73060607910156,399600
2013-07-15,50.43000030517578,50.5,49.779998779296875,50.15999984741211,34.592674255371094,213200
2013-07-16,50.09000015258789,50.45000076293945,49.84000015258789,49.88999938964844,34.406471252441406,267500
2013-07-17,49.900001525878906,50.06999969482422,49.689998626708984,49.93000030517578,34.43406677246094,146500
2013-07-18,49.95000076293945,50.470001220703125,49.88999938964844,50.0099983215332,34.48923110961914,213400
2013-07-19,50.040000915527344,50.150001525878906,49.689998626708984,50.02000045776367,34.496131896972656,178600
2013-07-22,49.970001220703125,50.310001373291016,49.869998931884766,50.02000045776367,34.496131896972656,108400
2013-07-23,50.099998474121094,51.0099983215332,49.68000030517578,49.900001525878906,34.413368225097656,179700
2013-07-24,49.939998626708984,50.02000045776367,49.2599983215332,49.40999984741211,34.075435638427734,248400
2013-07-25,49.209999084472656,50.0099983215332,49.13999938964844,49.959999084472656,34.45474624633789,184400
2013-07-26,49.5,49.52000045776367,48.970001220703125,49.27000045776367,33.9788932800293,171200
2013-07-29,49.279998779296875,50.040000915527344,49.279998779296875,49.9900016784668,34.47542953491211,166100
2013-07-30,49.79999923706055,50.13999938964844,47.869998931884766,49.970001220703125,34.461639404296875,262100
2013-07-31,50.130001068115234,50.61000061035156,49.86000061035156,50.25,34.65473937988281,458100
2013-08-01,50.61000061035156,52.31999969482422,50.439998626708984,51.86000061035156,35.765071868896484,548500
2013-08-02,51.689998626708984,52.119998931884766,51.5,51.650001525878906,35.620243072509766,273800
2013-08-05,51.65999984741211,52.56999969482422,51.560001373291016,52.47999954223633,36.192657470703125,538300
2013-08-06,51.95000076293945,52.790000915527344,51.599998474121094,52.630001068115234,36.29609680175781,802700
2013-08-07,52.68000030517578,52.810001373291016,52.22999954223633,52.720001220703125,36.35817337036133,268400
2013-08-08,52.970001220703125,53.41999816894531,52.810001373291016,53.18000030517578,36.675418853759766,362300
2013-08-09,52.939998626708984,54.119998931884766,52.560001373291016,53.5099983215332,36.90299987792969,405500
2013-08-12,53.41999816894531,54.369998931884766,53.41999816894531,53.81999969482422,37.116783142089844,629200
2013-08-13,54.02000045776367,54.08000183105469,53.56999969482422,53.97999954223633,37.227115631103516,245100
2013-08-14,53.959999084472656,54.220001220703125,53.650001525878906,54.099998474121094,37.30987548828125,216100
2013-08-15,53.81999969482422,53.88999938964844,53.130001068115234,53.59000015258789,36.958168029785156,172300
2013-08-16,53.2599983215332,53.599998474121094,52.70000076293945,53.41999816894531,36.840919494628906,159500
2013-08-19,53.5,53.869998931884766,53.20000076293945,53.41999816894531,36.840919494628906,151900
2013-08-20,53.5,54.810001373291016,53.380001068115234,54.52000045776367,37.59952926635742,312100
2013-08-21,54.369998931884766,54.650001525878906,53.97999954223633,54.130001068115234,37.3305778503418,184300
2013-08-22,54.11000061035156,54.9900016784668,54.11000061035156,54.790000915527344,37.785728454589844,145400
2013-08-23,54.31999969482422,54.869998931884766,54.0,54.79999923706055,38.09718704223633,141500
2013-08-26,54.95000076293945,54.95000076293945,53.72999954223633,53.900001525878906,37.47150802612305,329200
2013-08-27,53.54999923706055,53.84000015258789,52.79999923706055,52.84000015258789,36.734580993652344,372300
2013-08-28,52.95000076293945,53.380001068115234,52.5,52.63999938964844,36.595550537109375,375000
2013-08-29,52.56999969482422,53.33000183105469,52.56999969482422,52.779998779296875,36.69287109375,496800
2013-08-30,52.869998931884766,53.130001068115234,52.65999984741211,52.709999084472656,36.64421463012695,315900
2013-09-03,53.189998626708984,53.54999923706055,52.310001373291016,52.65999984741211,36.60944366455078,412900
2013-09-04,52.5099983215332,53.7599983215332,52.5099983215332,53.689998626708984,37.325504302978516,284400
2013-09-05,53.619998931884766,54.130001068115234,53.459999084472656,53.59000015258789,37.2559928894043,274500
2013-09-06,53.79999923706055,54.16999816894531,53.130001068115234,53.650001525878906,37.29769515991211,171900
2013-09-09,53.95000076293945,54.72999954223633,53.560001373291016,54.63999938964844,37.98595428466797,183700
2013-09-10,54.83000183105469,55.59000015258789,54.779998779296875,55.06999969482422,38.2849006652832,289800
2013-09-11,54.959999084472656,55.310001373291016,54.77000045776367,54.779998779296875,38.083290100097656,161100
2013-09-12,55.0099983215332,55.66999816894531,54.81999969482422,55.29999923706055,38.444801330566406,167500
2013-09-13,55.29999923706055,55.869998931884766,55.189998626708984,55.45000076293945,38.54908752441406,226700
2013-09-16,55.849998474121094,55.95000076293945,55.400001525878906,55.459999084472656,38.55601501464844,262000
2013-09-17,55.459999084472656,55.79999923706055,55.22999954223633,55.630001068115234,38.674217224121094,197900
2013-09-18,55.220001220703125,55.970001220703125,54.52000045776367,55.65999984741211,38.69506072998047,414000
2013-09-19,55.86000061035156,55.9900016784668,55.43000030517578,55.58000183105469,38.63945770263672,281300
2013-09-20,55.59000015258789,55.970001220703125,55.09000015258789,55.41999816894531,38.52823257446289,700100
2013-09-23,55.41999816894531,55.439998626708984,54.790000915527344,55.099998474121094,38.30575942993164,241400
2013-09-24,55.0,55.66999816894531,55.0,55.31999969482422,38.45869827270508,261000
2013-09-25,55.31999969482422,55.4900016784668,54.95000076293945,55.099998474121094,38.30575942993164,737400
2013-09-26,55.18000030517578,55.400001525878906,54.779998779296875,55.150001525878906,38.34051513671875,234900
2013-09-27,55.060001373291016,55.4900016784668,54.619998931884766,55.099998474121094,38.30575942993164,149900
2013-09-30,54.68000030517578,55.08000183105469,54.400001525878906,55.029998779296875,38.2570915222168,333000
2013-10-01,55.099998474121094,55.97999954223633,55.040000915527344,55.5,38.583831787109375,532900
2013-10-02,55.540000915527344,55.790000915527344,55.15999984741211,55.650001525878906,38.688114166259766,347600
2013-10-03,55.54999923706055,55.68000030517578,55.09000015258789,55.540000915527344,38.61164474487305,343100
2013-10-04,55.61000061035156,56.04999923706055,55.52000045776367,55.83000183105469,38.81325149536133,276000
2013-10-07,55.56999969482422,55.720001220703125,55.130001068115234,55.13999938964844,38.33357238769531,151700
2013-10-08,55.18000030517578,55.20000076293945,53.9900016784668,54.02000045776367,37.554927825927734,224500
2013-10-09,54.11000061035156,54.25,53.56999969482422,53.81999969482422,37.4159049987793,157800
2013-10-10,54.41999816894531,54.70000076293945,54.349998474121094,54.56999969482422,37.937294006347656,208900
2013-10-11,54.38999938964844,55.02000045776367,54.38999938964844,54.95000076293945,38.20146560668945,140500
2013-10-14,54.599998474121094,56.02000045776367,54.599998474121094,55.93000030517578,38.88277053833008,291300
2013-10-15,55.65999984741211,56.29999923706055,55.40999984741211,55.61000061035156,38.66030502319336,264100
2013-10-16,55.93000030517578,56.20000076293945,55.650001525878906,55.88999938964844,38.854976654052734,174800
2013-10-17,56.29999923706055,57.41999816894531,56.29999923706055,57.02000045776367,39.64054870605469,526800
2013-10-18,57.45000076293945,57.47999954223633,56.93000030517578,57.20000076293945,39.76568603515625,367700
2013-10-21,57.279998779296875,57.459999084472656,56.959999084472656,57.38999938964844,39.89776611328125,158100
2013-10-22,57.5,58.15999984741211,57.5,58.09000015258789,40.384422302246094,256100
2013-10-23,57.91999816894531,58.189998626708984,57.79999923706055,58.040000915527344,40.34965515136719,178900
2013-10-24,58.06999969482422,58.45000076293945,57.97999954223633,58.380001068115234,40.58603286743164,160400
2013-10-25,58.25,58.81999969482422,58.119998931884766,58.79999923706055,40.87800979614258,104000
2013-10-28,58.61000061035156,59.0,58.43000030517578,58.61000061035156,40.74592208862305,152200
2013-10-29,58.70000076293945,58.939998626708984,58.47999954223633,58.84000015258789,40.905826568603516,175400
2013-10-30,58.83000183105469,59.09000015258789,58.349998474121094,58.5,40.66946029663086,161100
2013-10-31,58.43000030517578,59.06999969482422,57.849998474121094,58.720001220703125,40.82240295410156,388300
2013-11-01,58.86000061035156,59.220001220703125,58.54999923706055,58.790000915527344,40.87106704711914,214800
2013-11-04,58.97999954223633,59.119998931884766,58.47999954223633,58.59000015258789,40.732025146484375,219500
2013-11-05,58.540000915527344,58.540000915527344,57.880001068115234,58.13999938964844,40.41916275024414,167100
2013-11-06,58.22999954223633,58.439998626708984,57.650001525878906,57.79999923706055,40.18280029296875,252300
2013-11-07,58.5,59.59000015258789,57.33000183105469,57.65999984741211,40.08547592163086,536900
2013-11-08,58.720001220703125,59.61000061035156,57.2400016784668,57.52000045776367,39.98814392089844,897200
2013-11-11,57.650001525878906,57.95000076293945,57.220001220703125,57.27000045776367,39.81433868408203,472000
2013-11-12,57.33000183105469,57.869998931884766,57.0,57.84000015258789,40.21062088012695,542600
2013-11-13,57.709999084472656,59.02000045776367,57.52000045776367,58.79999923706055,40.87800979614258,638000
2013-11-14,58.939998626708984,59.40999984741211,58.810001373291016,58.97999954223633,41.00313186645508,445900
2013-11-15,59.189998626708984,59.40999984741211,58.81999969482422,58.95000076293945,40.982295989990234,283800
2013-11-18,58.959999084472656,59.060001373291016,58.18000030517578,58.290000915527344,40.52345657348633,329900
2013-11-19,58.20000076293945,59.02000045776367,58.040000915527344,58.88999938964844,40.94057083129883,419000
2013-11-20,58.90999984741211,59.0,58.209999084472656,58.38999938964844,40.592979431152344,183700
2013-11-21,58.59000015258789,59.189998626708984,58.43000030517578,59.040000915527344,41.044864654541016,348400
2013-11-22,58.56999969482422,59.189998626708984,58.56999969482422,59.04999923706055,41.358638763427734,238700
2013-11-25,59.25,59.560001373291016,58.880001068115234,59.060001373291016,41.36565399169922,350800
2013-11-26,59.04999923706055,59.310001373291016,58.5099983215332,58.810001373291016,41.1905517578125,211100
2013-11-27,58.93000030517578,58.93000030517578,58.470001220703125,58.61000061035156,41.050453186035156,148100
2013-11-29,58.70000076293945,59.02000045776367,58.58000183105469,58.58000183105469,41.02945327758789,86100
2013-12-02,58.619998931884766,59.060001373291016,58.18000030517578,58.59000015258789,41.036460876464844,246100
2013-12-03,58.38999938964844,58.75,58.02000045776367,58.38999938964844,40.89637756347656,376000
2013-12-04,58.209999084472656,59.790000915527344,58.040000915527344,59.529998779296875,41.69482421875,536700
2013-12-05,59.689998626708984,60.45000076293945,59.58000183105469,60.34000015258789,42.262149810791016,878600
2013-12-06,60.88999938964844,61.20000076293945,60.08000183105469,60.2599983215332,42.20612716674805,606300
2013-12-09,60.31999969482422,60.619998931884766,59.650001525878906,59.959999084472656,41.99600601196289,466400
2013-12-10,59.93000030517578,60.08000183105469,59.540000915527344,59.630001068115234,41.76487731933594,445700
2013-12-11,59.61000061035156,59.91999816894531,59.25,59.7400016784668,41.84191131591797,387900
2013-12-12,59.54999923706055,59.959999084472656,59.47999954223633,59.88999938964844,41.94696807861328,425400
2013-12-13,59.86000061035156,60.66999816894531,59.66999816894531,60.349998474121094,42.2691535949707,342700
2013-12-16,60.779998779296875,61.11000061035156,60.38999938964844,60.599998474121094,42.444244384765625,258000
2013-12-17,60.029998779296875,61.02000045776367,59.849998474121094,60.84000015258789,42.61235046386719,386200
2013-12-18,60.959999084472656,61.5099983215332,60.220001220703125,61.34000015258789,42.96255874633789,372500
2013-12-19,61.38999938964844,61.7400016784668,61.0099983215332,61.119998931884766,42.808467864990234,190300
2013-12-20,61.060001373291016,61.16999816894531,60.83000183105469,61.150001525878906,42.829463958740234,497500
2013-12-23,61.22999954223633,61.84000015258789,60.9900016784668,61.75,43.249725341796875,167300
2013-12-24,61.849998474121094,62.25,61.7599983215332,62.220001220703125,43.57891082763672,43900
2013-12-26,62.369998931884766,62.459999084472656,61.900001525878906,62.0099983215332,43.43181228637695,100400
2013-12-27,62.25,62.369998931884766,62.060001373291016,62.220001220703125,43.57891082763672,127400
2013-12-30,62.310001373291016,62.439998626708984,62.130001068115234,62.27000045776367,43.613922119140625,132000
2013-12-31,62.36000061035156,62.56999969482422,62.0099983215332,62.220001220703125,43.57891082763672,177100
2014-01-02,62.08000183105469,62.38999938964844,60.939998626708984,61.20000076293945,42.86449432373047,330500
2014-01-03,61.2400016784668,61.959999084472656,61.0099983215332,61.83000183105469,43.305747985839844,272200
2014-01-06,61.90999984741211,61.959999084472656,61.279998779296875,61.5099983215332,43.08162307739258,402900
2014-01-07,61.58000183105469,62.459999084472656,61.58000183105469,61.93000030517578,43.375789642333984,677800
2014-01-08,61.84000015258789,62.54999923706055,61.560001373291016,62.38999938964844,43.697975158691406,893900
2014-01-09,62.349998474121094,62.9900016784668,62.33000183105469,62.709999084472656,43.92211151123047,855800
2014-01-10,62.970001220703125,63.38999938964844,62.709999084472656,63.29999923706055,44.33533477783203,352200
2014-01-13,63.119998931884766,63.119998931884766,61.970001220703125,62.11000061035156,43.501869201660156,217700
2014-01-14,62.2400016784668,62.72999954223633,62.02000045776367,62.630001068115234,43.866065979003906,195000
2014-01-15,62.93000030517578,63.29999923706055,62.709999084472656,63.08000183105469,44.18125534057617,231200
2014-01-16,63.290000915527344,63.369998931884766,62.869998931884766,63.2599983215332,44.30731964111328,385900
2014-01-17,63.08000183105469,63.2400016784668,62.130001068115234,62.16999816894531,43.543880462646484,335700
2014-01-21,62.25,62.68000030517578,60.709999084472656,61.869998931884766,43.33375930786133,564200
2014-01-22,61.91999816894531,62.040000915527344,61.36000061035156,61.810001373291016,43.29174041748047,278400
2014-01-23,61.810001373291016,61.970001220703125,61.36000061035156,61.939998626708984,43.382781982421875,415500
2014-01-24,61.790000915527344,61.790000915527344,59.77000045776367,59.779998779296875,41.86993408203125,315000
2014-01-27,59.97999954223633,60.08000183105469,59.0099983215332,59.4900016784668,41.66681671142578,421900
2014-01-28,59.65999984741211,60.290000915527344,59.52000045776367,60.04999923706055,42.05903625488281,266000
2014-01-29,59.720001220703125,60.310001373291016,59.720001220703125,60.11000061035156,42.1010627746582,406400
2014-01-30,60.540000915527344,61.25,60.22999954223633,60.86000061035156,42.62636947631836,327600
2014-01-31,59.95000076293945,60.47999954223633,59.290000915527344,59.38999938964844,41.59676742553711,644500
2014-02-03,59.310001373291016,59.45000076293945,56.9900016784668,57.02000045776367,39.936832427978516,610400
2014-02-04,57.27000045776367,57.310001373291016,56.61000061035156,56.959999084472656,39.894813537597656,579900
2014-02-05,56.83000183105469,57.93000030517578,56.56999969482422,57.630001068115234,40.36406707763672,490200
2014-02-06,57.900001525878906,58.08000183105469,55.22999954223633,56.400001525878906,39.5025749206543,861000
2014-02-07,56.810001373291016,57.470001220703125,56.209999084472656,57.41999816894531,40.21698760986328,656300
2014-02-10,57.52000045776367,57.849998474121094,56.79999923706055,57.36000061035156,40.17497634887695,675900
2014-02-11,57.63999938964844,57.63999938964844,57.130001068115234,57.27000045776367,40.11192321777344,436600
2014-02-12,57.27000045776367,57.619998931884766,57.119998931884766,57.2400016784668,40.090911865234375,293500
2014-02-13,56.86000061035156,57.400001525878906,56.72999954223633,57.13999938964844,40.0208740234375,340600
2014-02-14,57.130001068115234,57.880001068115234,56.9900016784668,57.689998626708984,40.40609359741211,292600
2014-02-18,57.599998474121094,58.16999816894531,57.209999084472656,57.209999084472656,40.06990051269531,364000
2014-02-19,57.029998779296875,57.2599983215332,56.40999984741211,56.470001220703125,39.55160903930664,380400
2014-02-20,56.150001525878906,56.5099983215332,55.86000061035156,56.130001068115234,39.62077331542969,379600
2014-02-21,56.34000015258789,56.790000915527344,56.22999954223633,56.279998779296875,39.72666931152344,264500
2014-02-24,56.369998931884766,56.880001068115234,55.83000183105469,55.84000015258789,39.416080474853516,323500
2014-02-25,55.900001525878906,56.189998626708984,55.4900016784668,55.939998626708984,39.486656188964844,234000
2014-02-26,56.04999923706055,57.11000061035156,56.040000915527344,57.0,40.2348747253418,417600
2014-02-27,56.93000030517578,57.40999984741211,56.880001068115234,57.189998626708984,40.36900329589844,326400
2014-02-28,57.16999816894531,57.4900016784668,56.7599983215332,57.11000061035156,40.31254196166992,256200
2014-03-03,57.0099983215332,57.0099983215332,56.310001373291016,56.65999984741211,39.994903564453125,331800
2014-03-04,57.11000061035156,57.709999084472656,57.11000061035156,57.40999984741211,40.524288177490234,239600
2014-03-05,57.5099983215332,57.61000061035156,57.20000076293945,57.400001525878906,40.51723861694336,197200
2014-03-06,57.36000061035156,58.0,57.36000061035156,57.630001068115234,40.67959976196289,360500
2014-03-07,58.09000015258789,59.61000061035156,57.83000183105469,59.61000061035156,42.07722854614258,493900
2014-03-10,59.630001068115234,59.79999923706055,59.029998779296875,59.56999969482422,42.04899978637695,408300
2014-03-11,59.470001220703125,59.90999984741211,58.91999816894531,59.47999954223633,41.98545455932617,294000
2014-03-12,59.16999816894531,59.310001373291016,58.56999969482422,58.779998779296875,41.491355895996094,374400
2014-03-13,58.900001525878906,59.45000076293945,58.45000076293945,58.599998474121094,41.364295959472656,260700
2014-03-14,58.61000061035156,59.25,58.2599983215332,59.18000030517578,41.77369689941406,294200
2014-03-17,59.45000076293945,60.189998626708984,59.220001220703125,59.869998931884766,42.26075744628906,290900
2014-03-18,60.0,60.290000915527344,59.869998931884766,59.959999084472656,42.32429122924805,273300
2014-03-19,59.959999084472656,60.04999923706055,59.31999969482422,59.58000183105469,42.056060791015625,178900
2014-03-20,59.45000076293945,59.95000076293945,59.209999084472656,59.93000030517578,42.3031120300293,226200
2014-03-21,60.0,60.41999816894531,59.959999084472656,60.400001525878906,42.6348762512207,392300
2014-03-24,60.61000061035156,61.4900016784668,60.560001373291016,60.93000030517578,43.00898742675781,301600
2014-03-25,61.04999923706055,61.25,60.20000076293945,60.75,42.88193130493164,213100
2014-03-26,60.880001068115234,61.150001525878906,60.31999969482422,60.31999969482422,42.578407287597656,166700
2014-03-27,60.31999969482422,60.68000030517578,59.470001220703125,59.70000076293945,42.14075469970703,179300
2014-03-28,59.779998779296875,60.2400016784668,59.650001525878906,60.029998779296875,42.373687744140625,148600
2014-03-31,60.45000076293945,61.34000015258789,60.119998931884766,61.279998779296875,43.256038665771484,237800
2014-04-01,61.2400016784668,61.880001068115234,60.52000045776367,61.779998779296875,43.60897445678711,255600
2014-04-02,61.650001525878906,63.959999084472656,61.11000061035156,63.279998779296875,44.66779708862305,639200
2014-04-03,63.349998474121094,63.4900016784668,62.27000045776367,62.599998474121094,44.18778991699219,486600
2014-04-04,63.08000183105469,63.5099983215332,62.15999984741211,62.599998474121094,44.18778991699219,318300
2014-04-07,62.439998626708984,62.75,60.95000076293945,61.29999923706055,43.270164489746094,197600
2014-04-08,61.25,62.029998779296875,61.099998474121094,61.45000076293945,43.37604522705078,243300
2014-04-09,61.4900016784668,61.849998474121094,60.61000061035156,61.04999923706055,43.09370040893555,313000
2014-04-10,61.060001373291016,61.31999969482422,59.880001068115234,60.02000045776367,42.36663818359375,217600
2014-04-11,59.47999954223633,59.9900016784668,58.790000915527344,58.84000015258789,41.53371047973633,267700
2014-04-14,59.470001220703125,59.88999938964844,58.619998931884766,58.88999938964844,41.56898880004883,262200
2014-04-15,58.93000030517578,58.970001220703125,57.2400016784668,58.40999984741211,41.23017501831055,405700
2014-04-16,58.65999984741211,59.13999938964844,58.209999084472656,58.439998626708984,41.25135040283203,262600
2014-04-17,58.5,59.84000015258789,58.18000030517578,59.630001068115234,42.09135055541992,238300
2014-04-21,59.52000045776367,59.88999938964844,59.290000915527344,59.36000061035156,41.90076446533203,104500
2014-04-22,59.349998474121094,59.72999954223633,59.31999969482422,59.5,41.99958419799805,178500
2014-04-23,59.540000915527344,59.90999984741211,59.189998626708984,59.220001220703125,41.801937103271484,185200
2014-04-24,60.38999938964844,61.540000915527344,60.20000076293945,60.959999084472656,43.0301628112793,405800
2014-04-25,60.900001525878906,61.220001220703125,60.43000030517578,60.439998626708984,42.66310501098633,218000
2014-04-28,60.720001220703125,61.02000045776367,59.38999938964844,60.36000061035156,42.606624603271484,254100
2014-04-29,60.779998779296875,61.7400016784668,60.779998779296875,61.040000915527344,43.08663558959961,266900
2014-04-30,61.060001373291016,61.40999984741211,60.959999084472656,61.209999084472656,43.20662307739258,319400
2014-05-01,61.41999816894531,61.54999923706055,60.90999984741211,61.189998626708984,43.1925163269043,344700
2014-05-02,60.650001525878906,61.27000045776367,60.650001525878906,61.150001525878906,43.16426467895508,271100
2014-05-05,60.75,61.130001068115234,60.18000030517578,60.4900016784668,42.698394775390625,517700
2014-05-06,61.040000915527344,62.209999084472656,59.88999938964844,60.599998474121094,42.776031494140625,428700
2014-05-07,60.619998931884766,61.720001220703125,60.619998931884766,61.4900016784668,43.40428161621094,293300
2014-05-08,61.25,62.290000915527344,60.66999816894531,60.810001373291016,42.924278259277344,366100
2014-05-09,60.75,61.27000045776367,60.439998626708984,61.0,43.05839920043945,145800
2014-05-12,61.33000183105469,62.189998626708984,61.33000183105469,61.65999984741211,43.52427673339844,175600
2014-05-13,61.529998779296875,61.97999954223633,61.47999954223633,61.52000045776367,43.42544937133789,147400
2014-05-14,61.52000045776367,61.560001373291016,60.720001220703125,60.7599983215332,42.88897705078125,186800
2014-05-15,60.61000061035156,60.91999816894531,59.61000061035156,60.209999084472656,42.500762939453125,262400
2014-05-16,60.25,60.66999816894531,59.95000076293945,60.43000030517578,42.656063079833984,120100
2014-05-19,60.349998474121094,61.13999938964844,60.189998626708984,60.58000183105469,42.76192855834961,164200
2014-05-20,60.25,60.5099983215332,59.59000015258789,59.91999816894531,42.29604721069336,294100
2014-05-21,60.04999923706055,60.529998779296875,59.08000183105469,59.310001373291016,41.8654670715332,295400
2014-05-22,58.81999969482422,59.720001220703125,58.650001525878906,59.41999816894531,42.255157470703125,250100
2014-05-23,59.470001220703125,60.04999923706055,59.20000076293945,60.040000915527344,42.696067810058594,239200
2014-05-27,60.349998474121094,60.38999938964844,59.540000915527344,60.0,42.66761016845703,190700
2014-05-28,59.91999816894531,60.4900016784668,59.689998626708984,60.040000915527344,42.696067810058594,243400
2014-05-29,60.02000045776367,60.5,59.880001068115234,60.369998931884766,42.93074417114258,129100
2014-05-30,60.290000915527344,60.560001373291016,59.83000183105469,59.95000076293945,42.63207244873047,196500
2014-06-02,60.02000045776367,60.15999984741211,59.45000076293945,59.68000030517578,42.440059661865234,305900
2014-06-03,59.2599983215332,59.84000015258789,59.130001068115234,59.15999984741211,42.07026290893555,306400
2014-06-04,59.099998474121094,60.11000061035156,58.939998626708984,59.47999954223633,42.297828674316406,370500
2014-06-05,59.630001068115234,60.5099983215332,59.43000030517578,60.459999084472656,42.99473190307617,272500
2014-06-06,60.599998474121094,60.95000076293945,60.130001068115234,60.290000915527344,42.873836517333984,359300
2014-06-09,60.5,61.02000045776367,60.459999084472656,61.0,43.378746032714844,352200
2014-06-10,61.040000915527344,61.31999969482422,60.5099983215332,60.83000183105469,43.25785827636719,163900
2014-06-11,60.70000076293945,60.779998779296875,60.04999923706055,60.06999969482422,42.71739959716797,238000
2014-06-12,59.75,60.0,57.900001525878906,58.13999938964844,41.34490966796875,353300
2014-06-13,58.15999984741211,58.70000076293945,57.43000030517578,57.63999938964844,40.98935317993164,282500
2014-06-16,57.68000030517578,57.880001068115234,56.939998626708984,57.029998779296875,40.555572509765625,370300
2014-06-17,57.08000183105469,57.79999923706055,55.77000045776367,57.439998626708984,40.847129821777344,424800
2014-06-18,57.59000015258789,57.630001068115234,56.93000030517578,57.220001220703125,40.6906852722168,185200
2014-06-19,57.33000183105469,57.91999816894531,57.060001373291016,57.439998626708984,40.847129821777344,265200
2014-06-20,57.29999923706055,57.869998931884766,57.09000015258789,57.400001525878906,40.81869125366211,444500
2014-06-23,57.529998779296875,57.529998779296875,57.0,57.18000030517578,40.6622428894043,256600
2014-06-24,57.08000183105469,57.20000076293945,56.5099983215332,56.54999923706055,40.214229583740234,325600
2014-06-25,56.66999816894531,56.9900016784668,56.4900016784668,56.88999938964844,40.45601272583008,217000
2014-06-26,56.90999984741211,56.93000030517578,56.099998474121094,56.220001220703125,39.97956466674805,296200
2014-06-27,56.060001373291016,57.0,56.060001373291016,56.90999984741211,40.47024154663086,242700
2014-06-30,56.939998626708984,57.0099983215332,56.470001220703125,56.86000061035156,40.43468475341797,250500
2014-07-01,56.849998474121094,57.29999923706055,56.709999084472656,56.900001525878906,40.463134765625,321400
2014-07-02,56.75,56.90999984741211,56.040000915527344,56.189998626708984,39.958221435546875,243600
2014-07-03,56.290000915527344,56.90999984741211,56.290000915527344,56.650001525878906,40.285335540771484,283600
2014-07-07,56.70000076293945,56.70000076293945,56.130001068115234,56.2400016784668,39.9937744140625,130200
2014-07-08,56.18000030517578,56.38999938964844,55.790000915527344,55.91999816894531,39.766212463378906,515200
2014-07-09,55.970001220703125,56.189998626708984,55.54999923706055,55.56999969482422,39.51732635498047,237900
2014-07-10,54.810001373291016,55.11000061035156,54.66999816894531,54.77000045776367,38.94841766357422,225000
2014-07-11,54.790000915527344,54.93000030517578,54.27000045776367,54.29999923706055,38.614200592041016,207700
2014-07-14,54.77000045776367,55.099998474121094,54.599998474121094,54.959999084472656,39.08353805541992,210600
2014-07-15,55.099998474121094,55.310001373291016,54.81999969482422,54.88999938964844,39.03376388549805,313900
2014-07-16,54.939998626708984,55.20000076293945,54.41999816894531,54.63999938964844,38.85597610473633,322700
2014-07-17,54.650001525878906,54.81999969482422,54.279998779296875,54.349998474121094,38.649742126464844,167800
2014-07-18,54.720001220703125,55.09000015258789,54.52000045776367,55.0,39.11198806762695,268400
2014-07-21,54.77000045776367,54.939998626708984,54.33000183105469,54.54999923706055,38.7919807434082,165300
2014-07-22,54.68000030517578,55.31999969482422,54.68000030517578,54.93000030517578,39.06221008300781,179900
2014-07-23,54.97999954223633,55.2400016784668,54.650001525878906,54.720001220703125,38.912864685058594,197100
2014-07-24,54.93000030517578,55.220001220703125,54.689998626708984,54.810001373291016,38.97686767578125,232700
2014-07-25,54.59000015258789,54.59000015258789,53.86000061035156,53.9900016784668,38.39374542236328,193800
2014-07-28,54.099998474121094,54.439998626708984,53.650001525878906,54.150001525878906,38.507530212402344,152000
2014-07-29,54.25,54.4900016784668,53.7400016784668,53.7400016784668,38.215965270996094,200900
2014-07-30,53.81999969482422,54.13999938964844,53.40999984741211,53.65999984741211,38.15908432006836,216500
2014-07-31,53.310001373291016,53.75,52.72999954223633,53.20000076293945,37.83195877075195,357800
2014-08-01,53.22999954223633,53.459999084472656,52.380001068115234,53.09000015258789,37.75373077392578,392100
2014-08-04,53.33000183105469,54.540000915527344,53.029998779296875,53.400001525878906,37.97418975830078,513500
2014-08-05,55.310001373291016,56.040000915527344,54.70000076293945,55.099998474121094,39.1830940246582,496600
2014-08-06,54.97999954223633,56.060001373291016,54.810001373291016,55.84000015258789,39.709327697753906,298600
2014-08-07,55.84000015258789,56.0,55.13999938964844,55.29999923706055,39.3253288269043,242200
2014-08-08,55.349998474121094,56.349998474121094,55.040000915527344,56.2400016784668,39.9937744140625,281000
2014-08-11,56.560001373291016,56.95000076293945,56.349998474121094,56.93000030517578,40.48445510864258,292300
2014-08-12,58.119998931884766,58.7400016784668,56.939998626708984,56.97999954223633,40.5200080871582,482500
2014-08-13,57.2599983215332,57.279998779296875,56.77000045776367,57.0,40.53422546386719,505600
2014-08-14,57.20000076293945,57.33000183105469,56.83000183105469,57.11000061035156,40.61246109008789,238600
2014-08-15,57.349998474121094,57.5,56.81999969482422,57.09000015258789,40.59823989868164,278400
2014-08-18,57.54999923706055,57.86000061035156,57.279998779296875,57.650001525878906,40.9964714050293,301400
2014-08-19,57.650001525878906,57.959999084472656,57.25,57.439998626708984,40.847129821777344,418800
2014-08-20,57.439998626708984,58.880001068115234,57.439998626708984,58.68000030517578,41.72893524169922,774000
2014-08-21,58.65999984741211,59.619998931884766,58.470001220703125,59.529998779296875,42.33338165283203,384000
2014-08-22,59.5099983215332,60.11000061035156,59.29999923706055,59.9900016784668,42.66050338745117,523800
2014-08-25,59.81999969482422,60.150001525878906,59.54999923706055,60.04999923706055,43.025917053222656,364900
2014-08-26,59.970001220703125,60.59000015258789,59.630001068115234,60.33000183105469,43.22654342651367,314400
2014-08-27,60.34000015258789,60.75,59.720001220703125,59.790000915527344,42.83964157104492,480600
2014-08-28,59.720001220703125,61.15999984741211,59.439998626708984,61.040000915527344,43.73526382446289,432200
2014-08-29,59.02000045776367,59.02000045776367,57.04999923706055,57.72999954223633,42.76483917236328,574200
2014-09-02,57.619998931884766,58.52000045776367,57.59000015258789,58.0,42.96485137939453,352500
2014-09-03,58.20000076293945,58.20000076293945,57.189998626708984,57.31999969482422,42.46113586425781,345100
2014-09-04,57.5,57.63999938964844,56.7400016784668,56.77000045776367,42.05369186401367,362800
2014-09-05,56.61000061035156,57.18000030517578,56.61000061035156,57.18000030517578,42.357421875,220700
2014-09-08,57.40999984741211,57.75,56.95000076293945,57.29999923706055,42.44630813598633,330700
2014-09-09,57.09000015258789,57.400001525878906,56.849998474121094,56.90999984741211,42.157405853271484,249400
2014-09-10,56.84000015258789,57.18000030517578,56.4900016784668,56.650001525878906,41.964813232421875,227600
2014-09-11,56.5,56.630001068115234,56.150001525878906,56.33000183105469,41.72776794433594,219500
2014-09-12,56.41999816894531,56.779998779296875,56.25,56.4900016784668,41.846290588378906,226100
2014-09-15,56.619998931884766,56.91999816894531,56.33000183105469,56.630001068115234,41.94999694824219,222800
2014-09-16,56.56999969482422,57.369998931884766,56.56999969482422,56.709999084472656,42.00925064086914,295100
2014-09-17,56.59000015258789,56.869998931884766,56.279998779296875,56.40999984741211,41.78702163696289,255600
2014-09-18,56.61000061035156,56.790000915527344,55.90999984741211,56.119998931884766,41.572200775146484,312600
2014-09-19,56.29999923706055,56.630001068115234,55.7599983215332,55.84000015258789,41.36478042602539,421200
2014-09-22,55.88999938964844,56.0,55.529998779296875,55.75,41.29811096191406,221900
2014-09-23,55.75,55.84000015258789,55.310001373291016,55.36000061035156,41.00921630859375,176000
2014-09-24,55.52000045776367,55.97999954223633,55.25,55.83000183105469,41.35737609863281,164300
2014-09-25,55.560001373291016,55.689998626708984,54.900001525878906,54.939998626708984,40.69808578491211,139300
2014-09-26,54.9900016784668,55.13999938964844,54.47999954223633,54.86000061035156,40.63882064819336,177400
2014-09-29,54.5099983215332,55.02000045776367,54.02000045776367,54.95000076293945,40.70549011230469,558500
2014-09-30,55.15999984741211,55.2599983215332,54.720001220703125,55.0,40.74253845214844,316600
2014-10-01,54.84000015258789,55.02000045776367,54.220001220703125,54.90999984741211,40.675865173339844,638700
2014-10-02,54.68000030517578,55.439998626708984,54.650001525878906,55.06999969482422,40.794395446777344,354300
2014-10-03,55.66999816894531,55.90999984741211,55.2599983215332,55.63999938964844,41.21662521362305,329400
2014-10-06,56.09000015258789,56.58000183105469,55.72999954223633,56.5,41.85367965698242,243000
2014-10-07,56.08000183105469,56.349998474121094,55.709999084472656,55.79999923706055,41.33515930175781,369400
2014-10-08,55.7599983215332,56.25,55.459999084472656,56.08000183105469,41.54256820678711,375400
2014-10-09,55.9900016784668,56.209999084472656,55.33000183105469,55.5099983215332,41.12033462524414,302200
2014-10-10,55.75,56.130001068115234,54.900001525878906,54.959999084472656,40.712894439697266,370500
2014-10-13,55.02000045776367,55.45000076293945,54.61000061035156,54.709999084472656,40.52771759033203,293400
2014-10-14,55.060001373291016,55.849998474121094,54.790000915527344,55.279998779296875,40.949951171875,284600
2014-10-15,54.65999984741211,57.43000030517578,53.22999954223633,55.630001068115234,41.209224700927734,908300
2014-10-16,54.68000030517578,55.79999923706055,54.40999984741211,55.119998931884766,40.83141326904297,440100
2014-10-17,55.400001525878906,56.400001525878906,55.29999923706055,56.130001068115234,41.579593658447266,268300
2014-10-20,56.2400016784668,56.900001525878906,55.97999954223633,56.81999969482422,42.09074020385742,159500
2014-10-21,57.040000915527344,57.9900016784668,56.90999984741211,57.939998626708984,42.92041778564453,200000
2014-10-22,58.0099983215332,58.43000030517578,57.189998626708984,57.2400016784668,42.40187454223633,168000
2014-10-23,57.810001373291016,57.810001373291016,56.7400016784668,57.15999984741211,42.34259796142578,345800
2014-10-24,57.16999816894531,57.779998779296875,57.099998474121094,57.689998626708984,42.73521423339844,136700
2014-10-27,57.58000183105469,57.61000061035156,56.88999938964844,57.41999816894531,42.53519821166992,194700
2014-10-28,57.72999954223633,57.970001220703125,57.369998931884766,57.939998626708984,42.92041778564453,127300
2014-10-29,58.0099983215332,58.400001525878906,57.439998626708984,57.81999969482422,42.83150863647461,154100
2014-10-30,57.689998626708984,59.38999938964844,57.66999816894531,58.61000061035156,43.41672134399414,144700
2014-10-31,59.09000015258789,59.709999084472656,58.779998779296875,59.2400016784668,43.8834228515625,335700
2014-11-03,59.720001220703125,60.130001068115234,59.20000076293945,60.0,44.44640350341797,365100
2014-11-04,60.11000061035156,60.33000183105469,59.599998474121094,60.0,44.44640350341797,276800
2014-11-05,61.0,61.0,59.099998474121094,60.119998931884766,44.535301208496094,340800
2014-11-06,60.33000183105469,60.41999816894531,59.33000183105469,60.369998931884766,44.720481872558594,246000
2014-11-07,60.470001220703125,60.7400016784668,59.939998626708984,60.209999084472656,44.601966857910156,373400
2014-11-10,60.0099983215332,60.58000183105469,59.75,60.09000015258789,44.51307678222656,425000
2014-11-11,60.040000915527344,60.630001068115234,59.88999938964844,60.529998779296875,44.83900833129883,340000
2014-11-12,60.13999938964844,60.7400016784668,60.13999938964844,60.56999969482422,44.86864471435547,264800
2014-11-13,60.68000030517578,60.869998931884766,59.439998626708984,60.33000183105469,44.69084930419922,638000
2014-11-14,60.18000030517578,60.959999084472656,60.16999816894531,60.599998474121094,44.89086151123047,271900
2014-11-17,60.52000045776367,60.779998779296875,59.54999923706055,59.61000061035156,44.157508850097656,307500
2014-11-18,59.689998626708984,60.09000015258789,59.060001373291016,59.68000030517578,44.20936584472656,254300
2014-11-19,59.900001525878906,59.900001525878906,59.11000061035156,59.75,44.26120376586914,256700
2014-11-20,59.650001525878906,60.77000045776367,59.2599983215332,60.400001525878906,44.742713928222656,335200
2014-11-21,61.130001068115234,61.470001220703125,60.439998626708984,60.599998474121094,44.89086151123047,344500
2014-11-24,60.20000076293945,60.34000015258789,59.43000030517578,60.279998779296875,44.98787307739258,290600
2014-11-25,60.5099983215332,60.77000045776367,60.2400016784668,60.400001525878906,45.07743835449219,194200
2014-11-26,60.25,61.150001525878906,60.22999954223633,60.810001373291016,45.3834342956543,211800
2014-11-28,60.970001220703125,61.45000076293945,60.439998626708984,61.029998779296875,45.547607421875,228100
2014-12-01,61.060001373291016,61.189998626708984,59.900001525878906,60.65999984741211,45.271480560302734,336400
2014-12-02,60.84000015258789,62.06999969482422,60.75,61.83000183105469,46.14467239379883,423000
2014-12-03,61.86000061035156,62.630001068115234,61.72999954223633,62.47999954223633,46.629783630371094,322600
2014-12-04,62.290000915527344,62.66999816894531,62.150001525878906,62.29999923706055,46.49543380737305,198100
2014-12-05,62.310001373291016,62.81999969482422,62.029998779296875,62.689998626708984,46.78650665283203,264300
2014-12-08,62.439998626708984,63.20000076293945,62.06999969482422,62.650001525878906,46.75666046142578,199400
2014-12-09,62.310001373291016,62.86000061035156,61.83000183105469,62.79999923706055,46.868595123291016,230500
2014-12-10,62.709999084472656,62.9900016784668,61.7599983215332,61.86000061035156,46.16705322265625,169700
2014-12-11,61.61000061035156,62.70000076293945,61.130001068115234,61.400001525878906,45.82374954223633,207500
2014-12-12,60.720001220703125,61.5,60.720001220703125,61.11000061035156,45.60732650756836,213800
2014-12-15,61.380001068115234,61.61000061035156,60.22999954223633,60.86000061035156,45.420745849609375,199500
2014-12-16,60.880001068115234,61.36000061035156,60.189998626708984,60.27000045776367,44.98041915893555,339200
2014-12-17,60.560001373291016,61.29999923706055,59.79999923706055,61.09000015258789,45.5923957824707,265300
2014-12-18,61.869998931884766,63.150001525878906,61.310001373291016,62.880001068115234,46.928306579589844,236000
2014-12-19,62.7599983215332,63.13999938964844,61.83000183105469,61.970001220703125,46.24916076660156,431300
2014-12-22,61.970001220703125,62.470001220703125,61.54999923706055,62.470001220703125,46.62230682373047,302300
2014-12-23,62.599998474121094,62.70000076293945,62.279998779296875,62.56999969482422,46.69694900512695,149900
2014-12-24,62.59000015258789,62.959999084472656,62.15999984741211,62.459999084472656,46.61484909057617,71000
2014-12-26,62.560001373291016,62.9900016784668,62.439998626708984,62.63999938964844,46.74918746948242,83200
2014-12-29,62.810001373291016,62.810001373291016,62.31999969482422,62.380001068115234,46.555152893066406,161500
2014-12-30,62.22999954223633,62.959999084472656,62.11000061035156,62.66999816894531,46.77156448364258,122900
2014-12-31,62.70000076293945,63.0,62.130001068115234,62.31999969482422,46.5103645324707,220700
2015-01-02,62.52000045776367,62.83000183105469,61.099998474121094,61.79999923706055,46.122291564941406,237100
2015-01-05,61.599998474121094,61.77000045776367,60.0,60.18000030517578,44.91325378417969,251200
2015-01-06,60.65999984741211,61.2400016784668,59.709999084472656,60.75,45.338661193847656,370500
2015-01-07,61.189998626708984,61.93000030517578,60.560001373291016,61.86000061035156,46.16705322265625,268000
2015-01-08,62.040000915527344,63.52000045776367,62.040000915527344,63.45000076293945,47.353694915771484,220300
2015-01-09,63.5099983215332,63.540000915527344,62.15999984741211,62.209999084472656,46.428260803222656,180500
2015-01-12,62.25,62.68000030517578,61.58000183105469,62.38999938964844,46.562618255615234,183300
2015-01-13,62.9900016784668,63.900001525878906,61.689998626708984,62.099998474121094,46.34617614746094,211700
2015-01-14,61.540000915527344,61.540000915527344,60.40999984741211,61.119998931884766,45.61478042602539,214400
2015-01-15,61.5,61.66999816894531,60.75,61.040000915527344,45.55509567260742,260500
2015-01-16,60.849998474121094,61.72999954223633,60.04999923706055,61.63999938964844,46.002872467041016,301800
2015-01-20,61.869998931884766,62.66999816894531,61.209999084472656,62.22999954223633,46.443206787109375,179600
2015-01-21,62.22999954223633,62.689998626708984,61.68000030517578,62.560001373291016,46.689483642578125,182600
2015-01-22,63.02000045776367,63.880001068115234,62.34000015258789,63.869998931884766,47.66715621948242,215600
2015-01-23,63.75,63.84000015258789,63.130001068115234,63.650001525878906,47.50297546386719,182000
2015-01-26,63.529998779296875,64.26000213623047,63.220001220703125,64.16999816894531,47.89104080200195,186000
2015-01-27,63.540000915527344,64.08999633789062,63.13999938964844,63.65999984741211,47.51042556762695,176700
2015-01-28,63.9900016784668,64.45999908447266,63.5,63.93000030517578,47.711936950683594,260200
2015-01-29,64.19999694824219,64.23999786376953,63.15999984741211,63.70000076293945,47.54029083251953,235000
2015-01-30,63.38999938964844,64.0199966430664,62.7400016784668,63.43000030517578,47.338775634765625,188700
2015-02-02,63.7599983215332,64.62999725341797,62.75,64.45999908447266,48.10747146606445,310900
2015-02-03,64.95999908447266,65.63999938964844,64.22000122070312,65.44999694824219,48.84633255004883,455900
2015-02-04,66.12000274658203,66.4800033569336,65.08000183105469,66.02999877929688,49.27920150756836,300600
2015-02-05,66.16000366210938,67.48999786376953,65.98999786376953,66.8499984741211,49.891178131103516,442300
2015-02-06,66.83999633789062,67.13999938964844,66.13999938964844,66.44000244140625,49.5851936340332,228600
2015-02-09,66.12999725341797,66.61000061035156,66.0,66.2300033569336,49.428470611572266,294200
2015-02-10,66.51000213623047,67.02999877929688,65.63999938964844,66.9800033569336,49.98820114135742,159700
2015-02-11,66.94000244140625,67.13999938964844,66.4000015258789,67.02999877929688,50.0255126953125,171200
2015-02-12,67.23999786376953,67.79000091552734,66.91000366210938,67.2699966430664,50.20462417602539,151200
2015-02-13,67.0,67.72000122070312,65.9800033569336,66.37000274658203,49.53293991088867,444100
2015-02-17,65.98999786376953,66.63999938964844,65.66000366210938,66.11000061035156,49.33890914916992,230300
2015-02-18,66.0999984741211,66.30999755859375,65.56999969482422,66.16000366210938,49.376224517822266,251000
2015-02-19,66.0,66.55999755859375,65.70999908447266,66.12999725341797,49.353843688964844,246400
2015-02-20,65.7300033569336,65.94000244140625,64.58000183105469,65.30000305175781,49.06827926635742,329500
2015-02-23,65.47000122070312,65.47000122070312,64.55000305175781,64.72000122070312,48.63246536254883,301000
2015-02-24,64.9800033569336,65.25,64.5,64.94000244140625,48.79777908325195,211200
2015-02-25,65.19000244140625,65.70999908447266,64.76000213623047,65.06999969482422,48.895450592041016,255700
2015-02-26,65.13999938964844,66.62999725341797,64.70999908447266,66.5999984741211,50.045135498046875,418900
2015-02-27,66.48999786376953,66.48999786376953,65.4800033569336,65.51000213623047,49.2260856628418,252600
2015-03-02,65.51000213623047,66.04000091552734,65.06999969482422,65.94999694824219,49.55670928955078,129200
2015-03-03,65.62999725341797,65.69999694824219,64.95999908447266,65.08000183105469,48.902976989746094,239500
2015-03-04,64.80000305175781,65.69000244140625,64.36000061035156,65.04000091552734,48.8729248046875,183300
2015-03-05,65.22000122070312,65.22000122070312,64.29000091552734,64.4800033569336,48.452117919921875,114500
2015-03-06,64.37999725341797,65.30999755859375,64.05999755859375,65.25,49.030704498291016,281200
2015-03-09,65.58999633789062,66.16000366210938,65.5,66.05999755859375,49.639366149902344,202400
2015-03-10,65.5199966430664,65.98999786376953,65.37000274658203,65.7300033569336,49.39140701293945,282900
2015-03-11,66.66999816894531,69.13999938964844,66.61000061035156,68.20999908447266,51.25495529174805,732500
2015-03-12,68.41000366210938,68.86000061035156,67.8499984741211,68.5199966430664,51.48786544799805,251900
2015-03-13,68.25,68.80999755859375,67.70999908447266,67.94000244140625,51.05205535888672,180300
2015-03-16,68.19999694824219,68.72000122070312,67.97000122070312,68.62000274658203,51.56304168701172,146500
2015-03-17,68.41999816894531,68.48999786376953,67.86000061035156,68.3499984741211,51.36012268066406,226000
2015-03-18,68.33000183105469,69.2699966430664,67.5999984741211,68.98999786376953,51.84104919433594,201300
2015-03-19,68.69000244140625,68.69000244140625,67.77999877929688,68.0,51.09713363647461,185600
2015-03-20,68.5,68.55999755859375,68.0199966430664,68.19999694824219,51.247440338134766,616700
2015-03-23,67.98999786376953,68.05000305175781,66.9800033569336,67.02999877929688,50.368255615234375,598600
2015-03-24,67.16000366210938,67.69000244140625,66.62999725341797,66.81999969482422,50.21044921875,364800
2015-03-25,66.80999755859375,67.38999938964844,66.27999877929688,66.30000305175781,49.819705963134766,207400
2015-03-26,66.30999755859375,66.75,65.61000061035156,65.69999694824219,49.36886215209961,250600
2015-03-27,65.7300033569336,66.05000305175781,64.95999908447266,65.6500015258789,49.33128356933594,404200
2015-03-30,65.93000030517578,66.5,65.55000305175781,66.2699966430664,49.79716491699219,174900
2015-03-31,66.18000030517578,67.29000091552734,66.06999969482422,67.16999816894531,50.47346115112305,441900
2015-04-01,67.12999725341797,67.4800033569336,66.44999694824219,67.4000015258789,50.64628982543945,196400
2015-04-02,67.1500015258789,67.37000274658203,65.41000366210938,65.56999969482422,49.271175384521484,446000
2015-04-06,65.51000213623047,66.12999725341797,65.4800033569336,66.06999969482422,49.646888732910156,284300
2015-04-07,66.04000091552734,66.55999755859375,65.55999755859375,66.11000061035156,49.67694854736328,270100
2015-04-08,66.2699966430664,66.72000122070312,66.01000213623047,66.45999908447266,49.93993377685547,258100
2015-04-09,66.33999633789062,66.8499984741211,65.86000061035156,66.2300033569336,49.767120361328125,225800
2015-04-10,66.51000213623047,66.62000274658203,65.41000366210938,65.41999816894531,49.158447265625,235900
2015-04-13,65.1500015258789,65.23999786376953,64.83999633789062,64.9800033569336,48.82781982421875,202500
2015-04-14,64.83000183105469,65.58999633789062,64.44000244140625,65.1500015258789,48.955589294433594,159000
2015-04-15,65.26000213623047,65.58999633789062,64.26000213623047,64.29000091552734,48.30934524536133,282000
2015-04-16,64.18000030517578,65.51000213623047,64.0199966430664,65.44999694824219,49.18099594116211,238500
2015-04-17,65.08999633789062,65.87999725341797,64.55000305175781,65.69000244140625,49.36134719848633,353200
2015-04-20,65.94999694824219,66.5999984741211,65.56999969482422,65.97000122070312,49.57174301147461,272800
2015-04-21,66.29000091552734,66.72000122070312,65.77999877929688,66.23999786376953,49.77462387084961,268100
2015-04-22,66.23999786376953,66.69000244140625,65.9000015258789,66.30999755859375,49.82722854614258,213400
2015-04-23,66.19000244140625,66.91999816894531,66.19000244140625,66.45999908447266,49.93993377685547,195100
2015-04-24,66.52999877929688,66.80999755859375,65.86000061035156,66.54000091552734,50.00006103515625,221400
2015-04-27,66.6500015258789,66.87000274658203,65.80999755859375,65.91000366210938,49.52665328979492,150000
2015-04-28,65.83999633789062,66.19999694824219,64.97000122070312,65.95999908447266,49.564212799072266,195600
2015-04-29,65.58000183105469,65.75,64.9800033569336,65.3499984741211,49.10585403442383,183700
2015-04-30,65.18000030517578,65.52999877929688,64.41000366210938,64.51000213623047,48.47465515136719,295000
2015-05-01,64.8499984741211,65.69000244140625,64.41999816894531,65.31999969482422,49.08331298828125,400100
2015-05-04,65.41999816894531,65.51000213623047,64.12999725341797,64.25,48.279296875,591800
2015-05-05,65.98999786376953,66.77999877929688,64.9000015258789,66.0199966430664,49.60932159423828,576800
2015-05-06,66.08000183105469,66.08999633789062,64.94999694824219,65.54000091552734,49.248626708984375,368700
2015-05-07,65.48999786376953,66.05999755859375,65.48999786376953,65.87999725341797,49.504119873046875,251500
2015-05-08,66.75,66.94999694824219,66.06999969482422,66.31999969482422,49.834739685058594,253200
2015-05-11,66.18000030517578,66.29000091552734,65.36000061035156,65.41999816894531,49.158447265625,163300
2015-05-12,65.05999755859375,65.43000030517578,64.58999633789062,64.69000244140625,48.609920501708984,246500
2015-05-13,64.61000061035156,65.4000015258789,63.93000030517578,64.55999755859375,48.512229919433594,204600
2015-05-14,64.69000244140625,65.4000015258789,64.66000366210938,65.29000091552734,49.060768127441406,176200
2015-05-15,65.12000274658203,65.41000366210938,64.69000244140625,64.75,48.6550178527832,179300
2015-05-18,64.58999633789062,65.16000366210938,64.45999908447266,64.9800033569336,48.82781982421875,209700
2015-05-19,65.0,65.87999725341797,64.81999969482422,65.79000091552734,49.436492919921875,328300
2015-05-20,66.05000305175781,67.0,65.56999969482422,66.8499984741211,50.233001708984375,310800
2015-05-21,66.75,67.08000183105469,64.91999816894531,64.97000122070312,48.8203125,502600
2015-05-22,64.63999938964844,64.76000213623047,63.54999923706055,63.79999923706055,48.275508880615234,260900
2015-05-26,63.54999923706055,63.88999938964844,62.689998626708984,62.959999084472656,47.63990783691406,229000
2015-05-27,62.88999938964844,63.040000915527344,62.06999969482422,62.27000045776367,47.11780548095703,366200
2015-05-28,62.119998931884766,62.47999954223633,61.95000076293945,62.130001068115234,47.011878967285156,177700
2015-05-29,62.060001373291016,62.290000915527344,61.02000045776367,61.2599983215332,46.35356521606445,295000
2015-06-01,61.13999938964844,61.22999954223633,60.59000015258789,60.70000076293945,45.92983627319336,308200
2015-06-02,60.459999084472656,61.08000183105469,60.25,60.599998474121094,45.85417175292969,197600
2015-06-03,60.790000915527344,61.630001068115234,60.61000061035156,61.31999969482422,46.398983001708984,210300
2015-06-04,61.02000045776367,61.02000045776367,59.970001220703125,60.099998474121094,45.475833892822266,311200
2015-06-05,60.040000915527344,60.349998474121094,59.65999984741211,60.20000076293945,45.5515022277832,218100
2015-06-08,60.2400016784668,60.45000076293945,59.619998931884766,59.630001068115234,45.120216369628906,129400
2015-06-09,59.540000915527344,59.83000183105469,59.060001373291016,59.41999816894531,44.961299896240234,235200
2015-06-10,59.459999084472656,60.310001373291016,59.31999969482422,60.04999923706055,45.43800735473633,238500
2015-06-11,60.15999984741211,60.5,60.04999923706055,60.38999938964844,45.69527053833008,175000
2015-06-12,60.25,60.31999969482422,59.869998931884766,60.09000015258789,45.46826171875,107100
2015-06-15,59.720001220703125,59.84000015258789,59.2599983215332,59.40999984741211,44.9537353515625,123000
2015-06-16,59.43000030517578,59.959999084472656,59.43000030517578,59.65999984741211,45.14289474487305,122900
2015-06-17,59.84000015258789,60.09000015258789,59.25,59.68000030517578,45.158042907714844,99400
2015-06-18,59.810001373291016,60.77000045776367,59.630001068115234,60.349998474121094,45.665000915527344,148400
2015-06-19,60.459999084472656,60.529998779296875,59.869998931884766,60.09000015258789,45.46826171875,298600
2015-06-22,60.400001525878906,60.540000915527344,60.0099983215332,60.33000183105469,45.64987564086914,141600
2015-06-23,60.16999816894531,60.4900016784668,59.4900016784668,59.779998779296875,45.233699798583984,310100
2015-06-24,59.709999084472656,59.79999923706055,59.04999923706055,59.63999938964844,45.12777328491211,209900
2015-06-25,59.900001525878906,60.209999084472656,59.59000015258789,60.18000030517578,45.5363655090332,179200
2015-06-26,60.4900016784668,60.959999084472656,60.16999816894531,60.880001068115234,46.0660400390625,396100
2015-06-29,60.349998474121094,60.7599983215332,60.09000015258789,60.33000183105469,45.64987564086914,357200
2015-06-30,60.599998474121094,60.599998474121094,59.119998931884766,59.209999084472656,44.802398681640625,450400
2015-07-01,59.54999923706055,60.0,59.2400016784668,59.79999923706055,45.248844146728516,525900
2015-07-02,59.869998931884766,59.869998931884766,59.470001220703125,59.72999954223633,45.195865631103516,366200
2015-07-06,59.130001068115234,59.83000183105469,58.11000061035156,59.5,45.02184295654297,776800
2015-07-07,59.869998931884766,60.0,59.060001373291016,60.0,45.400169372558594,592100
2015-07-08,59.40999984741211,60.220001220703125,59.40999984741211,59.689998626708984,45.16560745239258,427700
2015-07-09,60.130001068115234,60.22999954223633,59.45000076293945,59.7400016784668,45.20343017578125,332000
2015-07-10,60.22999954223633,61.25,59.400001525878906,60.5099983215332,45.78607177734375,279300
2015-07-13,60.7599983215332,60.84000015258789,60.119998931884766,60.41999816894531,45.71797180175781,260800
2015-07-14,60.290000915527344,60.81999969482422,60.22999954223633,60.43000030517578,45.72554397583008,150500
2015-07-15,60.290000915527344,60.43000030517578,59.61000061035156,59.7400016784668,45.20343017578125,193300
2015-07-16,59.900001525878906,60.18000030517578,59.58000183105469,60.11000061035156,45.483402252197266,177900
2015-07-17,60.0,60.0,59.4900016784668,59.709999084472656,45.18074035644531,173300
2015-07-20,59.939998626708984,59.939998626708984,59.54999923706055,59.77000045776367,45.22614288330078,135800
2015-07-21,59.83000183105469,60.220001220703125,59.43000030517578,59.61000061035156,45.10505676269531,174200
2015-07-22,59.560001373291016,59.810001373291016,59.47999954223633,59.68000030517578,45.158042907714844,155400
2015-07-23,59.709999084472656,59.90999984741211,59.5,59.650001525878906,45.135337829589844,205000
2015-07-24,59.95000076293945,59.95000076293945,59.22999954223633,59.33000183105469,44.8931999206543,153300
2015-07-27,59.130001068115234,59.43000030517578,58.529998779296875,59.099998474121094,44.719173431396484,173300
2015-07-28,59.2400016784668,59.83000183105469,58.97999954223633,59.7400016784668,45.20343017578125,230600
2015-07-29,59.689998626708984,60.810001373291016,59.52000045776367,60.40999984741211,45.71040344238281,266300
2015-07-30,60.310001373291016,60.47999954223633,59.959999084472656,60.439998626708984,45.73310089111328,145000
2015-07-31,60.5,60.93000030517578,60.189998626708984,60.38999938964844,45.69527053833008,348700
2015-08-03,60.2599983215332,60.2599983215332,59.2599983215332,59.959999084472656,45.36990737915039,314700
2015-08-04,62.45000076293945,65.05999755859375,62.2400016784668,64.48999786376953,48.79761505126953,681500
2015-08-05,65.08999633789062,65.30000305175781,64.47000122070312,65.0999984741211,49.25918197631836,411100
2015-08-06,65.08999633789062,65.88999938964844,64.66999816894531,65.52999877929688,49.584556579589844,340400
2015-08-07,65.54000091552734,66.02999877929688,65.04000091552734,65.75,49.75102615356445,275700
2015-08-10,66.11000061035156,66.80999755859375,66.01000213623047,66.08999633789062,50.00828170776367,329300
2015-08-11,65.5999984741211,66.30999755859375,65.08000183105469,65.43000030517578,49.508872985839844,290600
2015-08-12,65.0,65.36000061035156,63.97999954223633,64.83999633789062,49.06245040893555,417800
2015-08-13,64.70999908447266,65.94000244140625,64.66000366210938,65.63999938964844,49.66779708862305,201600
2015-08-14,65.76000213623047,66.25,65.45999908447266,66.04000091552734,49.970458984375,166300
2015-08-17,66.18000030517578,66.30000305175781,65.3499984741211,66.22000122070312,50.10665512084961,151600
2015-08-18,66.16000366210938,66.83999633789062,65.98999786376953,66.2699966430664,50.14448165893555,122900
2015-08-19,65.93000030517578,66.0999984741211,65.1500015258789,65.76000213623047,49.75859069824219,165900
2015-08-20,65.12000274658203,65.52999877929688,64.94999694824219,64.94999694824219,49.14567947387695,180100
2015-08-21,64.45999908447266,64.61000061035156,63.150001525878906,63.220001220703125,47.836647033691406,205500
2015-08-24,60.5,63.099998474121094,60.209999084472656,61.369998931884766,46.436805725097656,426800
2015-08-25,62.02000045776367,62.22999954223633,60.810001373291016,60.86000061035156,46.40629959106445,447100
2015-08-26,61.84000015258789,61.970001220703125,60.619998931884766,61.84000015258789,47.153560638427734,264400
2015-08-27,62.43000030517578,63.41999816894531,62.0099983215332,63.029998779296875,48.06095886230469,183100
2015-08-28,62.7400016784668,63.130001068115234,62.5099983215332,63.06999969482422,48.09145736694336,188900
2015-08-31,62.68000030517578,62.849998474121094,62.04999923706055,62.189998626708984,47.42043685913086,200100
2015-09-01,61.27000045776367,61.81999969482422,61.029998779296875,61.08000183105469,46.57406234741211,235600
2015-09-02,61.65999984741211,61.88999938964844,60.88999938964844,61.34000015258789,46.772315979003906,292900
2015-09-03,61.4900016784668,62.95000076293945,61.4900016784668,62.63999938964844,47.76356887817383,194100
2015-09-04,62.02000045776367,62.27000045776367,61.599998474121094,61.7400016784668,47.077327728271484,97900
2015-09-08,62.47999954223633,62.900001525878906,61.880001068115234,62.790000915527344,47.877952575683594,94100
2015-09-09,63.060001373291016,63.33000183105469,62.11000061035156,62.2599983215332,47.473819732666016,109200
2015-09-10,62.2599983215332,62.470001220703125,61.720001220703125,61.869998931884766,47.176448822021484,230300
2015-09-11,61.58000183105469,62.0,61.220001220703125,61.91999816894531,47.21457290649414,151100
2015-09-14,61.95000076293945,62.18000030517578,61.220001220703125,61.560001373291016,46.940059661865234,122800
2015-09-15,61.59000015258789,62.11000061035156,61.130001068115234,62.02000045776367,47.290809631347656,123800
2015-09-16,61.9900016784668,62.380001068115234,61.5099983215332,62.31999969482422,47.51957321166992,165700
2015-09-17,62.29999923706055,62.380001068115234,61.59000015258789,61.90999984741211,47.206947326660156,279100
2015-09-18,61.34000015258789,62.15999984741211,61.33000183105469,61.68000030517578,47.031578063964844,331900
2015-09-21,61.9900016784668,62.52000045776367,61.61000061035156,62.04999923706055,47.31370544433594,308400
2015-09-22,61.619998931884766,61.709999084472656,60.77000045776367,60.88999938964844,46.429176330566406,272600
2015-09-23,60.970001220703125,60.970001220703125,60.15999984741211,60.349998474121094,46.01742935180664,330000
2015-09-24,59.86000061035156,60.61000061035156,58.83000183105469,59.11000061035156,45.07190704345703,750800
2015-09-25,59.61000061035156,60.27000045776367,59.189998626708984,59.720001220703125,45.537044525146484,237600
2015-09-28,59.34000015258789,59.77000045776367,59.0099983215332,59.130001068115234,45.0871696472168,244700
2015-09-29,59.31999969482422,60.22999954223633,58.83000183105469,60.15999984741211,45.87254333496094,276000
2015-09-30,60.630001068115234,61.119998931884766,59.900001525878906,60.81999969482422,46.37580108642578,257200
2015-10-01,60.9900016784668,61.33000183105469,60.72999954223633,61.08000183105469,46.57406234741211,196400
2015-10-02,60.560001373291016,61.849998474121094,60.25,61.810001373291016,47.130699157714844,188700
2015-10-05,62.34000015258789,63.61000061035156,62.25,63.27000045776367,48.243953704833984,305200
2015-10-06,63.2599983215332,63.66999816894531,62.709999084472656,62.869998931884766,47.93894958496094,273700
2015-10-07,63.040000915527344,64.2699966430664,63.029998779296875,63.97999954223633,48.78532409667969,347900
2015-10-08,64.05000305175781,64.80000305175781,63.689998626708984,64.20999908447266,48.96071243286133,243200
2015-10-09,64.43000030517578,65.51000213623047,64.25,65.4000015258789,49.868099212646484,353800
2015-10-12,65.29000091552734,65.83000183105469,65.01000213623047,65.4800033569336,49.92910385131836,162300
2015-10-13,65.12999725341797,65.76000213623047,64.6500015258789,65.45999908447266,49.91383743286133,195000
2015-10-14,65.51000213623047,65.70999908447266,64.45999908447266,64.86000061035156,49.45634078979492,150900
2015-10-15,65.11000061035156,65.48999786376953,64.43000030517578,65.3499984741211,49.829959869384766,161400
2015-10-16,65.3499984741211,65.5,64.7699966430664,65.12999725341797,49.6622200012207,121000
2015-10-19,64.87999725341797,65.2699966430664,64.45999908447266,65.01000213623047,49.57073211669922,101700
2015-10-20,65.0999984741211,65.5,64.75,65.04000091552734,49.593605041503906,85600
2015-10-21,65.23999786376953,65.33000183105469,64.37000274658203,64.54000091552734,49.21233367919922,84200
2015-10-22,64.95999908447266,65.45999908447266,64.16000366210938,65.44999694824219,49.90623092651367,242200
2015-10-23,65.72000122070312,66.19999694824219,65.37000274658203,65.80000305175781,50.17310333251953,201700
2015-10-26,65.76000213623047,66.30000305175781,65.22000122070312,65.3499984741211,49.829959869384766,232300
2015-10-27,65.05999755859375,65.37999725341797,64.1500015258789,64.77999877929688,49.39534378051758,180400
2015-10-28,64.87999725341797,66.33999633789062,64.87999725341797,66.33999633789062,50.58485412597656,239800
2015-10-29,66.26000213623047,66.72000122070312,65.9800033569336,66.19999694824219,50.47810363769531,214400
2015-10-30,66.30999755859375,66.33000183105469,65.72000122070312,66.16000366210938,50.44761276245117,302100
2015-11-02,66.05999755859375,66.91000366210938,65.54000091552734,66.58000183105469,50.76786804199219,393700
2015-11-03,69.47000122070312,70.0,66.5999984741211,68.48999786376953,52.22425842285156,559600
2015-11-04,68.70999908447266,68.70999908447266,66.98999786376953,67.48999786376953,51.46174621582031,390500
2015-11-05,67.56999969482422,67.93000030517578,67.01000213623047,67.4000015258789,51.39311599731445,211800
2015-11-06,67.20999908447266,67.5,66.51000213623047,66.69999694824219,50.859352111816406,170800
2015-11-09,66.58999633789062,66.69999694824219,65.66999816894531,66.37000274658203,50.60773468017578,199200
2015-11-10,66.13999938964844,66.69999694824219,65.9800033569336,66.69999694824219,50.859352111816406,200000
2015-11-11,66.88999938964844,67.33000183105469,66.69000244140625,67.06999969482422,51.14148712158203,192900
2015-11-12,66.56999969482422,66.56999969482422,65.37000274658203,65.97000122070312,50.30274200439453,234000
2015-11-13,65.95999908447266,66.37000274658203,65.13999938964844,65.62999725341797,50.043479919433594,160100
2015-11-16,65.33000183105469,66.12000274658203,64.7300033569336,65.77999877929688,50.157840728759766,142900
2015-11-17,66.19000244140625,66.56999969482422,65.05000305175781,65.58000183105469,50.00535583496094,198500
2015-11-18,65.6500015258789,67.33999633789062,64.95999908447266,67.16000366210938,51.21012496948242,370400
2015-11-19,67.13999938964844,68.41000366210938,66.55999755859375,68.02999877929688,51.873497009277344,310200
2015-11-20,68.08999633789062,68.76000213623047,68.08999633789062,68.44999694824219,52.1937370300293,189200
2015-11-23,68.01000213623047,68.5999984741211,67.36000061035156,67.94999694824219,52.17071533203125,188900
2015-11-24,67.56999969482422,68.62999725341797,67.33000183105469,68.41999816894531,52.53157424926758,127000
2015-11-25,68.36000061035156,69.91000366210938,68.36000061035156,69.6500015258789,53.475948333740234,220400
2015-11-27,69.58999633789062,70.44999694824219,69.38999938964844,69.63999938964844,53.46826934814453,160600
2015-11-30,69.70999908447266,70.0,69.25,69.79000091552734,53.58342742919922,384200
2015-12-01,69.9800033569336,70.87999725341797,69.45999908447266,70.45999908447266,54.09784698486328,287300
2015-12-02,70.33999633789062,70.80999755859375,69.70999908447266,69.79000091552734,53.58342742919922,195100
2015-12-03,70.08000183105469,70.08000183105469,68.66999816894531,69.2300033569336,53.153480529785156,222100
2015-12-04,69.26000213623047,70.01000213623047,68.61000061035156,69.9800033569336,53.72932434082031,184600
2015-12-07,69.66999816894531,70.2699966430664,69.33999633789062,69.51000213623047,53.36845016479492,359700
2015-12-08,69.08000183105469,70.25,68.8499984741211,69.2699966430664,53.18418884277344,266000
2015-12-09,69.2300033569336,70.0,68.02999877929688,68.18000030517578,52.3472900390625,366400
2015-12-10,69.72000122070312,72.26000213623047,67.9800033569336,68.31999969482422,52.45478439331055,626700
2015-12-11,67.77999877929688,68.0999984741211,66.94999694824219,67.0,51.441322326660156,356300
2015-12-14,67.05000305175781,67.25,65.36000061035156,65.91999816894531,50.61211395263672,410700
2015-12-15,66.41000366210938,66.75,65.68000030517578,65.91000366210938,50.60443878173828,267900
2015-12-16,66.22000122070312,66.5,65.0199966430664,66.30999755859375,50.91156005859375,235400
2015-12-17,66.33999633789062,66.38999938964844,65.0999984741211,65.0999984741211,49.9825553894043,209000
2015-12-18,64.95999908447266,64.95999908447266,63.86000061035156,64.05999755859375,49.18403625488281,541800
2015-12-21,64.4000015258789,64.4800033569336,63.93000030517578,64.31999969482422,49.383670806884766,205100
2015-12-22,64.45999908447266,65.30000305175781,64.29000091552734,64.88999938964844,49.8213005065918,144700
2015-12-23,65.19000244140625,65.58000183105469,64.97000122070312,65.37999725341797,50.19751739501953,123800
2015-12-24,65.2699966430664,65.31999969482422,64.81999969482422,65.05000305175781,49.94415283203125,57900
2015-12-28,64.86000061035156,65.3499984741211,64.3499984741211,65.31999969482422,50.15145492553711,141800
2015-12-29,65.70999908447266,66.08999633789062,65.11000061035156,65.44999694824219,50.25126647949219,233000
2015-12-30,65.20999908447266,66.05999755859375,65.12000274658203,65.27999877929688,50.120750427246094,164400
2015-12-31,65.11000061035156,65.48999786376953,64.51000213623047,64.51000213623047,49.52954864501953,248000
2016-01-04,63.93000030517578,64.20999908447266,63.099998474121094,63.880001068115234,49.04584884643555,349600
2016-01-05,63.880001068115234,64.66000366210938,63.540000915527344,64.02999877929688,49.16102600097656,291300
2016-01-06,63.22999954223633,64.3499984741211,63.11000061035156,63.4900016784668,48.74641799926758,444800
2016-01-07,62.650001525878906,63.43000030517578,62.20000076293945,62.689998626708984,48.1322021484375,527000
2016-01-08,62.91999816894531,63.349998474121094,62.40999984741211,62.63999938964844,48.093807220458984,533800
2016-01-11,62.810001373291016,63.630001068115234,62.349998474121094,63.5099983215332,48.76176834106445,394000
2016-01-12,63.91999816894531,64.44999694824219,63.369998931884766,64.37999725341797,49.42972946166992,255500
2016-01-13,65.11000061035156,66.5199966430664,64.6500015258789,64.95999908447266,49.875064849853516,765800
2016-01-14,65.0999984741211,65.8499984741211,64.70999908447266,65.62000274658203,50.38178634643555,318000
2016-01-15,64.37999725341797,65.62999725341797,63.77000045776367,65.54000091552734,50.32035827636719,355200
2016-01-19,65.91000366210938,67.0199966430664,65.22000122070312,65.95999908447266,50.64282989501953,544300
2016-01-20,65.16000366210938,66.05000305175781,63.959999084472656,65.55000305175781,50.32805252075195,457200
2016-01-21,65.52999877929688,65.93000030517578,64.91000366210938,64.95999908447266,49.875064849853516,447700
2016-01-22,65.69999694824219,66.08999633789062,64.62999725341797,65.16000366210938,50.02861022949219,481400
2016-01-25,64.97000122070312,65.4800033569336,63.97999954223633,64.0999984741211,49.21475601196289,509000
2016-01-26,64.37000274658203,65.66000366210938,64.37000274658203,65.48999786376953,50.281978607177734,309300
2016-01-27,65.25,65.69000244140625,64.23999786376953,64.61000061035156,49.60633087158203,300000
2016-01-28,65.0,65.47000122070312,64.66000366210938,64.95999908447266,49.875064849853516,265900
2016-01-29,65.13999938964844,68.70999908447266,65.13999938964844,68.68000030517578,52.73119354248047,507200
2016-02-01,68.38999938964844,69.2300033569336,67.5,68.52999877929688,52.61602020263672,503200
2016-02-02,67.16000366210938,68.30000305175781,65.6500015258789,66.4000015258789,50.980655670166016,526000
2016-02-03,66.5,66.9000015258789,64.94999694824219,65.87000274658203,50.57372283935547,484200
2016-02-04,65.69000244140625,66.23999786376953,64.97000122070312,65.16999816894531,50.03629684448242,568000
2016-02-05,65.04000091552734,65.6500015258789,64.19000244140625,64.51000213623047,49.52954864501953,384200
2016-02-08,63.90999984741211,64.2699966430664,63.31999969482422,63.81999969482422,48.999778747558594,491900
2016-02-09,63.22999954223633,64.66999816894531,62.720001220703125,63.810001373291016,48.99210739135742,425800
2016-02-10,64.16000366210938,65.04000091552734,64.11000061035156,64.88999938964844,49.8213005065918,312800
2016-02-11,63.84000015258789,65.48999786376953,63.84000015258789,64.93000030517578,49.852020263671875,601100
2016-02-12,65.5,65.5999984741211,64.55000305175781,65.44999694824219,50.25126647949219,345700
2016-02-16,66.0,66.0,65.05999755859375,65.77999877929688,50.504638671875,472800
2016-02-17,66.05000305175781,66.66999816894531,65.8499984741211,66.23999786376953,50.857810974121094,375900
2016-02-18,66.25,66.33999633789062,65.58000183105469,66.11000061035156,50.75799560546875,535200
2016-02-19,65.98999786376953,66.7699966430664,65.72000122070312,66.55999755859375,51.10349655151367,286400
2016-02-22,67.0199966430664,68.12999725341797,66.73999786376953,67.51000213623047,51.8328971862793,335500
2016-02-23,67.0,67.43000030517578,65.79000091552734,65.80999755859375,50.88191223144531,268700
2016-02-24,65.33000183105469,68.08000183105469,65.01000213623047,67.9800033569336,52.55965805053711,419500
2016-02-25,68.05999755859375,69.06999969482422,67.87999725341797,69.02999877929688,53.37150192260742,244600
2016-02-26,69.23999786376953,69.37000274658203,68.73999786376953,69.11000061035156,53.433353424072266,356400
2016-02-29,69.11000061035156,69.41999816894531,68.48999786376953,69.0199966430664,53.363765716552734,349500
2016-03-01,69.4000015258789,70.26000213623047,69.0999984741211,70.05999755859375,54.16786193847656,442300
2016-03-02,69.88999938964844,70.6500015258789,69.1500015258789,70.63999938964844,54.616294860839844,300500
2016-03-03,70.4000015258789,70.58999633789062,69.69000244140625,70.41999816894531,54.446197509765625,249500
2016-03-04,70.55000305175781,71.55999755859375,70.1500015258789,70.7699966430664,54.716793060302734,441200
2016-03-07,70.80000305175781,71.22000122070312,69.95999908447266,70.1500015258789,54.23744201660156,246300
2016-03-08,69.94000244140625,70.66999816894531,69.5,70.3499984741211,54.39207458496094,227100
2016-03-09,70.86000061035156,72.94999694824219,70.62999725341797,72.94000244140625,56.394561767578125,672500
2016-03-10,73.01000213623047,73.3499984741211,72.48999786376953,72.88999938964844,56.35591125488281,377000
2016-03-11,73.37999725341797,73.79000091552734,72.7699966430664,73.37000274658203,56.72702407836914,336900
2016-03-14,73.11000061035156,73.63999938964844,72.77999877929688,73.45999908447266,56.7966194152832,375700
2016-03-15,72.9000015258789,73.8499984741211,72.62999725341797,72.87999725341797,56.34817886352539,238200
2016-03-16,72.87999725341797,73.12999725341797,72.47000122070312,72.68000030517578,56.19354248046875,518700
2016-03-17,72.80000305175781,73.58000183105469,72.80000305175781,73.31999969482422,56.6883659362793,422900
2016-03-18,73.05999755859375,73.33999633789062,72.4000015258789,72.4000015258789,55.97705078125,539900
2016-03-21,72.69000244140625,74.61000061035156,72.31999969482422,74.05999755859375,57.2605094909668,496100
2016-03-22,72.0,72.97000122070312,71.7300033569336,72.79000091552734,56.27859115600586,455200
2016-03-23,72.62999725341797,72.93000030517578,72.11000061035156,72.37999725341797,55.96158981323242,231800
2016-03-24,72.13999938964844,72.61000061035156,71.9000015258789,72.61000061035156,56.1394157409668,172900
2016-03-28,72.68000030517578,72.97000122070312,72.44000244140625,72.5199966430664,56.06983184814453,188800
2016-03-29,72.47000122070312,74.58999633789062,72.47000122070312,74.4800033569336,57.58523941040039,403000
2016-03-30,75.02999877929688,75.12999725341797,73.44999694824219,74.1500015258789,57.330101013183594,326200
2016-03-31,73.9800033569336,74.4800033569336,72.7300033569336,72.7699966430664,56.263118743896484,325800
2016-04-01,72.62000274658203,73.08000183105469,72.33999633789062,73.01000213623047,56.44868850708008,521100
2016-04-04,73.06999969482422,73.08999633789062,71.83000183105469,71.97000122070312,55.64458465576172,307500
2016-04-05,71.41000366210938,71.86000061035156,71.01000213623047,71.1500015258789,55.01060485839844,379800
2016-04-06,71.25,72.08999633789062,71.13999938964844,71.97000122070312,55.64458465576172,302200
2016-04-07,71.58000183105469,71.86000061035156,71.05000305175781,71.20999908447266,55.0569953918457,281700
2016-04-08,71.54000091552734,71.87000274658203,71.0,71.75,55.47450637817383,356800
2016-04-11,72.0,72.33999633789062,71.44000244140625,71.98999786376953,55.660064697265625,381700
2016-04-12,72.0999984741211,72.23999786376953,71.47000122070312,71.86000061035156,55.55953598022461,445900
2016-04-13,72.25,72.33999633789062,71.43000030517578,72.25,55.861080169677734,452600
2016-04-14,72.22000122070312,72.30000305175781,71.16000366210938,71.41000366210938,55.21161651611328,297800
2016-04-15,71.45999908447266,71.97000122070312,71.0999984741211,71.9000015258789,55.59047317504883,294900
2016-04-18,71.48999786376953,72.16999816894531,71.33000183105469,72.08999633789062,55.737361907958984,312900
2016-04-19,72.37000274658203,72.5999984741211,71.94999694824219,72.5199966430664,56.06983184814453,318600
2016-04-20,72.5999984741211,73.16000366210938,72.5,72.5999984741211,56.131675720214844,231500
2016-04-21,72.81999969482422,72.81999969482422,71.11000061035156,71.16000366210938,55.018333435058594,329900
2016-04-22,71.02999877929688,71.37000274658203,70.43000030517578,71.12999725341797,54.995140075683594,216100
2016-04-25,70.87999725341797,71.80999755859375,70.75,71.6500015258789,55.39717483520508,303800
2016-04-26,71.63999938964844,71.97000122070312,71.22000122070312,71.79000091552734,55.50541687011719,211900
2016-04-27,71.69999694824219,72.06999969482422,71.08999633789062,71.55999755859375,55.32758712768555,205700
2016-04-28,71.05999755859375,72.02999877929688,70.76000213623047,71.1500015258789,55.01060485839844,225700
2016-04-29,70.9000015258789,71.05999755859375,70.37999725341797,70.77999877929688,54.72452926635742,397400
2016-05-02,70.80999755859375,72.91000366210938,70.80999755859375,72.4000015258789,55.97705078125,684200
2016-05-03,70.98999786376953,71.0,68.51000213623047,68.58000183105469,53.0235595703125,908500
2016-05-04,68.31999969482422,69.8499984741211,67.80999755859375,69.62000274658203,53.82767105102539,644800
2016-05-05,69.7300033569336,69.83000183105469,68.0999984741211,68.12000274658203,52.66790771484375,441700
2016-05-06,67.9800033569336,68.45999908447266,67.29000091552734,68.18000030517578,52.714290618896484,249100
2016-05-09,68.02999877929688,68.36000061035156,67.51000213623047,67.81999969482422,52.43595886230469,405200
2016-05-10,68.25,68.25,67.55000305175781,68.12999725341797,52.67563247680664,527200
2016-05-11,68.02999877929688,68.16999816894531,67.22000122070312,67.29000091552734,52.026180267333984,417400
2016-05-12,67.70999908447266,68.12999725341797,66.63999938964844,66.83000183105469,51.67052459716797,637400
2016-05-13,66.83000183105469,67.72000122070312,66.37999725341797,66.94000244140625,51.75558090209961,403100
2016-05-16,66.93000030517578,67.93000030517578,66.69999694824219,67.70999908447266,52.35090255737305,257700
2016-05-17,67.5199966430664,68.05000305175781,67.11000061035156,67.33999633789062,52.064849853515625,495300
2016-05-18,67.04000091552734,67.43000030517578,66.4000015258789,66.68000030517578,51.55455780029297,392900
2016-05-19,66.55000305175781,66.95999908447266,66.0199966430664,66.75,51.608673095703125,224500
2016-05-20,67.08000183105469,67.95999908447266,66.66000366210938,66.97000122070312,51.77878189086914,315400
2016-05-23,66.87000274658203,68.20999908447266,66.54000091552734,67.70999908447266,52.35090255737305,342100
2016-05-24,68.05999755859375,69.31999969482422,67.91999816894531,69.04000091552734,53.37922286987305,735700
2016-05-25,68.8499984741211,69.30000305175781,68.62999725341797,69.05999755859375,53.76066207885742,400700
2016-05-26,68.93000030517578,69.43000030517578,68.9000015258789,69.16999816894531,53.84629821777344,264300
2016-05-27,68.97000122070312,69.87000274658203,68.97000122070312,69.45999908447266,54.07206726074219,428700
2016-05-31,69.68000030517578,69.80000305175781,69.31999969482422,69.5,54.103187561035156,714000
2016-06-01,69.5,69.86000061035156,69.3499984741211,69.8499984741211,54.37565994262695,437300
2016-06-02,69.68000030517578,70.06999969482422,69.47000122070312,70.02999877929688,54.515777587890625,350500
2016-06-03,69.80000305175781,70.27999877929688,69.58000183105469,70.01000213623047,54.50020980834961,174300
2016-06-06,70.04000091552734,70.55000305175781,69.91000366210938,70.44999694824219,54.84272384643555,284000
2016-06-07,70.6500015258789,70.81999969482422,70.38999938964844,70.54000091552734,54.91278839111328,161200
2016-06-08,70.38999938964844,70.83000183105469,69.12000274658203,69.33999633789062,53.9786262512207,478200
2016-06-09,68.91999816894531,69.12000274658203,68.55000305175781,68.79000091552734,53.55048751831055,173400
2016-06-10,68.30000305175781,68.83999633789062,68.06999969482422,68.79000091552734,53.55048751831055,193200
2016-06-13,68.66999816894531,68.95999908447266,67.30000305175781,67.30000305175781,52.39057540893555,367800
2016-06-14,67.04000091552734,67.2699966430664,66.26000213623047,66.56999969482422,51.822288513183594,399500
2016-06-15,66.87999725341797,67.08999633789062,66.47000122070312,66.75,51.9624137878418,193700
2016-06-16,66.4000015258789,67.41000366210938,66.20999908447266,67.33999633789062,52.421714782714844,255300
2016-06-17,67.06999969482422,67.41000366210938,66.58999633789062,67.12999725341797,52.25823211669922,305000
2016-06-20,67.7300033569336,68.4800033569336,67.7300033569336,68.22000122070312,53.10675811767578,217400
2016-06-21,68.22000122070312,68.58000183105469,67.80000305175781,68.12999725341797,53.03670120239258,181600
2016-06-22,68.1500015258789,68.5,67.75,67.97000122070312,52.91215133666992,199500
2016-06-23,68.30999755859375,69.37999725341797,68.27999877929688,69.12999725341797,53.81515121459961,383100
2016-06-24,66.83000183105469,68.05999755859375,66.4800033569336,67.08000183105469,52.21931076049805,491900
2016-06-27,66.33999633789062,66.80000305175781,65.80000305175781,66.62999725341797,51.86900329589844,389300
2016-06-28,67.08999633789062,67.87999725341797,66.52999877929688,67.83999633789062,52.810935974121094,365500
2016-06-29,68.18000030517578,69.05999755859375,68.13999938964844,68.87999725341797,53.62055587768555,222100
2016-06-30,68.86000061035156,69.94000244140625,67.7699966430664,69.91000366210938,54.422367095947266,553500
2016-07-01,69.88999938964844,70.4800033569336,69.41000366210938,69.5999984741211,54.18103790283203,374400
2016-07-05,69.19000244140625,69.51000213623047,68.23999786376953,68.61000061035156,53.41035842895508,567000
2016-07-06,68.54000091552734,69.7699966430664,68.5,69.7699966430664,54.31337356567383,614000
2016-07-07,69.86000061035156,72.33999633789062,69.77999877929688,72.30999755859375,56.290672302246094,546400
2016-07-08,73.08999633789062,74.2300033569336,73.05999755859375,74.0999984741211,57.68413162231445,442600
2016-07-11,74.30999755859375,74.73999786376953,73.76000213623047,74.4000015258789,57.91766357421875,375800
2016-07-12,74.91000366210938,75.0199966430664,74.19999694824219,74.2699966430664,57.816463470458984,413900
2016-07-13,74.22000122070312,74.26000213623047,73.55999755859375,73.7300033569336,57.39609146118164,424400
2016-07-14,74.08000183105469,74.41000366210938,73.80000305175781,74.08000183105469,57.66853332519531,325000
2016-07-15,74.37000274658203,74.80999755859375,73.69999694824219,74.45999908447266,57.96437072753906,297000
2016-07-18,74.44000244140625,74.80000305175781,73.69000244140625,74.4800033569336,57.979942321777344,355200
2016-07-19,74.31999969482422,74.48999786376953,73.5999984741211,73.75,57.411659240722656,279400
2016-07-20,73.94999694824219,74.22000122070312,73.94999694824219,74.08999633789062,57.67632293701172,278300
2016-07-21,73.69000244140625,74.25,73.37999725341797,73.5999984741211,57.29487228393555,249200
2016-07-22,73.61000061035156,74.66000366210938,73.33000183105469,74.4800033569336,57.979942321777344,170600
2016-07-25,74.5999984741211,75.33999633789062,74.44999694824219,75.04000091552734,58.4158935546875,355500
2016-07-26,75.0,75.7300033569336,74.94999694824219,75.25,58.579349517822266,316800
2016-07-27,75.47000122070312,75.56999969482422,74.63999938964844,74.69999694824219,58.151214599609375,389000
2016-07-28,74.45999908447266,75.36000061035156,74.45999908447266,74.80999755859375,58.23683166503906,453500
2016-07-29,74.7300033569336,74.7300033569336,73.62000274658203,73.75,57.411659240722656,433400
2016-08-01,73.63999938964844,74.52999877929688,73.12999725341797,74.22000122070312,57.77753829956055,399500
2016-08-02,74.16999816894531,74.38999938964844,73.30000305175781,73.66999816894531,57.34937286376953,521700
2016-08-03,75.80000305175781,78.62999725341797,74.54000091552734,78.02999877929688,60.74348068237305,850900
2016-08-04,78.51000213623047,80.13999938964844,78.51000213623047,79.3499984741211,61.771060943603516,1132500
2016-08-05,79.54000091552734,80.25,79.41000366210938,79.55999755859375,61.93452072143555,683000
2016-08-08,79.94999694824219,82.5199966430664,79.73999786376953,82.5199966430664,64.23878479003906,1331500
2016-08-09,82.47000122070312,82.94000244140625,82.01000213623047,82.23999786376953,64.02080535888672,667700
2016-08-10,82.16000366210938,82.83000183105469,82.06999969482422,82.25,64.02859497070312,637700
2016-08-11,82.47000122070312,82.56999969482422,81.69000244140625,82.20999908447266,63.99745178222656,519900
2016-08-12,82.16999816894531,83.26000213623047,81.98999786376953,82.52999877929688,64.24658966064453,509500
2016-08-15,82.52999877929688,83.08999633789062,82.52999877929688,82.83000183105469,64.48011779785156,292500
2016-08-16,82.72000122070312,83.16999816894531,82.5,82.51000213623047,64.23101043701172,358400
2016-08-17,82.58999633789062,82.61000061035156,81.62000274658203,81.77999877929688,63.662723541259766,340300
2016-08-18,82.12999725341797,82.12999725341797,81.18000030517578,81.83999633789062,63.70941925048828,364300
2016-08-19,81.55000305175781,82.87999725341797,81.19999694824219,82.58000183105469,64.28549194335938,304500
2016-08-22,82.5999984741211,82.5999984741211,82.08000183105469,82.43000030517578,64.1687240600586,173800
2016-08-23,82.83000183105469,83.13999938964844,82.37999725341797,82.48999786376953,64.21544647216797,230500
2016-08-24,81.75,82.06999969482422,81.52999877929688,81.73999786376953,64.01960754394531,363100
2016-08-25,81.58000183105469,81.9000015258789,81.3499984741211,81.69999694824219,63.98828125,262300
2016-08-26,81.94999694824219,81.94999694824219,80.98999786376953,81.30999755859375,63.68284606933594,225900
2016-08-29,81.52999877929688,82.2300033569336,81.52999877929688,81.69999694824219,63.98828125,199700
2016-08-30,81.72000122070312,82.6500015258789,81.70999908447266,82.58000183105469,64.67753601074219,351800
2016-08-31,82.66999816894531,82.91999816894531,81.83999633789062,82.80000305175781,64.8498306274414,321900
2016-09-01,82.5,82.91999816894531,82.37000274658203,82.58000183105469,64.67753601074219,286900
2016-09-02,83.0199966430664,83.11000061035156,82.18000030517578,83.06999969482422,65.0613021850586,268900
2016-09-06,83.4800033569336,83.58999633789062,82.58999633789062,82.86000061035156,64.89681243896484,340200
2016-09-07,82.83999633789062,82.83999633789062,81.87999725341797,82.47000122070312,64.59137725830078,332900
2016-09-08,82.0999984741211,82.5199966430664,81.66000366210938,81.68000030517578,63.972625732421875,281200
2016-09-09,81.06999969482422,81.06999969482422,79.31999969482422,79.31999969482422,62.124267578125,388000
2016-09-12,79.11000061035156,80.66999816894531,78.7300033569336,80.55000305175781,63.0876350402832,670200
2016-09-13,80.05000305175781,80.36000061035156,79.3499984741211,79.63999938964844,62.374881744384766,248000
2016-09-14,79.79000091552734,79.9800033569336,79.33000183105469,79.73999786376953,62.45319747924805,299900
2016-09-15,80.0199966430664,80.56999969482422,79.61000061035156,80.22000122070312,62.82914352416992,170800
2016-09-16,79.61000061035156,80.36000061035156,79.51000213623047,79.80999755859375,62.508033752441406,350400
2016-09-19,80.02999877929688,80.58000183105469,79.6500015258789,80.3499984741211,62.93096160888672,240500
2016-09-20,80.69000244140625,81.11000061035156,80.54000091552734,80.66000366210938,63.173744201660156,240000
2016-09-21,80.97000122070312,81.43000030517578,80.68000030517578,81.2699966430664,63.65153503417969,242000
2016-09-22,81.8499984741211,82.54000091552734,81.73999786376953,82.26000213623047,64.42689514160156,256400
2016-09-23,82.18000030517578,82.4800033569336,81.58000183105469,81.5999984741211,63.909969329833984,189700
2016-09-26,81.5,82.13999938964844,81.5,81.76000213623047,64.03528594970703,206900
2016-09-27,81.86000061035156,83.05000305175781,81.5,83.0199966430664,65.02212524414062,249300
2016-09-28,83.3499984741211,83.66999816894531,82.87999725341797,83.62000274658203,65.4920654296875,232300
2016-09-29,83.55000305175781,83.7300033569336,82.12999725341797,82.37999725341797,64.5208969116211,205800
2016-09-30,82.70999908447266,83.47000122070312,82.30999755859375,83.2699966430664,65.21794128417969,346700
2016-10-03,83.12000274658203,83.19000244140625,82.51000213623047,83.08000183105469,65.06912231445312,389400
2016-10-04,83.05999755859375,83.56999969482422,82.81999969482422,83.02999877929688,65.02998352050781,351400
2016-10-05,83.12999725341797,83.45999908447266,82.81999969482422,82.94999694824219,64.96730041503906,357100
2016-10-06,82.6500015258789,84.16000366210938,82.48999786376953,84.05999755859375,65.836669921875,446300
2016-10-07,84.05000305175781,84.13999938964844,83.08000183105469,83.4800033569336,65.38239288330078,270700
2016-10-10,84.0,84.44999694824219,84.0,84.19000244140625,65.93850708007812,338100
2016-10-11,84.04000091552734,84.04000091552734,83.06999969482422,83.55000305175781,65.4372329711914,323400
2016-10-12,83.55000305175781,86.08000183105469,83.43000030517578,85.37000274658203,66.86267852783203,824700
2016-10-13,85.08000183105469,86.2699966430664,84.6500015258789,85.58999633789062,67.03495788574219,782100
2016-10-14,87.0,87.0,85.7699966430664,85.80000305175781,67.19945526123047,449900
2016-10-17,86.4800033569336,86.75,85.9000015258789,86.04000091552734,67.38744354248047,349100
2016-10-18,86.5999984741211,86.86000061035156,86.33999633789062,86.63999938964844,67.85735321044922,413300
2016-10-19,86.80000305175781,87.01000213623047,86.51000213623047,87.01000213623047,68.14714813232422,274900
2016-10-20,87.4000015258789,88.86000061035156,87.08000183105469,88.54000091552734,69.34545135498047,654700
2016-10-21,88.33000183105469,88.70999908447266,88.08000183105469,88.62999725341797,69.41595458984375,347600
2016-10-24,89.43000030517578,89.43000030517578,88.4800033569336,88.66000366210938,69.43944549560547,255800
2016-10-25,88.51000213623047,88.55000305175781,87.76000213623047,88.08000183105469,68.98518371582031,275100
2016-10-26,88.27999877929688,88.94000244140625,87.87999725341797,88.62000274658203,69.40811157226562,490400
2016-10-27,89.0,89.0999984741211,87.6500015258789,88.0,68.92253112792969,609400
2016-10-28,87.94999694824219,88.9000015258789,87.79000091552734,88.2699966430664,69.13398742675781,574600
2016-10-31,88.5199966430664,88.76000213623047,87.9800033569336,88.08999633789062,68.99301147460938,384600
2016-11-01,88.25,88.37999725341797,86.55999755859375,87.44000244140625,68.4839096069336,600700
2016-11-02,87.44000244140625,87.98999786376953,86.51000213623047,86.9000015258789,68.06100463867188,962000
2016-11-03,89.52999877929688,89.9800033569336,88.5,88.66999816894531,69.44725036621094,1302000
2016-11-04,88.69000244140625,89.19999694824219,86.94000244140625,87.36000061035156,68.42124938964844,715000
2016-11-07,88.66000366210938,88.73999786376953,87.58000183105469,88.6500015258789,69.4316177368164,512400
2016-11-08,88.69000244140625,89.94000244140625,88.52999877929688,89.1500015258789,69.82319641113281,1680300
2016-11-09,90.38999938964844,91.66000366210938,89.62999725341797,90.44999694824219,70.84136962890625,1544400
2016-11-10,91.18000030517578,91.25,83.97000122070312,84.25,65.98548889160156,1766500
2016-11-11,84.3499984741211,85.08999633789062,83.51000213623047,84.94999694824219,66.53372955322266,871000
2016-11-14,86.29000091552734,86.94999694824219,85.41999816894531,86.94000244140625,68.0923080444336,764700
2016-11-15,87.06999969482422,87.6500015258789,86.33999633789062,86.88999938964844,68.05314636230469,571300
2016-11-16,86.79000091552734,87.76000213623047,86.79000091552734,87.66000366210938,68.6562271118164,311300
2016-11-17,88.0,88.38999938964844,87.41999816894531,88.16000366210938,69.04784393310547,344800
2016-11-18,88.20999908447266,88.33999633789062,87.52999877929688,88.13999938964844,69.03218078613281,279700
2016-11-21,88.5,89.29000091552734,88.16999816894531,88.38999938964844,69.22796630859375,419300
2016-11-22,88.54000091552734,90.25,88.4000015258789,90.16000366210938,71.01597595214844,431000
2016-11-23,89.87999725341797,90.48999786376953,89.62999725341797,90.20999908447266,71.05534362792969,305100
2016-11-25,90.33000183105469,91.04000091552734,90.26000213623047,90.44999694824219,71.24441528320312,147300
2016-11-28,90.43000030517578,90.62999725341797,89.81999969482422,90.16999816894531,71.02386474609375,246100
2016-11-29,90.02999877929688,91.95999908447266,90.01000213623047,91.61000061035156,72.15809631347656,578300
2016-11-30,92.11000061035156,93.0,91.19999694824219,91.2699966430664,71.8902816772461,610500
2016-12-01,91.33000183105469,91.58000183105469,89.70999908447266,90.33999633789062,71.15774536132812,425000
2016-12-02,90.51000213623047,91.1500015258789,90.01000213623047,91.11000061035156,71.76423645019531,414400
2016-12-05,91.73999786376953,91.93000030517578,90.41999816894531,91.08000183105469,71.74061584472656,313800
2016-12-06,91.3499984741211,91.3499984741211,90.0999984741211,90.83000183105469,71.543701171875,318300
2016-12-07,91.0,93.0,91.0,92.83999633789062,73.1269302368164,447200
2016-12-08,95.26000213623047,98.5999984741211,94.95999908447266,96.86000061035156,76.29336547851562,3138000
2016-12-09,97.1500015258789,97.5,95.41999816894531,96.0,75.61595153808594,817800
2016-12-12,96.0999984741211,98.81999969482422,95.26000213623047,96.0,75.61595153808594,480800
2016-12-13,95.9000015258789,96.25,94.76000213623047,95.4000015258789,75.14331817626953,660200
2016-12-14,95.48999786376953,95.77999877929688,94.2699966430664,94.73999786376953,74.62348175048828,616100
2016-12-15,94.6500015258789,95.9800033569336,94.12000274658203,95.41000366210938,75.15121459960938,389500
2016-12-16,95.4000015258789,95.55000305175781,94.80000305175781,94.98999786376953,74.82042694091797,681600
2016-12-19,95.30000305175781,95.91999816894531,94.26000213623047,95.36000061035156,75.11184692382812,328800
2016-12-20,95.01000213623047,95.55999755859375,94.26000213623047,95.1500015258789,74.94642639160156,571000
2016-12-21,95.31999969482422,96.30000305175781,95.26000213623047,95.9800033569336,75.6001968383789,441900
2016-12-22,96.0,96.1500015258789,95.01000213623047,95.83000183105469,75.48204040527344,289600
2016-12-23,95.63999938964844,96.12000274658203,95.12000274658203,95.98999786376953,75.6080551147461,200300
2016-12-27,96.0199966430664,96.30000305175781,95.29000091552734,95.70999908447266,75.38753509521484,242400
2016-12-28,95.70999908447266,95.8499984741211,94.3499984741211,94.86000061035156,74.71800231933594,334900
2016-12-29,95.0,95.30999755859375,94.38999938964844,94.75,74.6313705444336,288000
2016-12-30,94.63999938964844,95.66999816894531,94.43000030517578,95.55000305175781,75.2614974975586,379100
2017-01-03,96.29000091552734,96.37999725341797,94.43000030517578,94.80000305175781,74.67076110839844,355100
2017-01-04,95.18000030517578,96.27999877929688,94.83999633789062,96.08000183105469,75.67897033691406,369000
2017-01-05,96.0199966430664,96.30000305175781,95.30000305175781,95.93000030517578,75.56082153320312,280100
2017-01-06,96.2300033569336,96.3499984741211,95.37000274658203,96.0199966430664,75.6316909790039,344800
2017-01-09,95.9000015258789,96.19999694824219,94.55999755859375,94.69999694824219,74.59196472167969,407100
2017-01-10,94.62999725341797,95.23999786376953,93.80000305175781,94.81999969482422,74.68649291992188,392500
2017-01-11,93.73999786376953,93.94999694824219,92.48999786376953,93.30000305175781,73.48924255371094,675000
2017-01-12,92.91000366210938,93.27999877929688,92.44999694824219,92.94000244140625,73.20570373535156,326100
2017-01-13,93.13999938964844,93.51000213623047,92.83000183105469,93.23999786376953,73.44200897216797,343900
2017-01-17,93.25,93.25,92.37999725341797,93.05999755859375,73.3001937866211,653200
2017-01-18,93.58999633789062,94.55999755859375,93.06999969482422,94.5199966430664,74.4501953125,432800
2017-01-19,94.83000183105469,95.30999755859375,93.19000244140625,93.54000091552734,73.67826843261719,293300
2017-01-20,93.77999877929688,94.93000030517578,93.77999877929688,94.25,74.2375259399414,254800
2017-01-23,94.4800033569336,95.27999877929688,94.25,94.77999877929688,74.65498352050781,402900
2017-01-24,95.33000183105469,95.58999633789062,94.81999969482422,95.38999938964844,75.13546752929688,355900
2017-01-25,95.7699966430664,95.9000015258789,94.94000244140625,95.0,74.82829284667969,344700
2017-01-26,95.30000305175781,95.30000305175781,93.91000366210938,94.0999984741211,74.11937713623047,446700
2017-01-27,94.2699966430664,94.45999908447266,93.5,94.02999877929688,74.06425476074219,352200
2017-01-30,94.05000305175781,94.25,92.73999786376953,92.9800033569336,73.2371826171875,567800
2017-01-31,95.0,95.54000091552734,91.86000061035156,91.97000122070312,72.4416732788086,1645600
2017-02-01,92.55000305175781,92.55999755859375,89.80999755859375,90.94000244140625,71.63036346435547,1091500
2017-02-02,90.79000091552734,91.20999908447266,88.72000122070312,89.36000061035156,70.38583374023438,871400
2017-02-03,89.5,90.41999816894531,88.61000061035156,90.08000183105469,70.95297241210938,917200
2017-02-06,89.66000366210938,90.81999969482422,89.25,90.29000091552734,71.11840057373047,611500
2017-02-07,90.44000244140625,91.12000274658203,90.05999755859375,90.9000015258789,71.59883880615234,602800
2017-02-08,90.8499984741211,91.91999816894531,90.6500015258789,91.55000305175781,72.11083984375,536900
2017-02-09,91.55000305175781,91.63999938964844,90.9000015258789,91.31999969482422,71.9296646118164,607800
2017-02-10,91.61000061035156,92.66000366210938,91.5199966430664,92.48999786376953,72.85122680664062,380200
2017-02-13,92.61000061035156,93.08999633789062,91.69000244140625,91.87000274658203,72.36287689208984,612000
2017-02-14,91.95999908447266,93.81999969482422,91.52999877929688,93.44999694824219,73.60740661621094,534900
2017-02-15,93.69999694824219,94.9800033569336,93.5,94.41999816894531,74.37142181396484,535800
2017-02-16,94.41999816894531,94.9000015258789,93.7300033569336,93.98999786376953,74.03274536132812,444600
2017-02-17,94.05000305175781,94.33000183105469,93.41000366210938,93.91000366210938,73.96973419189453,416900
2017-02-21,94.58000183105469,95.06999969482422,94.25,94.79000091552734,74.66287231445312,549300
2017-02-22,94.66000366210938,95.04000091552734,93.54000091552734,93.95999908447266,74.40156555175781,568300
2017-02-23,94.44999694824219,94.45999908447266,92.55999755859375,92.58999633789062,73.31674194335938,492300
2017-02-24,91.77999877929688,92.36000061035156,90.20999908447266,90.9800033569336,72.0418472290039,905000
2017-02-27,90.98999786376953,91.23999786376953,89.93000030517578,90.27999877929688,71.4875717163086,438800
2017-02-28,90.29000091552734,90.77999877929688,90.04000091552734,90.62999725341797,71.76473236083984,614100
2017-03-01,91.30999755859375,92.66999816894531,91.30999755859375,92.29000091552734,73.07917022705078,426300
2017-03-02,92.4000015258789,92.52999877929688,90.69000244140625,91.19999694824219,72.21607208251953,488000
2017-03-03,91.05999755859375,91.62999725341797,90.6500015258789,91.43000030517578,72.39820098876953,328100
2017-03-06,90.93000030517578,91.41000366210938,90.58999633789062,91.0999984741211,72.13689422607422,276600
2017-03-07,91.0999984741211,91.69000244140625,90.79000091552734,91.13999938964844,72.16857147216797,358800
2017-03-08,91.19000244140625,91.76000213623047,90.9000015258789,91.08000183105469,72.12104797363281,279400
2017-03-09,91.05000305175781,91.47000122070312,90.51000213623047,90.66000366210938,71.78848266601562,201600
2017-03-10,91.16999816894531,91.9000015258789,90.9800033569336,91.83000183105469,72.71492767333984,309700
2017-03-13,91.83000183105469,92.25,91.38999938964844,91.55999755859375,72.5011215209961,228000
2017-03-14,91.25,91.6500015258789,90.9800033569336,91.3499984741211,72.33483123779297,244400
2017-03-15,91.7699966430664,92.80000305175781,91.5,92.38999938964844,73.15837097167969,330600
2017-03-16,92.7699966430664,92.7699966430664,91.83999633789062,92.02999877929688,72.87332153320312,184600
2017-03-17,92.0,92.33999633789062,91.87999725341797,92.2300033569336,73.03168487548828,502600
2017-03-20,92.5,92.6500015258789,91.76000213623047,92.13999938964844,72.96041107177734,329800
2017-03-21,92.2699966430664,92.2699966430664,90.62999725341797,90.91999816894531,71.99434661865234,334600
2017-03-22,90.93000030517578,91.95999908447266,90.54000091552734,91.94999694824219,72.80995178222656,277500
2017-03-23,91.80000305175781,92.9800033569336,91.69000244140625,92.25,73.04753875732422,254800
2017-03-24,92.66000366210938,93.94000244140625,92.20999908447266,92.6500015258789,73.3642349243164,463700
2017-03-27,91.80999755859375,92.38999938964844,90.98999786376953,91.66000366210938,72.58031463623047,331400
2017-03-28,91.6500015258789,93.3499984741211,91.41000366210938,93.06999969482422,73.69682312011719,379700
2017-03-29,92.8499984741211,93.41999816894531,92.5,93.36000061035156,73.92646789550781,264500
2017-03-30,93.38999938964844,93.73999786376953,93.08999633789062,93.1500015258789,73.76016998291016,333600
2017-03-31,92.83000183105469,93.6500015258789,92.83000183105469,93.38999938964844,73.95021057128906,266500
2017-04-03,93.54000091552734,93.88999938964844,92.55999755859375,93.25,73.83937072753906,475900
2017-04-04,93.12000274658203,93.36000061035156,92.51000213623047,92.7699966430664,73.45926666259766,295700
2017-04-05,92.94999694824219,94.06999969482422,91.83000183105469,92.05000305175781,72.88916015625,451700
2017-04-06,92.51000213623047,94.11000061035156,91.94999694824219,93.72000122070312,74.2115249633789,301000
2017-04-07,93.51000213623047,94.36000061035156,93.16000366210938,93.33999633789062,73.91058349609375,263000
2017-04-10,93.58999633789062,94.18000030517578,93.4000015258789,93.83000183105469,74.29862213134766,221800
2017-04-11,93.66000366210938,94.23999786376953,93.0,94.11000061035156,74.52033996582031,315000
2017-04-12,94.08999633789062,94.43000030517578,93.30000305175781,93.58000183105469,74.1006851196289,359700
2017-04-13,93.70999908447266,94.36000061035156,93.2300033569336,93.44000244140625,73.98980712890625,317200
2017-04-17,94.16000366210938,94.66000366210938,93.44999694824219,94.61000061035156,74.91625213623047,220700
2017-04-18,94.81999969482422,95.38999938964844,94.0199966430664,95.33000183105469,75.48640441894531,247000
2017-04-19,95.69000244140625,96.66000366210938,95.5999984741211,96.31999969482422,76.27031707763672,410600
2017-04-20,96.68000030517578,97.44999694824219,96.31999969482422,96.88999938964844,76.72164154052734,522200
2017-04-21,97.0,97.06999969482422,95.9000015258789,96.75,76.6108169555664,430200
2017-04-24,97.29000091552734,97.5,96.56999969482422,96.95999908447266,76.77708435058594,523400
2017-04-25,97.31999969482422,97.31999969482422,96.83000183105469,97.12000274658203,76.90380096435547,435700
2017-04-26,97.08999633789062,97.23999786376953,96.61000061035156,96.95999908447266,76.77708435058594,397600
2017-04-27,97.0,97.4000015258789,96.75,97.0,76.80875396728516,578900
2017-04-28,97.18000030517578,97.18000030517578,96.1500015258789,96.5999984741211,76.49201202392578,269500
2017-05-01,96.7300033569336,97.33000183105469,95.75,97.0999984741211,76.88794708251953,496700
2017-05-02,93.19999694824219,94.7699966430664,91.1500015258789,91.2300033569336,72.23985290527344,1424100
2017-05-03,91.01000213623047,91.26000213623047,87.83000183105469,88.80000305175781,70.31566619873047,1187200
2017-05-04,88.80999755859375,90.05000305175781,88.54000091552734,88.91999816894531,70.41067504882812,581600
2017-05-05,89.18000030517578,90.80000305175781,89.01000213623047,90.1500015258789,71.3846435546875,573200
2017-05-08,90.19999694824219,90.30000305175781,89.27999877929688,89.56999969482422,70.92536163330078,494900
2017-05-09,89.55000305175781,89.75,88.37999725341797,89.12000274658203,70.56903076171875,496800
2017-05-10,89.13999938964844,90.02999877929688,88.55999755859375,89.93000030517578,71.21044158935547,387800
2017-05-11,89.48999786376953,89.58000183105469,87.02999877929688,87.25,69.08831024169922,673400
2017-05-12,87.25,87.69000244140625,86.6500015258789,87.20999908447266,69.05663299560547,576800
2017-05-15,87.5,88.7699966430664,87.20999908447266,87.7699966430664,69.50003814697266,571700
2017-05-16,87.66999816894531,88.0199966430664,87.22000122070312,87.56999969482422,69.34166717529297,480200
2017-05-17,87.56999969482422,87.80999755859375,86.47000122070312,87.44000244140625,69.23872375488281,440600
2017-05-18,87.04000091552734,87.80000305175781,86.9000015258789,87.33000183105469,69.15164947509766,352800
2017-05-19,87.62000274658203,88.73999786376953,87.29000091552734,88.0999984741211,69.7613525390625,362000
2017-05-22,88.80999755859375,88.80999755859375,87.80000305175781,87.91000366210938,69.61091613769531,331800
2017-05-23,88.36000061035156,88.93000030517578,87.12999725341797,88.4000015258789,69.9989242553711,390300
2017-05-24,87.95999908447266,88.4000015258789,87.0199966430664,87.75,69.87947082519531,320300
2017-05-25,87.95999908447266,89.0199966430664,87.69000244140625,88.83000183105469,70.73953247070312,392400
2017-05-26,88.83999633789062,88.83999633789062,87.41999816894531,88.05000305175781,70.11836242675781,305000
2017-05-30,88.04000091552734,88.05000305175781,86.37999725341797,86.58000183105469,68.94774627685547,847500
2017-05-31,87.12999725341797,87.12999725341797,86.06999969482422,86.61000061035156,68.97164154052734,422500
2017-06-01,86.94999694824219,88.01000213623047,86.4000015258789,88.01000213623047,70.08650970458984,434700
2017-06-02,88.12000274658203,88.62999725341797,87.58000183105469,87.62999725341797,69.78388977050781,302300
2017-06-05,87.63999938964844,87.91000366210938,86.16999816894531,86.33000183105469,68.74866485595703,475300
2017-06-06,86.12000274658203,86.33000183105469,83.30999755859375,84.37000274658203,67.18780517578125,1009100
2017-06-07,84.52999877929688,85.08000183105469,83.45999908447266,84.87999725341797,67.59394836425781,857800
2017-06-08,84.41999816894531,84.48999786376953,82.8499984741211,83.55999755859375,66.54277801513672,640900
2017-06-09,83.72000122070312,84.63999938964844,83.2300033569336,83.37000274658203,66.39146423339844,586100
2017-06-12,83.37000274658203,84.43000030517578,83.31999969482422,83.86000061035156,66.78167724609375,422500
2017-06-13,81.58999633789062,89.86000061035156,81.4800033569336,89.83000183105469,71.5358657836914,2265800
2017-06-14,89.19000244140625,89.3499984741211,86.5999984741211,87.7699966430664,69.89539337158203,755700
2017-06-15,87.0999984741211,88.61000061035156,86.83999633789062,88.41999816894531,70.41300964355469,509100
2017-06-16,88.41999816894531,88.54000091552734,86.75,87.72000122070312,69.85556030273438,714800
2017-06-19,87.77999877929688,89.25,87.5199966430664,88.94000244140625,70.8271255493164,470600
2017-06-20,88.69999694824219,89.12999725341797,88.47000122070312,89.02999877929688,70.8987808227539,411800
2017-06-21,89.11000061035156,89.86000061035156,88.13999938964844,88.61000061035156,70.56432342529297,280800
2017-06-22,88.62000274658203,89.19999694824219,87.94000244140625,88.33000183105469,70.34133911132812,265700
2017-06-23,88.27999877929688,90.86000061035156,88.0,90.12999725341797,71.77476501464844,584100
2017-06-26,90.20999908447266,91.51000213623047,89.25,90.16999816894531,71.80662536621094,469500
2017-06-27,90.22000122070312,90.22000122070312,88.2699966430664,88.3499984741211,70.3572769165039,329900
2017-06-28,88.75,89.0,87.48999786376953,87.56999969482422,69.73611450195312,602700
2017-06-29,87.56999969482422,87.73999786376953,86.5,87.4800033569336,69.6644515991211,857900
2017-06-30,88.0,89.80999755859375,88.0,89.45999908447266,71.2412109375,635600
2017-07-03,89.87999725341797,91.4000015258789,89.80999755859375,90.52999877929688,72.09331512451172,280000
2017-07-05,90.52999877929688,90.95999908447266,89.97000122070312,90.31999969482422,71.92605590820312,321000
2017-07-06,90.01000213623047,90.91000366210938,89.5999984741211,90.3499984741211,71.94996643066406,412000
2017-07-07,90.44000244140625,91.87000274658203,90.0,91.68000030517578,73.00910949707031,302700
2017-07-10,91.69000244140625,92.0999984741211,90.95999908447266,91.02999877929688,72.491455078125,467100
2017-07-11,91.0199966430664,92.16999816894531,90.94999694824219,92.06999969482422,73.3196792602539,390800
2017-07-12,92.3499984741211,93.7300033569336,92.29000091552734,93.05000305175781,74.10009765625,496400
2017-07-13,93.13999938964844,93.98999786376953,92.36000061035156,93.41000366210938,74.38678741455078,275100
2017-07-14,93.4000015258789,93.8499984741211,93.12999725341797,93.29000091552734,74.29122161865234,286700
2017-07-17,93.75,93.76000213623047,92.73999786376953,93.26000213623047,74.2673110961914,519600
2017-07-18,93.0,93.45999908447266,92.52999877929688,93.4000015258789,74.37883758544922,237900
2017-07-19,93.4800033569336,93.93000030517578,93.25,93.83000183105469,74.72124481201172,371400
2017-07-20,94.0,94.16000366210938,92.23999786376953,93.16999816894531,74.19566345214844,335000
2017-07-21,93.20999908447266,93.51000213623047,92.91000366210938,93.44000244140625,74.41067504882812,142700
2017-07-24,93.4800033569336,95.23999786376953,93.33999633789062,95.12999725341797,75.75653839111328,436100
2017-07-25,95.68000030517578,96.66000366210938,95.37000274658203,96.2699966430664,76.6643295288086,607300
2017-07-26,96.08000183105469,96.20999908447266,94.4000015258789,94.48999786376953,75.2468490600586,354200
2017-07-27,94.7300033569336,95.47000122070312,94.33000183105469,94.83999633789062,75.52556610107422,428700
2017-07-28,94.75,95.69999694824219,94.62999725341797,95.66000366210938,76.17855072021484,269700
2017-07-31,95.83999633789062,96.94999694824219,95.31999969482422,95.98999786376953,76.44135284423828,690900
2017-08-01,98.56999969482422,99.91000366210938,92.88999938964844,93.75,74.65754699707031,1204000
2017-08-02,94.05999755859375,96.05999755859375,94.0,95.68000030517578,76.19451904296875,640100
2017-08-03,95.70999908447266,96.88999938964844,95.55999755859375,95.68000030517578,76.19451904296875,458400
2017-08-04,96.01000213623047,97.0999984741211,95.9800033569336,96.94000244140625,77.19790649414062,293000
2017-08-07,97.05000305175781,97.41000366210938,96.4000015258789,97.2699966430664,77.460693359375,246500
2017-08-08,97.26000213623047,97.26000213623047,95.79000091552734,96.18000030517578,76.59268188476562,371000
2017-08-09,95.93000030517578,96.38999938964844,95.69999694824219,96.01000213623047,76.45728302001953,263500
2017-08-10,95.69999694824219,96.43000030517578,95.33999633789062,95.41000366210938,75.97948455810547,303300
2017-08-11,95.0199966430664,96.26000213623047,94.12000274658203,95.37999725341797,75.9555892944336,348200
2017-08-14,95.9800033569336,97.33000183105469,95.41999816894531,96.51000213623047,76.85546112060547,411200
2017-08-15,96.48999786376953,97.0,94.80000305175781,96.47000122070312,76.82362365722656,350900
2017-08-16,96.73999786376953,97.22000122070312,95.38999938964844,95.94999694824219,76.40950775146484,371700
2017-08-17,95.58999633789062,96.13999938964844,94.58000183105469,94.70999908447266,75.42204284667969,268700
2017-08-18,94.5,95.23999786376953,94.0999984741211,94.66000366210938,75.3822021484375,638400
2017-08-21,94.55999755859375,95.0,93.7699966430664,94.73999786376953,75.44591522216797,237500
2017-08-22,94.91000366210938,95.58000183105469,94.66000366210938,95.47000122070312,76.02725219726562,225000
2017-08-23,94.98999786376953,95.16999816894531,93.94000244140625,93.95999908447266,75.24246978759766,322500
2017-08-24,94.25,94.58000183105469,93.7699966430664,94.26000213623047,75.48271179199219,190100
2017-08-25,94.75,95.06999969482422,94.44000244140625,94.7300033569336,75.85911560058594,173300
2017-08-28,94.91999816894531,94.91999816894531,93.3499984741211,94.30000305175781,75.51475524902344,346600
2017-08-29,93.69999694824219,94.44000244140625,93.47000122070312,94.18000030517578,75.41866302490234,192400
2017-08-30,94.05000305175781,95.06999969482422,93.72000122070312,94.76000213623047,75.88312530517578,212000
2017-08-31,95.16000366210938,95.6500015258789,94.69000244140625,95.58999633789062,76.54778289794922,301000
2017-09-01,95.33999633789062,95.52999877929688,94.58999633789062,95.06999969482422,76.13135528564453,270800
2017-09-05,95.0199966430664,95.43000030517578,93.31999969482422,93.95999908447266,75.24246978759766,357300
2017-09-06,93.88999938964844,94.11000061035156,92.72000122070312,93.88999938964844,75.1864242553711,507500
2017-09-07,93.93000030517578,94.33999633789062,93.58999633789062,94.02999877929688,75.29853057861328,257700
2017-09-08,93.80000305175781,94.62000274658203,93.4800033569336,94.25,75.4747085571289,322400
2017-09-11,94.91000366210938,95.20999908447266,94.08000183105469,94.30000305175781,75.51475524902344,506500
2017-09-12,94.5199966430664,95.16000366210938,94.30000305175781,94.83999633789062,75.94718933105469,393600
2017-09-13,94.75,95.04000091552734,93.81999969482422,94.26000213623047,75.48271179199219,324200
2017-09-14,94.41999816894531,95.0999984741211,94.12000274658203,95.06999969482422,76.13135528564453,320400
2017-09-15,94.66999816894531,95.5999984741211,94.63999938964844,95.37000274658203,76.37158966064453,917200
2017-09-18,95.62999725341797,96.30999755859375,95.30999755859375,95.7699966430664,76.69194030761719,413200
2017-09-19,95.80000305175781,96.83999633789062,95.63999938964844,96.5199966430664,77.29251098632812,309800
2017-09-20,96.8499984741211,97.29000091552734,96.45999908447266,96.91999816894531,77.61283874511719,284800
2017-09-21,96.87999725341797,97.72000122070312,96.77999877929688,96.81999969482422,77.53274536132812,250400
2017-09-22,96.9000015258789,97.1500015258789,96.5199966430664,96.62999725341797,77.38059997558594,135900
2017-09-25,96.66999816894531,97.37000274658203,96.58000183105469,97.11000061035156,77.7649917602539,214300
2017-09-26,97.11000061035156,97.3499984741211,96.61000061035156,96.91000366210938,77.60482788085938,194200
2017-09-27,97.1500015258789,97.38999938964844,96.41000366210938,96.98999786376953,77.66889953613281,234200
2017-09-28,97.20999908447266,97.80000305175781,96.76000213623047,97.37000274658203,77.97319793701172,158600
2017-09-29,97.4000015258789,97.80999755859375,97.12000274658203,97.33999633789062,77.94915771484375,237300
2017-10-02,97.30000305175781,98.4000015258789,97.30000305175781,98.33999633789062,78.74994659423828,204300
2017-10-03,98.4000015258789,99.4800033569336,98.16999816894531,99.41000366210938,79.60679626464844,254100
2017-10-04,99.23999786376953,99.98999786376953,99.11000061035156,99.54000091552734,79.71092987060547,330300
2017-10-05,99.66999816894531,99.9000015258789,99.08999633789062,99.33000183105469,79.5427474975586,192200
2017-10-06,98.95999908447266,99.1500015258789,97.3499984741211,97.68000030517578,78.2214126586914,424200
2017-10-09,97.7699966430664,97.94000244140625,96.75,96.8499984741211,77.55677032470703,274700
2017-10-10,97.08000183105469,97.41000366210938,96.41999816894531,97.02999877929688,77.70092010498047,294800
2017-10-11,97.08000183105469,98.4000015258789,97.08000183105469,98.27999877929688,78.70191192626953,195100
2017-10-12,98.13999938964844,99.41999816894531,98.13999938964844,98.94999694824219,79.23844146728516,190400
2017-10-13,99.20999908447266,100.2300033569336,99.0999984741211,99.58999633789062,79.75093841552734,220800
2017-10-16,99.77999877929688,100.0199966430664,99.13999938964844,99.75,79.87905883789062,333200
2017-10-17,100.0,100.0199966430664,98.97000122070312,99.1500015258789,79.39859008789062,233600
2017-10-18,99.47000122070312,101.0,96.80000305175781,99.62000274658203,79.77498626708984,686400
2017-10-19,99.05999755859375,99.30000305175781,97.95999908447266,98.33000183105469,78.741943359375,232200
2017-10-20,98.51000213623047,99.02999877929688,98.36000061035156,98.69999694824219,79.03822326660156,225900
2017-10-23,98.76000213623047,99.41999816894531,98.41999816894531,98.56999969482422,78.93412780761719,182800
2017-10-24,98.72000122070312,99.76000213623047,98.72000122070312,99.37999725341797,79.58279418945312,250000
2017-10-25,99.37999725341797,99.97000122070312,98.51000213623047,99.48999786376953,79.67086029052734,293900
2017-10-26,99.72000122070312,100.19999694824219,99.23999786376953,99.41999816894531,79.61481475830078,190200
2017-10-27,99.44999694824219,99.44999694824219,98.0999984741211,98.77999877929688,79.1023178100586,200800
2017-10-30,98.61000061035156,98.87999725341797,98.25,98.80999755859375,79.12632751464844,256800
2017-10-31,99.29000091552734,100.06999969482422,99.13999938964844,99.62000274658203,79.77498626708984,271400
2017-11-01,99.63999938964844,100.75,99.63999938964844,100.0999984741211,80.15933990478516,201400
2017-11-02,99.87999725341797,100.55000305175781,99.31999969482422,99.83999633789062,79.95113372802734,270500
2017-11-03,99.80999755859375,100.06999969482422,99.0,99.54000091552734,79.71092987060547,293300
2017-11-06,99.7300033569336,99.94000244140625,98.37999725341797,99.11000061035156,79.36656951904297,342500
2017-11-07,98.02999877929688,102.5,95.0,102.41999816894531,82.01718139648438,805500
2017-11-08,99.01000213623047,102.38999938964844,98.19000244140625,98.87000274658203,79.17437744140625,568500
2017-11-09,98.05999755859375,99.70999908447266,96.95999908447266,98.04000091552734,78.50972747802734,405000
2017-11-10,98.12999725341797,99.73999786376953,98.12999725341797,98.62999725341797,78.982177734375,313400
2017-11-13,98.6500015258789,99.77999877929688,98.6500015258789,99.0999984741211,79.35855865478516,289000
2017-11-14,98.44999694824219,98.88999938964844,97.80999755859375,98.1500015258789,78.59779357910156,276900
2017-11-15,97.87999725341797,97.88999938964844,95.0,96.72000122070312,77.4526596069336,390900
2017-11-16,97.30000305175781,98.08999633789062,97.23999786376953,97.95999908447266,78.4456558227539,388500
2017-11-17,97.88999938964844,98.86000061035156,97.33999633789062,97.77999877929688,78.301513671875,423400
2017-11-20,97.80000305175781,98.2699966430664,97.44999694824219,98.05000305175781,78.51771545410156,221300
2017-11-21,98.51000213623047,98.79000091552734,97.80999755859375,98.31999969482422,78.73393249511719,357200
2017-11-22,97.9000015258789,97.9000015258789,96.80999755859375,97.05999755859375,78.14618682861328,357600
2017-11-24,97.70999908447266,97.94000244140625,97.12000274658203,97.7699966430664,78.71784210205078,153100
2017-11-27,97.7699966430664,97.9000015258789,97.13999938964844,97.2300033569336,78.2830581665039,235900
2017-11-28,97.86000061035156,98.62999725341797,97.2699966430664,98.44000244140625,79.25727081298828,229100
2017-11-29,98.6500015258789,99.0,98.08000183105469,98.37999725341797,79.20899200439453,367600
2017-11-30,99.12999725341797,100.30000305175781,98.45999908447266,98.9000015258789,79.62764739990234,468000
2017-12-01,98.73999786376953,99.7300033569336,97.54000091552734,99.25,79.90943145751953,330300
2017-12-04,100.0,101.30000305175781,99.9000015258789,100.66999816894531,81.05271911621094,524200
2017-12-05,101.38999938964844,101.88999938964844,100.68000030517578,101.29000091552734,81.5519027709961,590800
2017-12-06,101.47000122070312,101.48999786376953,100.0999984741211,100.41999816894531,80.85144805908203,236500
2017-12-07,100.55999755859375,101.66000366210938,100.27999877929688,101.41000366210938,81.64850616455078,320800
2017-12-08,101.79000091552734,101.97000122070312,100.44999694824219,101.4800033569336,81.70487976074219,443400
2017-12-11,101.86000061035156,102.77999877929688,101.5,102.66000366210938,82.65494537353516,268500
2017-12-12,102.80000305175781,103.36000061035156,102.43000030517578,102.69999694824219,82.68712615966797,281000
2017-12-13,102.77999877929688,103.02999877929688,101.7699966430664,102.45999908447266,82.49390411376953,419500
2017-12-14,102.44999694824219,102.63999938964844,101.80999755859375,102.06999969482422,82.1799087524414,446600
2017-12-15,102.45999908447266,103.13999938964844,102.37000274658203,102.58000183105469,82.59053802490234,772300
2017-12-18,103.06999969482422,103.4800033569336,102.70999908447266,102.83999633789062,82.79987335205078,522500
2017-12-19,103.0,103.66999816894531,102.43000030517578,102.9800033569336,82.91259765625,382400
2017-12-20,103.61000061035156,103.91999816894531,102.61000061035156,102.8499984741211,82.80790710449219,383300
2017-12-21,103.12000274658203,103.4800033569336,102.3499984741211,102.43000030517578,82.46975708007812,220700
2017-12-22,102.75,102.75,101.8499984741211,102.55000305175781,82.56637573242188,153900
2017-12-26,102.75,103.19000244140625,102.25,102.97000122070312,82.90453338623047,126200
2017-12-27,103.0199966430664,103.38999938964844,102.80999755859375,103.06999969482422,82.98504638671875,326700
2017-12-28,103.70999908447266,105.08999633789062,103.4000015258789,104.95999908447266,84.50675964355469,449700
2017-12-29,105.58000183105469,108.04000091552734,105.22000122070312,106.98999786376953,86.14116668701172,637400
2018-01-02,108.81999969482422,109.5,107.9000015258789,108.47000122070312,87.33275604248047,911600
2018-01-03,109.26000213623047,109.7699966430664,108.16999816894531,108.66000366210938,87.48572540283203,727900
2018-01-04,106.66999816894531,107.91999816894531,103.0,106.16999816894531,85.48097229003906,1229200
2018-01-05,106.4800033569336,107.91999816894531,106.47000122070312,107.6500015258789,86.67254638671875,533400
2018-01-08,107.54000091552734,109.3499984741211,107.5,109.11000061035156,87.84803771972656,435400
2018-01-09,109.7300033569336,109.7300033569336,107.9800033569336,108.25,87.15563201904297,456300
2018-01-10,108.06999969482422,108.52999877929688,107.02999877929688,108.36000061035156,87.24419403076172,264700
2018-01-11,108.77999877929688,109.63999938964844,108.4000015258789,109.47000122070312,88.13790893554688,317200
2018-01-12,110.12000274658203,110.12000274658203,107.87000274658203,108.01000213623047,86.96240234375,338500
2018-01-16,108.4800033569336,109.2699966430664,105.76000213623047,105.98999786376953,85.33602905273438,449100
2018-01-17,106.33999633789062,106.81999969482422,105.5,106.47000122070312,85.72249603271484,344600
2018-01-18,106.47000122070312,107.68000030517578,106.08000183105469,107.08000183105469,86.213623046875,494900
2018-01-19,107.27999877929688,107.66000366210938,104.55999755859375,106.27999877929688,85.56953430175781,475500
2018-01-22,106.66999816894531,106.9800033569336,105.68000030517578,106.93000030517578,86.09284973144531,391900
2018-01-23,107.66999816894531,108.61000061035156,106.54000091552734,106.86000061035156,86.0364990234375,321000
2018-01-24,107.2300033569336,108.20999908447266,106.61000061035156,107.29000091552734,86.38270568847656,337300
2018-01-25,107.7300033569336,108.25,106.91000366210938,107.62000274658203,86.64840698242188,358300
2018-01-26,107.5999984741211,108.33000183105469,106.5,107.9800033569336,86.93824768066406,365900
2018-01-29,107.69999694824219,108.75,106.76000213623047,107.16999816894531,86.28611755371094,561800
2018-01-30,96.75,97.0,89.16999816894531,91.95999908447266,74.04002380371094,4916400
2018-01-31,92.47000122070312,92.80000305175781,87.0,90.2699966430664,72.67933654785156,2710900
2018-02-01,89.69000244140625,91.55000305175781,88.58000183105469,90.69999694824219,73.02555847167969,1155400
2018-02-02,89.51000213623047,91.66000366210938,89.51000213623047,90.4800033569336,72.84844207763672,930100
2018-02-05,89.41000366210938,92.12000274658203,87.69999694824219,88.0199966430664,70.86780548095703,1069900
2018-02-06,86.5999984741211,89.62999725341797,86.25,89.12999725341797,71.76148986816406,1012300
2018-02-07,89.19999694824219,90.22000122070312,88.81999969482422,89.16999816894531,71.79370880126953,702300
2018-02-08,89.66000366210938,90.87999725341797,88.11000061035156,88.12000274658203,70.94832611083984,931100
2018-02-09,88.73999786376953,89.44000244140625,86.88999938964844,89.12999725341797,71.76148986816406,795200
2018-02-12,89.81999969482422,90.62000274658203,88.66999816894531,90.26000213623047,72.67130279541016,777600
2018-02-13,90.0,90.12000274658203,88.48999786376953,89.1500015258789,71.77759552001953,708200
2018-02-14,88.80999755859375,90.43000030517578,88.56999969482422,90.36000061035156,72.75181579589844,456800
2018-02-15,90.95999908447266,91.30999755859375,89.70999908447266,91.30999755859375,73.51668548583984,448900
2018-02-16,91.18000030517578,92.05999755859375,91.02999877929688,91.55000305175781,73.70993041992188,782200
2018-02-20,91.58000183105469,91.9800033569336,91.12000274658203,91.58999633789062,73.74212646484375,512300
2018-02-21,91.56999969482422,91.94999694824219,91.19999694824219,91.2300033569336,73.45227813720703,901200
2018-02-22,90.83000183105469,91.66000366210938,89.72000122070312,89.88999938964844,72.79630279541016,449500
2018-02-23,90.37999725341797,91.26000213623047,90.04000091552734,91.20999908447266,73.86528778076172,356600
2018-02-26,91.4000015258789,92.02999877929688,90.9800033569336,91.81999969482422,74.35930633544922,587100
2018-02-27,91.7699966430664,92.47000122070312,91.0199966430664,91.02999877929688,73.71951293945312,330700
2018-02-28,91.20999908447266,91.97000122070312,89.83000183105469,89.83999633789062,72.75580596923828,342700
2018-03-01,89.91999816894531,91.11000061035156,89.37000274658203,90.0999984741211,72.96636962890625,419800
2018-03-02,89.61000061035156,90.93000030517578,89.13999938964844,90.73999786376953,73.48465728759766,319600
2018-03-05,90.22000122070312,92.2699966430664,90.0199966430664,91.3499984741211,73.97867584228516,466200
2018-03-06,91.79000091552734,91.94999694824219,90.88999938964844,91.41000366210938,74.02725982666016,668500
2018-03-07,90.6500015258789,91.9000015258789,90.61000061035156,91.30000305175781,73.93818664550781,444100
2018-03-08,91.45999908447266,91.80999755859375,90.69999694824219,91.13999938964844,73.80860900878906,392900
2018-03-09,91.69000244140625,92.02999877929688,91.31999969482422,91.88999938964844,74.41597747802734,551200
2018-03-12,92.16999816894531,92.98999786376953,91.95999908447266,92.16999816894531,74.64273071289062,607500
2018-03-13,92.66999816894531,93.0,91.80000305175781,91.98999786376953,74.4969482421875,377800
2018-03-14,92.19999694824219,92.19999694824219,90.31999969482422,90.70999908447266,73.46038818359375,455800
2018-03-15,90.70999908447266,91.0999984741211,88.25,88.27999877929688,71.49244689941406,608400
2018-03-16,88.2300033569336,89.98999786376953,88.2300033569336,88.91000366210938,72.00264739990234,826100
2018-03-19,88.58999633789062,89.05999755859375,88.12999725341797,88.88999938964844,71.9864730834961,487600
2018-03-20,89.0,89.1500015258789,87.51000213623047,87.9000015258789,71.18473052978516,391500
2018-03-21,88.05999755859375,89.19000244140625,87.5199966430664,88.5199966430664,71.68681335449219,307700
2018-03-22,88.0,88.43000030517578,85.0,85.02999877929688,68.8604965209961,669300
2018-03-23,85.0199966430664,85.80000305175781,84.26000213623047,84.41999816894531,68.36649322509766,491000
2018-03-26,85.58999633789062,86.22000122070312,84.69999694824219,85.95999908447266,69.61363983154297,343300
2018-03-27,86.37000274658203,86.95999908447266,85.37000274658203,85.55000305175781,69.28160095214844,465800
2018-03-28,85.95999908447266,85.95999908447266,83.62999725341797,84.69000244140625,68.58515167236328,569200
2018-03-29,85.0,86.29000091552734,84.9800033569336,85.75,69.44359588623047,477000
2018-04-02,85.33999633789062,85.94000244140625,82.36000061035156,83.29000091552734,67.45138549804688,754600
2018-04-03,83.83999633789062,84.9000015258789,83.69000244140625,84.16000366210938,68.15596008300781,538700
2018-04-04,82.94000244140625,84.94000244140625,82.37999725341797,84.80000305175781,68.67423248291016,399900
2018-04-05,85.30000305175781,86.27999877929688,84.72000122070312,85.5,69.24112701416016,662800
2018-04-06,85.0,85.88999938964844,83.18000030517578,83.7699966430664,67.84009552001953,346000
2018-04-09,84.43000030517578,84.43000030517578,82.5199966430664,82.62999725341797,66.91688537597656,455900
2018-04-10,83.25,84.55000305175781,82.63999938964844,83.44000244140625,67.5728530883789,697700
2018-04-11,82.98999786376953,83.56999969482422,81.97000122070312,82.1500015258789,66.52816009521484,411400
2018-04-12,82.16000366210938,82.7300033569336,81.7699966430664,82.52999877929688,66.83590698242188,585500
2018-04-13,83.02999877929688,84.23999786376953,81.51000213623047,83.11000061035156,67.30559539794922,967600
2018-04-16,83.55999755859375,84.61000061035156,83.05000305175781,83.95999908447266,67.99397277832031,532200
2018-04-17,84.45999908447266,85.48999786376953,84.05000305175781,85.13999938964844,68.94957733154297,609800
2018-04-18,80.9800033569336,83.81999969482422,80.20999908447266,82.58999633789062,66.88450622558594,1698100
2018-04-19,82.25,82.5,80.55999755859375,82.26000213623047,66.61725616455078,838800
2018-04-20,82.47000122070312,83.66999816894531,81.94999694824219,82.62999725341797,66.91688537597656,631400
2018-04-23,82.63999938964844,91.80999755859375,82.63999938964844,84.04000091552734,68.05874633789062,778300
2018-04-24,84.31999969482422,85.33999633789062,82.22000122070312,83.44000244140625,67.5728530883789,955000
2018-04-25,83.62000274658203,85.94000244140625,83.44999694824219,84.93000030517578,68.7795181274414,502100
2018-04-26,84.98999786376953,84.98999786376953,83.08000183105469,83.44999694824219,67.58094787597656,533600
2018-04-27,83.62999725341797,84.37000274658203,83.47000122070312,84.2300033569336,68.21260833740234,409600
2018-04-30,84.4800033569336,85.27999877929688,83.23999786376953,83.58000183105469,67.68624114990234,676700
2018-05-01,82.41999816894531,87.02999877929688,81.1500015258789,84.61000061035156,68.5203628540039,1401800
2018-05-02,82.5,82.66000366210938,77.37000274658203,77.5199966430664,62.77860641479492,2009800
2018-05-03,76.97000122070312,79.45999908447266,76.5999984741211,78.93000030517578,63.920475006103516,1068300
2018-05-04,78.8499984741211,81.98999786376953,78.62000274658203,81.45999908447266,65.9693832397461,980100
2018-05-07,81.69000244140625,82.87000274658203,81.19999694824219,81.44000244140625,65.95317840576172,638500
2018-05-08,81.79000091552734,82.56999969482422,80.75,80.8499984741211,65.47537231445312,575400
2018-05-09,80.94000244140625,81.66000366210938,80.38999938964844,80.54000091552734,65.22432708740234,591400
2018-05-10,80.76000213623047,81.72000122070312,80.68000030517578,80.79000091552734,65.4267807006836,527200
2018-05-11,80.79000091552734,81.66999816894531,80.73999786376953,81.48999786376953,65.99366760253906,429000
2018-05-14,81.79000091552734,82.69999694824219,81.36000061035156,81.70999908447266,66.17182922363281,480700
2018-05-15,83.55000305175781,84.55000305175781,83.02999877929688,84.3499984741211,68.30979919433594,901900
2018-05-16,84.44000244140625,86.54000091552734,84.36000061035156,86.06999969482422,69.70272064208984,696900
2018-05-17,85.98999786376953,86.4000015258789,85.08999633789062,85.83999633789062,69.51644134521484,547400
2018-05-18,85.55000305175781,86.48999786376953,85.5,86.16999816894531,69.7837142944336,435500
2018-05-21,86.63999938964844,87.72000122070312,86.05000305175781,87.41000366210938,70.78791809082031,565800
2018-05-22,87.63999938964844,88.3499984741211,86.9800033569336,87.08000183105469,70.52066040039062,534800
2018-05-23,87.5,88.1500015258789,87.16000366210938,87.75,71.06326293945312,831300
2018-05-24,87.41000366210938,87.70999908447266,85.31999969482422,85.58000183105469,69.72705841064453,635700
2018-05-25,85.30000305175781,86.18000030517578,85.0199966430664,85.91000366210938,69.99591827392578,550200
2018-05-29,85.80000305175781,86.43000030517578,85.08999633789062,85.45999908447266,69.62928009033203,625600
2018-05-30,86.01000213623047,87.30999755859375,85.5999984741211,86.87000274658203,70.77809143066406,530400
2018-05-31,86.87000274658203,86.94000244140625,84.91999816894531,85.12999725341797,69.36038970947266,515500
2018-06-01,82.37000274658203,84.52999877929688,80.75,82.5,67.21756744384766,1575600
2018-06-04,82.56999969482422,83.16000366210938,81.79000091552734,82.41000366210938,67.1442642211914,780700
2018-06-05,82.97000122070312,84.2300033569336,82.37000274658203,83.1500015258789,67.7471694946289,601500
2018-06-06,83.1500015258789,85.08999633789062,83.1500015258789,84.69999694824219,69.01006317138672,1254600
2018-06-07,85.36000061035156,86.83000183105469,85.05999755859375,85.72000122070312,69.84111785888672,710500
2018-06-08,85.12999725341797,87.37999725341797,85.12999725341797,87.04000091552734,70.91658782958984,999300
2018-06-11,87.27999877929688,87.5999984741211,85.06999969482422,86.8499984741211,70.76180267333984,822900
2018-06-12,87.1500015258789,87.54000091552734,86.33999633789062,86.80999755859375,70.72919464111328,738800
2018-06-13,87.70999908447266,87.94999694824219,84.58000183105469,85.68000030517578,69.80854034423828,1050000
2018-06-14,85.70999908447266,86.12000274658203,84.0999984741211,85.8499984741211,69.94702911376953,566700
2018-06-15,85.69000244140625,86.5999984741211,84.6500015258789,86.55000305175781,70.51736450195312,995900
2018-06-18,86.08000183105469,86.93000030517578,85.31999969482422,86.04000091552734,70.10184478759766,808100
2018-06-19,85.31999969482422,85.9800033569336,82.41000366210938,82.61000061035156,67.30722045898438,1304200
2018-06-20,80.81999969482422,81.2699966430664,78.75,79.73999786376953,64.96885681152344,1593100
2018-06-21,79.7300033569336,81.69000244140625,79.66999816894531,81.4800033569336,66.38653564453125,724000
2018-06-22,81.73999786376953,83.26000213623047,81.5,82.0,66.8102035522461,753300
2018-06-25,82.0199966430664,82.72000122070312,80.5999984741211,81.11000061035156,66.08507537841797,432700
2018-06-26,81.55000305175781,81.80999755859375,80.4000015258789,81.33999633789062,66.27247619628906,296100
2018-06-27,81.41000366210938,82.47000122070312,81.0199966430664,81.12999725341797,66.10137939453125,371900
2018-06-28,81.08999633789062,82.6500015258789,81.08999633789062,82.43000030517578,67.16056823730469,482000
2018-06-29,82.51000213623047,84.4000015258789,82.51000213623047,83.16000366210938,67.75534057617188,614400
2018-07-02,83.0,83.69000244140625,82.70999908447266,83.4800033569336,68.01603698730469,308000
2018-07-03,83.80999755859375,84.48999786376953,83.52999877929688,83.75,68.23604583740234,187300
2018-07-05,83.94000244140625,84.87999725341797,83.51000213623047,84.83000183105469,69.115966796875,268000
2018-07-06,84.80000305175781,86.13999938964844,84.55000305175781,85.68000030517578,69.80854034423828,317600
2018-07-09,86.05000305175781,87.68000030517578,86.05000305175781,87.1500015258789,71.00621032714844,321200
2018-07-10,87.37000274658203,87.75,86.19999694824219,87.37999725341797,71.193603515625,297800
2018-07-11,86.8499984741211,87.04000091552734,85.66999816894531,86.30999755859375,70.32180786132812,264700
2018-07-12,86.52999877929688,86.77999877929688,85.12000274658203,85.91999816894531,70.00405883789062,323000
2018-07-13,85.93000030517578,86.30000305175781,85.0,85.08999633789062,69.32782745361328,342400
2018-07-16,85.22000122070312,85.44999694824219,83.51000213623047,83.58999633789062,68.1056900024414,409100
2018-07-17,82.79000091552734,83.30000305175781,80.12999725341797,81.30999755859375,66.2480239868164,842400
2018-07-18,81.54000091552734,81.86000061035156,80.31999969482422,81.44000244140625,66.35395812988281,425100
2018-07-19,81.0999984741211,82.4000015258789,80.6500015258789,81.66999816894531,66.54135131835938,362300
2018-07-20,81.37999725341797,82.0,80.93000030517578,81.55999755859375,66.45171356201172,390100
2018-07-23,81.66000366210938,81.77999877929688,81.01000213623047,81.41999816894531,66.337646484375,334000
2018-07-24,81.16000366210938,81.36000061035156,79.88999938964844,80.08000183105469,65.24588775634766,708200
2018-07-25,80.16999816894531,80.70999908447266,79.66999816894531,80.48999786376953,65.57992553710938,471500
2018-07-26,80.44000244140625,81.80999755859375,80.44000244140625,81.13999938964844,66.10951232910156,375000
2018-07-27,81.11000061035156,81.20999908447266,78.30999755859375,78.5999984741211,64.0400161743164,1162100
2018-07-30,78.52999877929688,79.0,76.62000274658203,77.45999908447266,63.1111946105957,763600
2018-07-31,77.66000366210938,79.7300033569336,77.01000213623047,79.43000030517578,64.7162857055664,740900
2018-08-01,80.83000183105469,82.9000015258789,73.80999755859375,76.66000366210938,62.45941162109375,1651400
2018-08-02,75.95999908447266,76.9800033569336,75.47000122070312,76.66999816894531,62.46753692626953,1273500
2018-08-03,77.0,79.38999938964844,76.9800033569336,78.75,64.16223907470703,468200
2018-08-06,78.48999786376953,79.20999908447266,77.94999694824219,78.41000366210938,63.88522720336914,364200
2018-08-07,78.58000183105469,78.9800033569336,76.5999984741211,77.19999694824219,62.899375915527344,780900
2018-08-08,77.30999755859375,77.75,75.80999755859375,75.97000122070312,61.897220611572266,438000
2018-08-09,75.98999786376953,76.37999725341797,75.2300033569336,75.95999908447266,61.88906478881836,510900
2018-08-10,75.55999755859375,76.19000244140625,74.7699966430664,75.3499984741211,61.392066955566406,341600
2018-08-13,73.87999725341797,74.75,72.80000305175781,73.30000305175781,59.7218017578125,970000
2018-08-14,73.79000091552734,73.97000122070312,73.12999725341797,73.70999908447266,60.05585479736328,384100
2018-08-15,73.30000305175781,74.16000366210938,72.66999816894531,74.12999725341797,60.398048400878906,478700
2018-08-16,74.63999938964844,75.3499984741211,74.54000091552734,75.0999984741211,61.18836212158203,427700
2018-08-17,75.05999755859375,75.7300033569336,74.44000244140625,75.51000213623047,61.522422790527344,474300
2018-08-20,75.58000183105469,77.93000030517578,75.58000183105469,76.95999908447266,62.70383834838867,688000
2018-08-21,77.0199966430664,78.08999633789062,76.0,76.02999877929688,61.94611358642578,524200
2018-08-22,76.05000305175781,76.11000061035156,74.37000274658203,75.62999725341797,61.62018585205078,361800
2018-08-23,75.58000183105469,75.58000183105469,74.01000213623047,74.48999786376953,60.69135284423828,474000
2018-08-24,73.94000244140625,74.2699966430664,73.70999908447266,73.98999786376953,60.7324104309082,568000
2018-08-27,74.20999908447266,74.7300033569336,73.31999969482422,74.27999877929688,60.97044372558594,617400
2018-08-28,74.23999786376953,74.47000122070312,73.80000305175781,74.0,60.74061584472656,634100
2018-08-29,74.30000305175781,75.25,73.70999908447266,74.31999969482422,61.00328063964844,602400
2018-08-30,74.25,74.63999938964844,73.83000183105469,74.3499984741211,61.02790832519531,657600
2018-08-31,74.38999938964844,75.18000030517578,74.2300033569336,74.72000122070312,61.331607818603516,519800
2018-09-04,74.75,75.30999755859375,74.25,74.69999694824219,61.3151969909668,460300
2018-09-05,74.62000274658203,76.86000061035156,74.51000213623047,75.72000122070312,62.15242385864258,718000
2018-09-06,75.86000061035156,76.87000274658203,75.45999908447266,76.73999786376953,62.989662170410156,529000
2018-09-07,76.43000030517578,76.72000122070312,75.91999816894531,76.30999755859375,62.63672637939453,429900
2018-09-10,76.48999786376953,77.66999816894531,76.48999786376953,76.87999725341797,63.10456848144531,435100
2018-09-11,77.01000213623047,78.5199966430664,76.51000213623047,78.33000183105469,64.29473876953125,576700
2018-09-12,78.29000091552734,78.76000213623047,77.54000091552734,77.94999694824219,63.98284912109375,442800
2018-09-13,78.29000091552734,78.70999908447266,76.70999908447266,77.58000183105469,63.679134368896484,435700
2018-09-14,77.55999755859375,78.0,76.48999786376953,76.63999938964844,62.90757369995117,482100
2018-09-17,76.87000274658203,78.98999786376953,76.75,78.93000030517578,64.78726959228516,591600
2018-09-18,79.04000091552734,79.6500015258789,77.5199966430664,79.0199966430664,64.86112976074219,409900
2018-09-19,79.16000366210938,79.7300033569336,78.5,79.12999725341797,64.951416015625,777300
2018-09-20,79.4800033569336,80.76000213623047,78.3499984741211,80.61000061035156,66.16625213623047,824200
2018-09-21,80.61000061035156,80.66000366210938,77.83000183105469,78.83999633789062,64.71338653564453,1085200
2018-09-24,78.83000183105469,79.19999694824219,77.19000244140625,78.1500015258789,64.14702606201172,454300
2018-09-25,78.29000091552734,78.55999755859375,77.2699966430664,77.55000305175781,63.65452575683594,546500
2018-09-26,77.2699966430664,78.83000183105469,77.2300033569336,78.0,64.02389526367188,426900
2018-09-27,78.0199966430664,78.47000122070312,77.30000305175781,78.01000213623047,64.0321044921875,358900
2018-09-28,77.86000061035156,79.41000366210938,77.83999633789062,78.7300033569336,64.62309265136719,361900
2018-10-01,78.87999725341797,79.36000061035156,78.29000091552734,78.83999633789062,64.71338653564453,470700
2018-10-02,78.55999755859375,79.63999938964844,78.25,79.02999877929688,64.86935424804688,304400
2018-10-03,79.30000305175781,80.04000091552734,78.5,79.23999786376953,65.04170227050781,375100
2018-10-04,79.20999908447266,79.41000366210938,77.6500015258789,78.41000366210938,64.36043548583984,508900
2018-10-05,78.33999633789062,79.70999908447266,78.18000030517578,78.75,64.6395034790039,315300
2018-10-08,78.75,79.66999816894531,78.72000122070312,79.0,64.84471130371094,333100
2018-10-09,78.86000061035156,79.2300033569336,77.72000122070312,77.76000213623047,63.826904296875,478700
2018-10-10,77.91000366210938,78.20999908447266,75.5,75.62000274658203,62.07033920288086,478900
2018-10-11,75.5,75.8499984741211,73.19999694824219,73.23999786376953,60.116817474365234,577500
2018-10-12,74.0,74.06999969482422,71.77999877929688,72.75,59.714595794677734,527000
2018-10-15,72.80000305175781,73.37999725341797,72.48999786376953,72.73999786376953,59.70637512207031,382700
2018-10-16,72.86000061035156,74.41999816894531,72.0,74.26000213623047,60.954044342041016,429000
2018-10-17,74.33000183105469,74.37000274658203,72.70999908447266,73.20999908447266,60.0921745300293,371700
2018-10-18,73.2300033569336,73.7699966430664,72.08999633789062,72.30999755859375,59.35342788696289,325200
2018-10-19,72.33999633789062,73.25,71.91999816894531,72.25,59.30418014526367,278200
2018-10-22,72.37000274658203,72.73999786376953,70.87999725341797,71.20999908447266,58.450538635253906,391500
2018-10-23,70.0,70.05000305175781,67.11000061035156,69.08000183105469,56.70220184326172,776900
2018-10-24,70.29000091552734,71.98999786376953,67.94999694824219,68.06999969482422,55.87316131591797,594100
2018-10-25,68.5999984741211,69.94000244140625,68.0199966430664,69.06999969482422,56.69397735595703,403100
2018-10-26,68.47000122070312,68.47000122070312,66.54000091552734,67.27999877929688,55.22471237182617,449800
2018-10-29,68.0,68.48999786376953,65.19999694824219,66.12000274658203,54.27255630493164,574300
2018-10-30,66.22000122070312,68.05000305175781,65.55000305175781,67.88999938964844,55.725406646728516,433600
2018-10-31,68.66000366210938,68.95999908447266,66.68000030517578,66.73999786376953,54.781471252441406,471000
2018-11-01,67.23999786376953,69.62999725341797,67.0,69.61000061035156,57.13722610473633,852300
2018-11-02,69.9800033569336,71.08000183105469,69.76000213623047,70.63999938964844,57.98265838623047,691700
2018-11-05,70.20999908447266,70.58999633789062,69.44999694824219,70.12000274658203,57.55584716796875,1080300
2018-11-06,70.30000305175781,71.9800033569336,70.08999633789062,70.9000015258789,58.19608688354492,639800
2018-11-07,70.13999938964844,75.8499984741211,70.13999938964844,75.7699966430664,62.193458557128906,1580500
2018-11-08,75.33999633789062,78.69999694824219,75.2300033569336,78.19999694824219,64.18804931640625,892500
2018-11-09,77.44999694824219,77.95999908447266,72.63999938964844,74.19999694824219,60.90479278564453,749200
2018-11-12,74.20999908447266,78.3499984741211,73.97000122070312,76.88999938964844,63.112796783447266,874600
2018-11-13,76.69999694824219,77.86000061035156,75.1500015258789,76.91999816894531,63.137428283691406,467100
2018-11-14,77.2300033569336,78.48999786376953,76.5199966430664,77.30999755859375,63.4575309753418,479000
2018-11-15,77.13999938964844,78.31999969482422,76.88999938964844,78.08000183105469,64.08956909179688,354000
2018-11-16,77.5,79.26000213623047,77.5,78.9800033569336,64.82830047607422,320600
2018-11-19,79.05000305175781,79.36000061035156,75.87000274658203,76.0,62.382259368896484,509800
2018-11-20,75.20999908447266,75.23999786376953,72.1500015258789,72.3499984741211,59.386260986328125,672300
2018-11-21,72.83999633789062,75.22000122070312,72.33999633789062,74.4000015258789,61.06895065307617,432900
2018-11-23,73.31999969482422,75.48999786376953,73.31999969482422,74.5999984741211,61.68914794921875,143600
2018-11-26,75.4000015258789,75.94000244140625,73.2300033569336,74.19999694824219,61.35837936401367,466600
2018-11-27,73.69000244140625,74.30000305175781,72.80999755859375,73.7699966430664,61.00278854370117,321700
2018-11-28,74.0199966430664,74.7699966430664,72.83000183105469,74.5999984741211,61.68914794921875,345300
2018-11-29,74.4800033569336,75.9000015258789,73.97000122070312,75.19000244140625,62.17703628540039,364500
2018-11-30,75.0199966430664,76.58999633789062,74.26000213623047,75.9800033569336,62.8303108215332,441600
2018-12-03,77.54000091552734,77.55999755859375,74.0199966430664,75.5199966430664,62.44992446899414,526500
2018-12-04,75.66999816894531,75.79000091552734,72.4000015258789,72.48999786376953,59.94430160522461,408200
2018-12-06,71.37999725341797,71.4000015258789,69.94000244140625,71.12000274658203,58.81140899658203,442500
2018-12-07,71.30000305175781,72.66000366210938,69.18000030517578,69.54000091552734,57.50486373901367,501900
2018-12-10,69.38999938964844,69.62999725341797,67.41999816894531,68.3499984741211,56.52081298828125,577700
2018-12-11,69.43000030517578,69.75,66.05999755859375,66.13999938964844,54.69330596923828,733600
2018-12-12,66.80999755859375,67.5999984741211,65.23999786376953,65.54000091552734,54.1971435546875,741400
2018-12-13,65.87999725341797,66.47000122070312,64.75,65.08000183105469,53.816749572753906,687300
2018-12-14,64.26000213623047,65.4000015258789,62.5,63.5099983215332,52.51845932006836,729800
2018-12-17,64.51000213623047,65.9800033569336,63.75,64.01000213623047,52.93193817138672,850400
2018-12-18,64.41999816894531,64.61000061035156,62.93000030517578,62.970001220703125,52.071922302246094,658400
2018-12-19,62.959999084472656,64.56999969482422,61.810001373291016,61.97999954223633,51.253257751464844,524300
2018-12-20,61.97999954223633,62.18000030517578,59.369998931884766,60.09000015258789,49.69036865234375,692700
2018-12-21,60.099998474121094,60.58000183105469,59.09000015258789,59.540000915527344,49.23555374145508,1077400
2018-12-24,59.0,59.970001220703125,57.959999084472656,58.81999969482422,48.64015579223633,557500
2018-12-26,58.93000030517578,61.400001525878906,58.40999984741211,61.310001373291016,50.69921875,479900
2018-12-27,60.29999923706055,61.70000076293945,58.77000045776367,61.68000030517578,51.005184173583984,685000
2018-12-28,61.7599983215332,62.40999984741211,60.029998779296875,60.869998931884766,50.335365295410156,631900
2018-12-31,61.369998931884766,61.709999084472656,60.31999969482422,61.459999084472656,50.82326126098633,514300
2019-01-02,60.540000915527344,62.689998626708984,59.52000045776367,62.41999816894531,51.617103576660156,553400
2019-01-03,62.2599983215332,63.06999969482422,61.16999816894531,61.970001220703125,51.2449951171875,481300
2019-01-04,63.040000915527344,65.4000015258789,62.16999816894531,64.47000122070312,53.31232452392578,739800
2019-01-07,64.4800033569336,67.06999969482422,63.95000076293945,65.93000030517578,54.51963806152344,579500
2019-01-08,66.75,67.58999633789062,66.31999969482422,66.76000213623047,55.20600509643555,537300
2019-01-09,67.18000030517578,67.29000091552734,65.61000061035156,65.93000030517578,54.51963806152344,650500
2019-01-10,65.7300033569336,67.91999816894531,65.05000305175781,67.47000122070312,55.79311752319336,534400
2019-01-11,67.44000244140625,68.33000183105469,67.0,67.87999725341797,56.13215255737305,665700
2019-01-14,67.4800033569336,69.05999755859375,67.18000030517578,68.22000122070312,56.41331481933594,760700
2019-01-15,68.27999877929688,69.11000061035156,67.55999755859375,68.26000213623047,56.44639587402344,606800
2019-01-16,68.16999816894531,68.94999694824219,67.5,67.55000305175781,55.85927963256836,476300
2019-01-17,67.33999633789062,68.87000274658203,67.27999877929688,68.26000213623047,56.44639587402344,456700
2019-01-18,68.95999908447266,69.70999908447266,68.47000122070312,69.30999755859375,57.31468200683594,327300
2019-01-22,69.13999938964844,69.80000305175781,68.43000030517578,68.8499984741211,56.93429183959961,587500
2019-01-23,69.05000305175781,69.79000091552734,66.95999908447266,67.47000122070312,55.79311752319336,812700
2019-01-24,67.62999725341797,69.58999633789062,67.33000183105469,69.0,57.058319091796875,563000
2019-01-25,69.79000091552734,70.13999938964844,68.02999877929688,68.73999786376953,56.843326568603516,558600
2019-01-28,68.44000244140625,70.41999816894531,67.7300033569336,69.41000366210938,57.397361755371094,762700
2019-01-29,69.29000091552734,70.33999633789062,68.95999908447266,69.97000122070312,57.860450744628906,657300
2019-01-30,72.0199966430664,73.83000183105469,71.04000091552734,71.44000244140625,59.0760383605957,1222000
2019-01-31,72.23999786376953,75.6500015258789,71.1500015258789,74.3499984741211,61.4824104309082,923800
2019-02-01,74.3499984741211,74.80999755859375,72.2699966430664,74.18000030517578,61.341827392578125,776500
2019-02-04,74.06999969482422,76.23999786376953,73.9000015258789,75.80000305175781,62.68146896362305,485500
2019-02-05,76.04000091552734,76.5,75.44999694824219,76.33999633789062,63.12800216674805,395100
2019-02-06,76.13999938964844,77.88999938964844,76.13999938964844,77.30999755859375,63.93012237548828,579600
2019-02-07,76.69999694824219,77.08999633789062,75.33999633789062,76.66000366210938,63.39263153076172,707500
2019-02-08,76.22000122070312,77.18000030517578,74.43000030517578,75.33000183105469,62.292808532714844,563800
2019-02-11,75.58000183105469,76.12999725341797,74.81999969482422,75.68000030517578,62.58222961425781,487500
2019-02-12,76.08999633789062,76.8499984741211,75.20999908447266,76.69000244140625,63.41744613647461,328300
2019-02-13,77.12000274658203,77.98999786376953,76.5,77.62999725341797,64.19475555419922,497000
2019-02-14,77.0,78.22000122070312,77.0,77.93000030517578,64.44282531738281,414600
2019-02-15,78.3499984741211,79.12999725341797,77.7699966430664,78.87000274658203,65.22016143798828,465600
2019-02-19,78.58999633789062,80.43000030517578,78.20999908447266,80.12999725341797,66.26209259033203,416000
2019-02-20,80.20999908447266,81.69000244140625,80.16000366210938,81.36000061035156,67.2791976928711,582800
2019-02-21,81.01000213623047,81.47000122070312,80.52999877929688,80.83999633789062,67.30418395996094,346300
2019-02-22,80.56999969482422,80.80999755859375,79.18000030517578,79.8499984741211,66.47996520996094,416900
2019-02-25,80.08999633789062,81.45999908447266,80.05000305175781,81.33000183105469,67.7121353149414,448400
2019-02-26,81.11000061035156,81.44999694824219,80.0,80.1500015258789,66.72972106933594,542700
2019-02-27,80.19999694824219,82.38999938964844,80.19999694824219,82.36000061035156,68.56967163085938,429100
2019-02-28,81.91999816894531,82.31999969482422,81.19999694824219,81.9000015258789,68.18669128417969,326300
2019-03-01,82.37999725341797,83.2300033569336,81.30000305175781,81.87000274658203,68.1617202758789,539100
2019-03-04,82.0,82.3499984741211,80.12999725341797,81.5999984741211,67.93693542480469,441500
2019-03-05,81.5,82.58999633789062,81.23999786376953,82.4800033569336,68.66958618164062,291400
2019-03-06,82.5,82.68000030517578,81.38999938964844,82.48999786376953,68.67790985107422,434800
2019-03-07,82.16999816894531,82.91999816894531,80.80999755859375,81.22000122070312,67.62056732177734,509100
2019-03-08,80.36000061035156,82.30999755859375,80.12999725341797,82.16000366210938,68.40316009521484,432800
2019-03-11,82.29000091552734,83.08000183105469,81.69000244140625,82.0,68.26995086669922,427900
2019-03-12,82.0999984741211,82.11000061035156,80.69000244140625,81.16999816894531,67.57891845703125,369700
2019-03-13,81.9000015258789,82.12999725341797,80.79000091552734,81.51000213623047,67.86200714111328,516900
2019-03-14,81.13999938964844,81.47000122070312,79.94000244140625,80.29000091552734,66.84627532958984,394000
2019-03-15,80.37000274658203,81.63999938964844,80.30000305175781,81.06999969482422,67.49567413330078,469300
2019-03-18,81.16000366210938,82.19000244140625,80.7699966430664,82.01000213623047,68.27828216552734,463900
2019-03-19,82.45999908447266,83.0199966430664,81.66999816894531,81.87999725341797,68.1700439453125,364500
2019-03-20,80.30999755859375,80.75,76.31999969482422,77.08000183105469,64.17376708984375,993100
2019-03-21,77.04000091552734,79.44000244140625,77.04000091552734,78.80000305175781,65.60575866699219,654500
2019-03-22,78.36000061035156,78.5,76.05000305175781,76.44000244140625,63.64091873168945,566700
2019-03-25,76.76000213623047,77.86000061035156,76.0199966430664,76.9000015258789,64.02389526367188,351400
2019-03-26,77.54000091552734,78.36000061035156,76.98999786376953,78.19000244140625,65.09791564941406,505600
2019-03-27,77.08000183105469,77.80000305175781,75.91000366210938,77.52999877929688,64.54840087890625,412800
2019-03-28,77.31999969482422,78.75,77.04000091552734,78.08000183105469,65.00630950927734,386800
2019-03-29,78.4800033569336,78.98999786376953,77.8499984741211,78.58000183105469,65.42259979248047,308600
2019-04-01,79.33000183105469,79.9800033569336,78.69000244140625,79.68000030517578,66.33843231201172,380100
2019-04-02,79.69000244140625,80.29000091552734,79.16000366210938,80.19000244140625,66.76301574707031,546300
2019-04-03,80.58999633789062,81.16000366210938,79.58999633789062,80.0199966430664,66.62149810791016,482100
2019-04-04,80.18000030517578,81.31999969482422,80.0999984741211,81.30000305175781,67.68716430664062,390400
2019-04-05,81.38999938964844,81.94999694824219,81.30000305175781,81.66000366210938,67.98687744140625,234300
2019-04-08,81.6500015258789,81.6500015258789,80.5199966430664,80.75,67.22925567626953,363200
2019-04-09,80.43000030517578,81.31999969482422,80.02999877929688,80.87000274658203,67.32914733886719,348700
2019-04-10,80.88999938964844,81.56999969482422,80.37000274658203,81.41000366210938,67.77874755859375,177300
2019-04-11,81.4000015258789,81.61000061035156,80.6500015258789,81.19000244140625,67.5955810546875,209400
2019-04-12,81.4000015258789,82.12999725341797,80.7300033569336,81.87000274658203,68.1617202758789,241500
2019-04-15,82.04000091552734,82.68000030517578,80.95999908447266,81.52999877929688,67.87865447998047,219500
2019-04-16,81.79000091552734,83.22000122070312,81.66999816894531,83.16000366210938,69.23572540283203,291700
2019-04-17,83.31999969482422,83.55999755859375,82.47000122070312,82.70999908447266,68.86105346679688,301000
2019-04-18,82.66999816894531,83.83999633789062,82.19999694824219,83.01000213623047,69.11083221435547,242300
2019-04-22,82.87999725341797,82.98999786376953,82.54000091552734,82.87999725341797,69.00260925292969,254000
2019-04-23,82.9800033569336,84.05999755859375,82.47000122070312,83.44000244140625,69.46886444091797,307500
2019-04-24,83.3499984741211,84.13999938964844,82.81999969482422,83.25,69.31066131591797,211600
2019-04-25,82.97000122070312,83.05000305175781,81.55000305175781,82.33000183105469,68.5447006225586,202900
2019-04-26,82.2699966430664,83.79000091552734,82.2699966430664,83.3499984741211,69.39390563964844,272700
2019-04-29,83.62999725341797,84.63999938964844,83.38999938964844,84.2300033569336,70.1265640258789,491900
2019-04-30,84.2699966430664,85.16999816894531,82.94999694824219,85.0199966430664,70.78427124023438,621700
2019-05-01,89.01000213623047,94.48999786376953,88.0999984741211,90.41999816894531,75.28010559082031,1981700
2019-05-02,89.44000244140625,90.83999633789062,87.91000366210938,90.83999633789062,75.62976837158203,1017200
2019-05-03,91.13999938964844,93.25,91.13999938964844,92.88999938964844,77.3365249633789,629400
2019-05-06,91.52999877929688,93.47000122070312,91.0199966430664,92.94000244140625,77.37815856933594,502900
2019-05-07,92.22000122070312,93.1500015258789,90.37999725341797,91.0,75.76300811767578,484200
2019-05-08,90.98999786376953,93.0,90.75,91.91000366210938,76.52063751220703,519200
2019-05-09,91.19999694824219,91.26000213623047,89.0199966430664,89.68000030517578,74.66401672363281,551600
2019-05-10,89.58999633789062,90.31999969482422,89.20999908447266,89.70999908447266,74.68899536132812,423100
2019-05-13,88.62000274658203,88.62000274658203,87.12000274658203,87.55000305175781,72.89068603515625,449900
2019-05-14,87.41999816894531,88.08999633789062,86.68000030517578,87.38999938964844,72.75743865966797,412000
2019-05-15,87.0,87.77999877929688,86.61000061035156,86.8499984741211,72.30787658691406,357000
2019-05-16,87.45999908447266,88.05999755859375,86.9800033569336,87.4000015258789,72.76578521728516,467400
2019-05-17,86.86000061035156,88.91000366210938,86.69999694824219,87.83999633789062,73.13211059570312,437100
2019-05-20,87.44999694824219,88.61000061035156,87.12000274658203,87.83000183105469,73.12378692626953,352000
2019-05-21,88.54000091552734,90.27999877929688,88.08999633789062,90.19000244140625,75.08863830566406,330900
2019-05-22,89.94999694824219,90.0,89.06999969482422,89.37999725341797,74.41425323486328,284100
2019-05-23,88.44999694824219,88.62000274658203,87.11000061035156,88.4000015258789,73.59834289550781,298300
2019-05-24,88.69999694824219,89.05000305175781,87.87999725341797,88.87000274658203,74.4528579711914,188200
2019-05-28,89.06999969482422,90.16999816894531,89.0,89.68000030517578,75.1314697265625,387500
2019-05-29,89.13999938964844,89.66999816894531,87.9800033569336,89.4000015258789,74.89688110351562,300100
2019-05-30,89.5,91.12999725341797,89.5,90.2300033569336,75.59223937988281,400700
2019-05-31,89.30999755859375,89.88999938964844,87.52999877929688,89.52999877929688,75.00580596923828,412600
2019-06-03,89.5,91.72000122070312,89.5,91.16999816894531,76.3797378540039,487700
2019-06-04,91.94000244140625,92.5,90.05000305175781,90.62000274658203,75.9189682006836,535000
2019-06-05,90.93000030517578,91.5,89.8499984741211,91.06999969482422,76.29595947265625,529700
2019-06-06,91.3499984741211,92.72000122070312,90.8499984741211,92.37000274658203,77.38509368896484,625900
2019-06-07,93.0999984741211,94.69999694824219,92.25,94.0,78.7506332397461,477700
2019-06-10,94.19999694824219,94.61000061035156,93.4000015258789,94.12999725341797,78.85955047607422,440000
2019-06-11,94.4800033569336,94.6500015258789,92.97000122070312,93.01000213623047,77.92124938964844,325400
2019-06-12,93.33999633789062,93.87999725341797,92.7699966430664,93.80999755859375,78.59146118164062,355500
2019-06-13,94.12999725341797,94.97000122070312,93.70999908447266,94.86000061035156,79.47113037109375,267800
2019-06-14,94.83000183105469,96.69999694824219,94.29000091552734,96.55999755859375,80.89534759521484,397200
2019-06-17,96.83999633789062,97.44999694824219,96.1500015258789,96.87000274658203,81.1550521850586,433400
2019-06-18,97.3499984741211,98.87000274658203,96.91000366210938,98.16999816894531,82.24414825439453,424000
2019-06-19,98.19999694824219,98.93000030517578,97.58999633789062,98.4800033569336,82.50385284423828,556900
2019-06-20,99.0,99.47000122070312,97.05999755859375,98.26000213623047,82.3195571899414,507200
2019-06-21,97.80999755859375,97.94999694824219,97.04000091552734,97.69000244140625,81.84201049804688,790000
2019-06-24,97.91999816894531,99.29000091552734,96.73999786376953,96.98999786376953,81.2555923461914,630400
2019-06-25,97.06999969482422,98.55999755859375,96.58999633789062,98.01000213623047,82.110107421875,385100
2019-06-26,97.87999725341797,98.08000183105469,96.4800033569336,96.77999877929688,81.07965087890625,233700
2019-06-27,97.23999786376953,98.19999694824219,96.93000030517578,98.05000305175781,82.14363098144531,260900
2019-06-28,98.16000366210938,98.91000366210938,98.16000366210938,98.5,82.52061462402344,716500
2019-07-01,98.73999786376953,99.19999694824219,97.94999694824219,98.9800033569336,82.92277526855469,386500
2019-07-02,98.7699966430664,99.19999694824219,98.41999816894531,98.98999786376953,82.93112182617188,332900
2019-07-03,99.25,101.0,98.98999786376953,100.69999694824219,84.36372375488281,379300
2019-07-05,99.94999694824219,100.83000183105469,99.0,100.83000183105469,84.47262573242188,196800
2019-07-08,100.73999786376953,101.12000274658203,99.88999938964844,100.0999984741211,83.86104583740234,295700
2019-07-09,99.81999969482422,99.9800033569336,98.83999633789062,99.11000061035156,83.03165435791016,382000
2019-07-10,99.61000061035156,99.72000122070312,98.27999877929688,99.47000122070312,83.3332748413086,321900
2019-07-11,99.36000061035156,100.08999633789062,98.5,98.88999938964844,82.84736633300781,275800
2019-07-12,98.93000030517578,100.04000091552734,98.93000030517578,99.98999786376953,83.76888275146484,241900
2019-07-15,100.25,101.7699966430664,99.77999877929688,101.48999786376953,85.02555847167969,392500
2019-07-16,101.83000183105469,104.16999816894531,101.58999633789062,103.55000305175781,86.75138092041016,461400
2019-07-17,103.37999725341797,103.8499984741211,102.25,102.91000366210938,86.21520233154297,316100
2019-07-18,102.69999694824219,103.6500015258789,102.2699966430664,103.16999816894531,86.4330062866211,206300
2019-07-19,103.23999786376953,103.94000244140625,102.95999908447266,103.0,86.29060363769531,299700
2019-07-22,102.95999908447266,103.26000213623047,102.4000015258789,103.11000061035156,86.38275909423828,318900
2019-07-23,103.9000015258789,104.41999816894531,103.30000305175781,103.77999877929688,86.94405364990234,378500
2019-07-24,103.69999694824219,104.19999694824219,103.13999938964844,104.05999755859375,87.17864227294922,348500
2019-07-25,103.81999969482422,103.83000183105469,102.68000030517578,103.27999877929688,86.5251693725586,348600
2019-07-26,103.37000274658203,103.9800033569336,102.63999938964844,103.4800033569336,86.6927261352539,359700
2019-07-29,103.43000030517578,103.5999984741211,102.11000061035156,102.25,85.66226196289062,402100
2019-07-30,101.66000366210938,103.58000183105469,101.37000274658203,103.29000091552734,86.53355407714844,496200
2019-07-31,106.19999694824219,114.62999725341797,104.5,112.18000030517578,93.98135375976562,1933900
2019-08-01,113.0,113.0,108.33000183105469,109.01000213623047,91.32559967041016,1427600
2019-08-02,108.69000244140625,110.72000122070312,106.9800033569336,110.01000213623047,92.16338348388672,840100
2019-08-05,108.87000274658203,109.6500015258789,107.51000213623047,108.45999908447266,90.86482238769531,1005600
2019-08-06,108.37000274658203,110.02999877929688,107.45999908447266,109.22000122070312,91.50154113769531,666400
2019-08-07,108.27999877929688,109.81999969482422,107.5199966430664,109.36000061035156,91.61883544921875,980100
2019-08-08,109.77999877929688,110.62000274658203,109.01000213623047,110.30000305175781,92.40633392333984,705500
2019-08-09,110.27999877929688,110.66000366210938,109.66000366210938,109.8499984741211,92.02935028076172,993600
2019-08-12,109.51000213623047,110.83000183105469,109.16000366210938,109.52999877929688,91.7612533569336,416100
2019-08-13,109.0999984741211,112.30999755859375,109.0999984741211,111.83999633789062,93.69650268554688,612900
2019-08-14,110.19999694824219,110.47000122070312,108.38999938964844,108.4000015258789,90.81455993652344,646200
2019-08-15,108.5999984741211,109.38999938964844,108.0,108.5199966430664,90.91509246826172,384700
2019-08-16,109.0,111.4800033569336,109.0,111.16000366210938,93.12682342529297,294700
2019-08-19,112.0,112.63999938964844,111.2300033569336,112.41000366210938,94.17404174804688,375000
2019-08-20,112.01000213623047,112.19000244140625,110.54000091552734,110.63999938964844,92.69117736816406,648200
2019-08-21,111.7699966430664,112.1500015258789,110.7300033569336,111.44000244140625,93.36141204833984,366600
2019-08-22,111.52999877929688,112.05000305175781,108.80000305175781,108.9000015258789,91.23345184326172,550400
2019-08-23,108.41000366210938,108.48999786376953,102.72000122070312,102.9800033569336,86.27383422851562,635500
2019-08-26,103.30000305175781,105.05999755859375,102.75,104.98999786376953,88.45596313476562,458400
2019-08-27,105.94000244140625,106.4000015258789,104.13999938964844,104.19999694824219,87.79037475585938,297300
2019-08-28,104.1500015258789,107.30999755859375,104.05999755859375,107.12999725341797,90.25894165039062,301600
2019-08-29,108.12000274658203,108.12000274658203,105.11000061035156,105.25,88.67501068115234,442500
2019-08-30,106.05999755859375,107.31999969482422,105.83000183105469,106.31999969482422,89.57650756835938,265000
2019-09-03,105.25,105.83999633789062,103.66999816894531,105.36000061035156,88.76771545410156,879900
2019-09-04,106.55999755859375,107.66999816894531,106.19999694824219,107.26000213623047,90.36848449707031,274700
2019-09-05,108.38999938964844,109.80000305175781,108.30999755859375,108.56999969482422,91.47216033935547,627000
2019-09-06,108.55000305175781,109.27999877929688,107.66000366210938,108.5,91.4132080078125,536800
2019-09-09,108.94999694824219,109.06999969482422,107.48999786376953,108.13999938964844,91.10989379882812,302300
2019-09-10,107.36000061035156,107.9000015258789,105.27999877929688,106.79000091552734,89.97249603271484,377800
2019-09-11,106.80999755859375,107.19999694824219,102.5,103.08999633789062,86.85517883300781,545300
2019-09-12,102.62000274658203,102.9800033569336,100.72000122070312,101.5999984741211,85.5998306274414,502900
2019-09-13,101.76000213623047,102.70999908447266,100.88999938964844,101.93000030517578,85.87786102294922,633000
2019-09-16,101.93000030517578,102.6500015258789,100.44999694824219,101.5199966430664,85.53242492675781,373700
2019-09-17,101.4000015258789,102.43000030517578,100.94000244140625,101.63999938964844,85.63353729248047,352800
2019-09-18,101.9000015258789,103.29000091552734,101.18000030517578,102.05000305175781,85.97895812988281,344800
2019-09-19,102.0,102.2699966430664,100.22000122070312,100.63999938964844,84.79100799560547,651400
2019-09-20,100.95999908447266,102.13999938964844,99.87000274658203,100.19999694824219,84.4203109741211,791300
2019-09-23,99.83000183105469,102.19999694824219,99.13999938964844,100.66000366210938,84.807861328125,576100
2019-09-24,101.11000061035156,102.4000015258789,101.0,101.18000030517578,85.24598693847656,339100
2019-09-25,101.22000122070312,102.8499984741211,101.02999877929688,102.31999969482422,86.2064437866211,427300
2019-09-26,102.2300033569336,103.25,101.83999633789062,102.86000061035156,86.66141510009766,496500
2019-09-27,103.13999938964844,103.48999786376953,98.91999816894531,99.27999877929688,83.64518737792969,450800
2019-09-30,99.38999938964844,102.7300033569336,99.2699966430664,101.81999969482422,85.7851791381836,343300
2019-10-01,103.19000244140625,104.94000244140625,100.25,100.81999969482422,84.9426498413086,660100
2019-10-02,100.0199966430664,101.83000183105469,99.23999786376953,101.51000213623047,85.52399444580078,278600
2019-10-03,101.51000213623047,102.52999877929688,100.5199966430664,102.1500015258789,86.0632095336914,531600
2019-10-04,102.16999816894531,104.76000213623047,102.16999816894531,104.02999877929688,87.64714813232422,330400
2019-10-07,103.72000122070312,105.19999694824219,103.23999786376953,104.23999786376953,87.8240737915039,686700
2019-10-08,103.54000091552734,104.20999908447266,101.75,102.12000274658203,86.03794860839844,318500
2019-10-09,103.06999969482422,103.6500015258789,102.25,102.76000213623047,86.57717895507812,245700
2019-10-10,103.1500015258789,103.75,101.93000030517578,102.1500015258789,86.0632095336914,237800
2019-10-11,103.33999633789062,103.69000244140625,102.4800033569336,102.66000366210938,86.49290466308594,425900
2019-10-14,102.29000091552734,103.98999786376953,101.80999755859375,101.81999969482422,85.7851791381836,343600
2019-10-15,102.0,102.48999786376953,100.72000122070312,101.20999908447266,85.271240234375,364300
2019-10-16,101.55000305175781,102.47000122070312,101.25,101.4000015258789,85.43132781982422,389600
2019-10-17,101.9000015258789,102.41000366210938,100.04000091552734,101.2699966430664,85.32179260253906,342100
2019-10-18,101.0,101.4000015258789,100.19000244140625,100.2300033569336,84.44558715820312,195500
2019-10-21,100.97000122070312,102.56999969482422,100.05999755859375,101.77999877929688,85.7514877319336,314600
2019-10-22,101.77999877929688,102.16999816894531,100.5999984741211,101.2300033569336,85.28807830810547,252300
2019-10-23,101.26000213623047,101.43000030517578,97.81999969482422,97.91999816894531,82.4993667602539,441700
2019-10-24,98.0999984741211,98.5,93.77999877929688,94.23999786376953,79.39889526367188,505300
2019-10-25,96.68000030517578,98.83999633789062,96.19999694824219,98.12999725341797,82.6762924194336,477800
2019-10-28,98.97000122070312,99.51000213623047,97.41000366210938,97.68000030517578,82.29716491699219,369100
2019-10-29,97.37000274658203,99.5999984741211,97.1500015258789,98.6500015258789,83.11439514160156,340500
2019-10-30,98.37000274658203,98.9800033569336,97.44999694824219,98.55000305175781,83.03016662597656,302600
2019-10-31,98.2300033569336,100.4800033569336,97.1500015258789,100.38999938964844,84.58038330078125,562600
2019-11-01,100.54000091552734,101.44000244140625,99.5199966430664,100.16000366210938,84.3865966796875,850900
2019-11-04,100.75,101.47000122070312,99.2300033569336,100.12000274658203,84.35289764404297,699200
2019-11-05,99.8499984741211,100.4000015258789,97.08999633789062,97.30000305175781,81.97699737548828,452400
2019-11-06,96.63999938964844,103.95999908447266,96.30000305175781,103.69000244140625,87.36068725585938,640200
2019-11-07,104.0,104.08999633789062,100.94000244140625,101.95999908447266,85.90312957763672,592900
2019-11-08,102.0,105.0,101.27999877929688,104.63999938964844,88.16107940673828,340500
2019-11-11,103.7699966430664,106.5,102.88999938964844,106.23999786376953,89.50910949707031,321800
2019-11-12,106.0999984741211,106.47000122070312,105.37999725341797,106.18000030517578,89.45855712890625,305100
2019-11-13,105.55999755859375,107.47000122070312,105.55999755859375,106.61000061035156,89.82083129882812,374800
2019-11-14,106.3499984741211,107.37000274658203,106.12999725341797,106.56999969482422,89.78713989257812,272500
2019-11-15,106.80000305175781,107.2300033569336,106.12999725341797,106.41999816894531,89.6607666015625,278800
2019-11-18,106.25,107.16999816894531,101.79000091552734,102.08999633789062,86.0126724243164,469400
2019-11-19,102.25,102.94999694824219,100.20999908447266,102.44000244140625,86.30754089355469,474200
2019-11-20,102.25,103.88999938964844,102.04000091552734,102.73999786376953,86.560302734375,535200
2019-11-21,103.37000274658203,104.61000061035156,102.88999938964844,104.05999755859375,87.67242431640625,503200
2019-11-22,103.94999694824219,104.0199966430664,100.0,100.0,84.25179290771484,423700
2019-11-25,99.83999633789062,101.19999694824219,99.5199966430664,99.95999908447266,84.70940399169922,406900
2019-11-26,100.33999633789062,101.87000274658203,100.22000122070312,101.5199966430664,86.03140258789062,242000
2019-11-27,101.94999694824219,102.1500015258789,100.94999694824219,101.94999694824219,86.39581298828125,231200
2019-11-29,101.94000244140625,102.05000305175781,100.80000305175781,101.08000183105469,85.65853881835938,100100
2019-12-02,100.56999969482422,101.0,99.5,100.44000244140625,85.11617279052734,416700
2019-12-03,100.08999633789062,101.83000183105469,99.93000030517578,101.6500015258789,86.14157104492188,299300
2019-12-04,101.91999816894531,103.36000061035156,101.37999725341797,101.55999755859375,86.06529998779297,338600
2019-12-05,101.54000091552734,101.83000183105469,99.68000030517578,100.52999877929688,85.19245147705078,340500
2019-12-06,101.16999816894531,103.37000274658203,101.16999816894531,102.33000183105469,86.71783447265625,304100
2019-12-09,102.06999969482422,102.54000091552734,100.80999755859375,100.94999694824219,85.54838562011719,229500
2019-12-10,100.62999725341797,101.43000030517578,100.29000091552734,100.94000244140625,85.53990936279297,265800
2019-12-11,101.2300033569336,103.41000366210938,101.19000244140625,103.16000366210938,87.42119598388672,291700
2019-12-12,102.51000213623047,102.79000091552734,101.0199966430664,101.44000244140625,85.963623046875,237400
2019-12-13,101.4000015258789,102.01000213623047,100.44000244140625,101.6500015258789,86.14157104492188,183500
2019-12-16,102.51000213623047,104.68000030517578,102.29000091552734,103.52999877929688,87.73474884033203,573600
2019-12-17,103.5999984741211,104.41000366210938,103.1500015258789,103.5199966430664,87.72628021240234,207000
2019-12-18,103.23999786376953,104.04000091552734,102.19999694824219,103.44000244140625,87.65848541259766,224700
2019-12-19,103.0999984741211,103.81999969482422,102.66999816894531,103.16000366210938,87.42119598388672,183600
2019-12-20,103.5999984741211,106.55999755859375,103.37999725341797,106.55999755859375,90.30247497558594,892900
2019-12-23,106.5999984741211,106.77999877929688,105.47000122070312,106.5199966430664,90.26856231689453,503700
2019-12-24,106.52999877929688,107.52999877929688,106.3499984741211,106.61000061035156,90.34484100341797,124200
2019-12-26,106.69000244140625,107.5199966430664,106.2699966430664,106.58999633789062,90.32789611816406,360800
2019-12-27,106.91000366210938,107.37999725341797,106.19999694824219,106.75,90.46348571777344,392600
2019-12-30,106.6500015258789,107.18000030517578,105.3499984741211,105.80000305175781,89.6584243774414,271400
2019-12-31,105.62999725341797,106.55000305175781,105.62999725341797,106.18000030517578,89.9804458618164,253800
2020-01-02,106.51000213623047,106.83999633789062,104.8499984741211,105.63999938964844,89.5228271484375,343700
2020-01-03,105.30000305175781,107.26000213623047,105.30000305175781,106.83999633789062,90.53974914550781,339200
2020-01-06,105.63999938964844,105.9000015258789,103.7300033569336,105.05999755859375,89.03131866455078,441800
2020-01-07,104.81999969482422,106.62999725341797,104.37999725341797,105.62999725341797,89.51434326171875,355000
2020-01-08,105.66000366210938,105.77999877929688,103.47000122070312,105.05999755859375,89.03131866455078,290700
2020-01-09,105.47000122070312,106.6500015258789,104.86000061035156,105.9800033569336,89.81095886230469,414700
2020-01-10,106.3499984741211,107.98999786376953,105.43000030517578,107.9000015258789,91.43804168701172,311600
2020-01-13,108.0,110.5999984741211,107.3499984741211,109.97000122070312,93.19222259521484,469300
2020-01-14,110.04000091552734,111.3499984741211,110.0,110.80000305175781,93.89559936523438,359000
2020-01-15,110.5,111.47000122070312,110.01000213623047,110.41000366210938,93.56510162353516,392300
2020-01-16,110.9000015258789,111.43000030517578,110.16999816894531,110.7300033569336,93.83626556396484,330700
2020-01-17,110.7699966430664,112.2300033569336,110.5199966430664,111.6500015258789,94.61591339111328,229600
2020-01-21,111.08000183105469,111.76000213623047,108.80000305175781,109.06999969482422,92.42952728271484,375000
2020-01-22,109.43000030517578,110.23999786376953,107.80000305175781,108.62000274658203,92.04817962646484,309700
2020-01-23,108.20999908447266,109.33000183105469,107.25,108.33000183105469,91.80244445800781,398400
2020-01-24,108.52999877929688,109.0199966430664,107.93000030517578,108.63999938964844,92.06514739990234,309100
2020-01-27,107.19999694824219,109.16000366210938,106.51000213623047,108.5,91.94649505615234,440600
2020-01-28,108.86000061035156,110.02999877929688,108.25,109.30000305175781,92.62445068359375,360400
2020-01-29,113.7699966430664,119.47000122070312,112.97000122070312,115.61000061035156,97.97173309326172,1028000
2020-01-30,114.76000213623047,121.0199966430664,114.51000213623047,120.81999969482422,102.38687133789062,611300
2020-01-31,120.52999877929688,122.8499984741211,120.45999908447266,122.73999786376953,104.01395416259766,525700
2020-02-03,122.3499984741211,125.2699966430664,121.9800033569336,123.86000061035156,104.96307373046875,589800
2020-02-04,124.48999786376953,124.54000091552734,122.4800033569336,122.80999755859375,104.0732650756836,464000
2020-02-05,123.25,123.94000244140625,121.66000366210938,123.79000091552734,104.90373992919922,319000
2020-02-06,124.26000213623047,124.69999694824219,122.23999786376953,123.05999755859375,104.28511810302734,420600
2020-02-07,122.5199966430664,123.80000305175781,121.9000015258789,122.94999694824219,104.19190216064453,398500
2020-02-10,122.5,123.33999633789062,121.22000122070312,121.41000366210938,102.88685607910156,453100
2020-02-11,121.01000213623047,121.5,119.16999816894531,120.16000366210938,101.82759857177734,434100
2020-02-12,120.4000015258789,120.52999877929688,118.4800033569336,119.05999755859375,100.89537811279297,447300
2020-02-13,119.01000213623047,121.38999938964844,118.93000030517578,120.0,101.69196319580078,323800
2020-02-14,120.9800033569336,122.04000091552734,120.12999725341797,121.5199966430664,102.98007202148438,346200
2020-02-18,121.20999908447266,121.29000091552734,119.19000244140625,120.13999938964844,101.81060791015625,293700
2020-02-19,120.5999984741211,121.94999694824219,120.23999786376953,121.58999633789062,103.03939056396484,235300
2020-02-20,121.7699966430664,123.3499984741211,121.62000274658203,122.88999938964844,104.14105224609375,210800
2020-02-21,122.55999755859375,122.55999755859375,121.0,121.23999786376953,102.7427978515625,227000
2020-02-24,119.23999786376953,119.43000030517578,117.52999877929688,118.0,100.47779083251953,307900
2020-02-25,118.0,118.6500015258789,113.54000091552734,113.69999694824219,96.8163070678711,361900
2020-02-26,114.01000213623047,116.30999755859375,113.70999908447266,115.2300033569336,98.1191177368164,309700
2020-02-27,113.6500015258789,115.2300033569336,110.70999908447266,110.77999877929688,94.32990264892578,429100
2020-02-28,107.75,107.95999908447266,103.43000030517578,105.98999786376953,90.25118255615234,749600
2020-03-02,106.73999786376953,114.95999908447266,106.05000305175781,114.8499984741211,97.79552459716797,728800
2020-03-03,115.58000183105469,119.1500015258789,114.55000305175781,117.16999816894531,99.77103424072266,817600
2020-03-04,120.06999969482422,125.69000244140625,117.70999908447266,125.25,106.65119934082031,722500
2020-03-05,122.41999816894531,123.62999725341797,116.38999938964844,118.5999984741211,100.98867797851562,487600
2020-03-06,115.45999908447266,118.2300033569336,112.79000091552734,117.77999877929688,100.29044342041016,497600
2020-03-09,107.0,114.79000091552734,106.4800033569336,111.30000305175781,94.772705078125,579200
2020-03-10,113.75,114.87999725341797,105.7300033569336,112.47000122070312,95.76895141601562,521100
2020-03-11,109.95999908447266,111.79000091552734,103.9800033569336,104.23999786376953,88.76105499267578,737600
2020-03-12,97.6500015258789,98.56999969482422,92.0199966430664,92.91000366210938,79.1135025024414,758400
2020-03-13,97.27999877929688,98.66999816894531,89.23999786376953,98.6500015258789,84.00113677978516,664000
2020-03-16,90.5999984741211,97.93000030517578,88.8499984741211,90.62999725341797,77.17205810546875,655800
2020-03-17,92.66999816894531,104.43000030517578,90.81999969482422,102.77999877929688,87.5178451538086,647300
2020-03-18,95.88999938964844,98.23999786376953,80.08999633789062,84.0199966430664,71.54358673095703,800400
2020-03-19,83.08000183105469,91.2300033569336,80.44000244140625,89.62000274658203,76.3120346069336,596200
2020-03-20,90.01000213623047,90.01000213623047,80.1500015258789,83.52999877929688,71.12635040283203,1023200
2020-03-23,81.51000213623047,85.0,76.5,77.61000061035156,66.08544158935547,546500
2020-03-24,81.41000366210938,89.25,80.69999694824219,88.95999908447266,75.75003814697266,517200
2020-03-25,90.94999694824219,102.66999816894531,90.62999725341797,99.16000366210938,84.4354019165039,1067800
2020-03-26,101.58000183105469,108.94000244140625,101.16999816894531,103.68000030517578,88.28421020507812,810300
2020-03-27,108.25,110.83999633789062,97.95999908447266,102.52999877929688,87.30496978759766,1199500
2020-03-30,104.25,106.4000015258789,100.87000274658203,105.66999816894531,89.97870635986328,612900
2020-03-31,105.29000091552734,106.69999694824219,100.11000061035156,102.4000015258789,87.19427490234375,661400
2020-04-01,98.31999969482422,104.05000305175781,98.30000305175781,100.75,85.78929901123047,412500
2020-04-02,100.4800033569336,105.29000091552734,99.51000213623047,103.41999816894531,88.06281280517578,391100
2020-04-03,102.52999877929688,104.18000030517578,99.11000061035156,100.06999969482422,85.21026611328125,442000
2020-04-06,102.61000061035156,104.44000244140625,101.2699966430664,102.08000183105469,86.92179870605469,522600
2020-04-07,104.69999694824219,104.69999694824219,100.44000244140625,101.33999633789062,86.29167938232422,499900
2020-04-08,103.19999694824219,105.0999984741211,101.2699966430664,104.55000305175781,89.02501678466797,328300
2020-04-09,106.83000183105469,112.18000030517578,105.0199966430664,111.30999755859375,94.78119659423828,447600
2020-04-13,110.48999786376953,111.2300033569336,108.33000183105469,110.83999633789062,94.38099670410156,388200
2020-04-14,113.16999816894531,114.16000366210938,111.16000366210938,113.26000213623047,96.44166564941406,292100
2020-04-15,110.12000274658203,111.66999816894531,108.87999725341797,111.2300033569336,94.71308898925781,329000
2020-04-16,110.77999877929688,116.20999908447266,110.77999877929688,115.72000122070312,98.5363540649414,610500
2020-04-17,116.55999755859375,118.94999694824219,116.19999694824219,117.81999969482422,100.32451629638672,740000
2020-04-20,116.11000061035156,122.9800033569336,114.08000183105469,118.79000091552734,101.15045928955078,435600
2020-04-21,115.72000122070312,119.69999694824219,115.0199966430664,117.76000213623047,100.2734375,292200
2020-04-22,119.70999908447266,121.2300033569336,117.83999633789062,120.16999816894531,102.3255386352539,218000
2020-04-23,121.01000213623047,123.2699966430664,120.83999633789062,122.04000091552734,103.91788482666016,264400
2020-04-24,123.4000015258789,125.38999938964844,120.6500015258789,124.80999755859375,106.27653503417969,232100
2020-04-27,125.0,129.75999450683594,125.0,128.57000732421875,109.47822570800781,386100
2020-04-28,130.5,131.17999267578125,124.70999908447266,125.12000274658203,106.5405044555664,402200
2020-04-29,126.70999908447266,128.8300018310547,125.29000091552734,127.19000244140625,108.30311584472656,307800
2020-04-30,125.80000305175781,125.86000061035156,123.48999786376953,124.02999877929688,105.61236572265625,427400
2020-05-01,122.30999755859375,125.41999816894531,120.73999786376953,125.08999633789062,106.51496887207031,349600
2020-05-04,125.12000274658203,126.9000015258789,122.76000213623047,126.62000274658203,107.81776428222656,432500
2020-05-05,127.19000244140625,131.52999877929688,127.06999969482422,130.42999267578125,111.06201934814453,697400
2020-05-06,129.94000244140625,134.22000122070312,128.9600067138672,131.5,111.97309875488281,705800
2020-05-07,129.8699951171875,136.47000122070312,127.9000015258789,136.0,115.8049087524414,882500
2020-05-08,136.0,140.36000061035156,132.72000122070312,139.82000732421875,119.05767059326172,728100
2020-05-11,138.42999267578125,139.6300048828125,136.75,137.8800048828125,117.40576934814453,563100
2020-05-12,137.52000427246094,142.25,136.8000030517578,138.27000427246094,117.7378158569336,413700
2020-05-13,137.7100067138672,138.60000610351562,134.4600067138672,135.19000244140625,115.11518096923828,314600
2020-05-14,134.1199951171875,141.58999633789062,133.00999450683594,141.22999572753906,120.25827026367188,767300
2020-05-15,140.44000244140625,142.89999389648438,139.1199951171875,139.55999755859375,118.83629608154297,937900
2020-05-18,141.0,146.50999450683594,141.0,144.91000366210938,123.39183807373047,582600
2020-05-19,144.33999633789062,145.97999572753906,142.77999877929688,142.94000244140625,121.71435546875,257400
2020-05-20,145.2899932861328,146.35000610351562,144.05999755859375,145.0800018310547,123.53656768798828,293000
2020-05-21,145.83999633789062,149.8699951171875,145.36000061035156,149.5800018310547,127.3683853149414,507700
2020-05-22,148.89999389648438,151.02999877929688,147.83999633789062,150.6999969482422,128.32203674316406,451800
2020-05-26,149.89999389648438,150.4600067138672,133.88999938964844,134.63999938964844,115.08978271484375,1220300
2020-05-27,136.00999450683594,139.35000610351562,135.3800048828125,139.1199951171875,118.91930389404297,428100
2020-05-28,140.80999755859375,144.25999450683594,138.47000122070312,142.19000244140625,121.54351806640625,378100
2020-05-29,142.75999450683594,143.82000732421875,140.1999969482422,142.57000732421875,121.86835479736328,338400
2020-06-01,142.22999572753906,144.02999877929688,140.08999633789062,143.08999633789062,122.31282043457031,337000
2020-06-02,144.14999389648438,145.41000366210938,140.49000549316406,142.3699951171875,121.69734954833984,345900
2020-06-03,143.19000244140625,143.77999877929688,137.27000427246094,139.0500030517578,118.85944366455078,475800
2020-06-04,138.8000030517578,140.52000427246094,137.3699951171875,138.99000549316406,118.80815887451172,319800
2020-06-05,139.6999969482422,140.17999267578125,132.72999572753906,134.5800018310547,115.03850555419922,668300
2020-06-08,133.6999969482422,139.42999267578125,133.3699951171875,139.32000732421875,119.09024810791016,444100
2020-06-09,146.0,146.14999389648438,139.02000427246094,141.0399932861328,120.56050109863281,767000
2020-06-10,141.67999267578125,144.63999938964844,140.82000732421875,142.77999877929688,122.0478744506836,362500
2020-06-11,139.77000427246094,140.5500030517578,132.22999572753906,133.22000122070312,113.87598419189453,429300
2020-06-12,137.07000732421875,137.07000732421875,130.75999450683594,133.05999755859375,113.73921966552734,429200
2020-06-15,130.50999450683594,132.5,128.64999389648438,131.1999969482422,112.1493148803711,686400
2020-06-16,134.77999877929688,134.89999389648438,131.22000122070312,133.41000366210938,114.03840637207031,551400
2020-06-17,134.8800048828125,136.1199951171875,132.42999267578125,134.32000732421875,114.8162841796875,402500
2020-06-18,133.67999267578125,134.00999450683594,129.2899932861328,129.85000610351562,110.99533081054688,494500
2020-06-19,131.74000549316406,132.25,128.52999877929688,129.42999267578125,110.63632202148438,732800
2020-06-22,129.16000366210938,130.47000122070312,127.80000305175781,130.14999389648438,111.25178527832031,409000
2020-06-23,131.6300048828125,133.74000549316406,130.74000549316406,131.92999267578125,112.77328491210938,446700
2020-06-24,130.52000427246094,131.02999877929688,126.75,129.5800018310547,110.7645492553711,395400
2020-06-25,129.3000030517578,130.63999938964844,127.23999786376953,130.38999938964844,111.4569320678711,363500
2020-06-26,129.57000732421875,130.4199981689453,127.37000274658203,127.55999755859375,109.037841796875,474400
2020-06-29,128.3699951171875,130.86000061035156,127.62000274658203,130.1199951171875,111.22612762451172,248600
2020-06-30,129.89999389648438,134.55999755859375,129.2100067138672,134.47000122070312,114.94447326660156,469000
2020-07-01,134.0,135.55999755859375,132.88999938964844,133.49000549316406,114.1068115234375,566700
2020-07-02,134.86000061035156,135.82000732421875,133.69000244140625,134.6699981689453,115.1154556274414,276800
2020-07-06,136.39999389648438,136.6199951171875,133.02999877929688,134.42999267578125,114.9102783203125,227600
2020-07-07,132.82000732421875,139.7899932861328,132.52000427246094,138.5,118.38931274414062,389600
2020-07-08,138.1699981689453,139.80999755859375,136.6699981689453,138.22000122070312,118.14998626708984,209400
2020-07-09,137.83999633789062,138.6699981689453,134.50999450683594,137.72000122070312,117.72257232666016,285500
2020-07-10,137.67999267578125,139.36000061035156,136.44000244140625,139.07000732421875,118.8765640258789,217500
2020-07-13,140.0,142.89999389648438,138.77999877929688,139.00999450683594,118.82524871826172,343800
2020-07-14,138.4499969482422,142.8699951171875,138.30999755859375,142.85000610351562,122.10768127441406,299100
2020-07-15,143.0,144.60000610351562,141.27999877929688,143.3000030517578,122.49234771728516,345900
2020-07-16,142.80999755859375,144.57000732421875,141.25,141.72999572753906,121.1502914428711,165800
2020-07-17,142.47999572753906,144.94000244140625,142.35000610351562,144.22000122070312,123.27875518798828,256200
2020-07-20,144.22000122070312,145.63999938964844,143.24000549316406,143.8300018310547,122.94539642333984,152700
2020-07-21,144.4499969482422,146.75999450683594,144.4499969482422,145.1699981689453,124.09081268310547,164300
2020-07-22,144.99000549316406,147.77999877929688,144.99000549316406,147.55999755859375,126.13378143310547,178800
2020-07-23,147.5,148.60000610351562,144.38999938964844,144.92999267578125,123.8856430053711,284300
2020-07-24,144.7100067138672,146.4600067138672,143.25999450683594,146.0399932861328,124.83446502685547,197600
2020-07-27,146.27000427246094,149.49000549316406,145.8800048828125,148.39999389648438,126.85181427001953,283300
2020-07-28,147.9499969482422,148.97999572753906,145.22000122070312,145.42999267578125,124.31306457519531,346400
2020-07-29,163.02000427246094,167.4600067138672,159.80999755859375,162.52000427246094,138.92152404785156,1481900
2020-07-30,162.0,162.02000427246094,156.25,157.25,134.416748046875,550800
2020-07-31,157.9199981689453,159.32000732421875,154.67999267578125,158.57000732421875,135.5450897216797,413200
2020-08-03,159.6999969482422,160.5500030517578,157.1999969482422,158.08999633789062,135.13479614257812,364800
2020-08-04,157.66000366210938,158.92999267578125,156.7100067138672,157.9199981689453,134.98948669433594,362000
2020-08-05,158.47999572753906,160.16000366210938,156.72000122070312,156.9199981689453,134.1346893310547,217200
2020-08-06,157.4199981689453,157.80999755859375,155.60000610351562,156.75999450683594,133.9978790283203,334900
2020-08-07,157.66000366210938,158.5399932861328,156.0500030517578,158.47000122070312,135.4595947265625,323000
2020-08-10,158.94000244140625,160.02000427246094,155.60000610351562,155.72000122070312,133.10890197753906,377300
2020-08-11,156.36000061035156,157.05999755859375,149.22999572753906,154.63999938964844,132.1857147216797,585900
2020-08-12,155.92999267578125,160.9499969482422,155.5500030517578,160.0,136.76747131347656,400900
2020-08-13,159.55999755859375,163.66000366210938,158.80999755859375,162.41000366210938,138.82752990722656,369600
2020-08-14,162.5,164.57000732421875,162.1699981689453,163.6300048828125,139.87037658691406,441100
2020-08-17,164.4499969482422,166.94000244140625,164.36000061035156,166.3800048828125,142.2210693359375,407100
2020-08-18,166.49000549316406,167.7100067138672,165.5500030517578,166.25999450683594,142.11846923828125,315100
2020-08-19,166.27999877929688,166.47999572753906,164.4499969482422,165.72999572753906,141.6654510498047,240900
2020-08-20,165.38999938964844,171.19000244140625,164.86000061035156,170.60000610351562,145.82830810546875,421000
2020-08-21,170.0,171.02000427246094,168.0399932861328,170.77000427246094,145.97364807128906,275300
2020-08-24,172.99000549316406,175.5399932861328,172.4199981689453,172.7899932861328,147.70030212402344,343600
2020-08-25,174.11000061035156,176.0800018310547,172.72000122070312,174.88999938964844,149.49537658691406,530700
2020-08-26,169.25,169.25,159.27999877929688,163.14999389648438,144.09030151367188,866200
2020-08-27,163.33999633789062,168.36000061035156,163.3000030517578,166.55999755859375,147.10195922851562,388400
2020-08-28,166.47999572753906,168.64999389648438,166.02999877929688,167.85000610351562,148.24127197265625,226500
2020-08-31,167.35000610351562,169.3000030517578,166.3300018310547,168.52999877929688,148.841796875,308700
2020-09-01,169.1199951171875,170.42999267578125,167.41000366210938,170.0800018310547,150.2107391357422,279800
2020-09-02,170.3699951171875,171.8000030517578,168.69000244140625,169.8000030517578,149.96347045898438,266000
2020-09-03,169.47000122070312,169.74000549316406,161.2100067138672,163.42999267578125,144.3376007080078,300500
2020-09-04,164.25,165.11000061035156,156.25999450683594,160.66000366210938,141.89122009277344,426900
2020-09-08,159.6300048828125,160.08999633789062,155.99000549316406,157.42999267578125,139.03854370117188,323800
2020-09-09,159.47000122070312,163.1300048828125,158.7100067138672,162.05999755859375,143.1276397705078,364300
2020-09-10,163.0,163.9199981689453,160.5,161.4499969482422,142.5889434814453,330100
2020-09-11,162.88999938964844,163.8000030517578,158.91000366210938,159.99000549316406,141.2994842529297,187900
2020-09-14,162.0,162.74000549316406,159.38999938964844,159.82000732421875,141.14935302734375,306500
2020-09-15,165.75,166.3000030517578,159.52999877929688,160.57000732421875,141.81173706054688,519100
2020-09-16,160.1699981689453,160.47000122070312,154.25,154.63999938964844,136.574462890625,439600
2020-09-17,153.66000366210938,156.72000122070312,150.1300048828125,154.74000549316406,136.66281127929688,501300
2020-09-18,155.35000610351562,155.38999938964844,147.7100067138672,149.1300048828125,131.70819091796875,860200
2020-09-21,147.17999267578125,148.2899932861328,144.1300048828125,147.8800048828125,130.6042022705078,476300
2020-09-22,148.30999755859375,152.91000366210938,147.0500030517578,152.14999389648438,134.3753662109375,345900
2020-09-23,151.58999633789062,151.63999938964844,144.92999267578125,145.8000030517578,128.76719665527344,377700
2020-09-24,145.77999877929688,147.5,143.0800018310547,146.99000549316406,129.8181915283203,527000
2020-09-25,146.14999389648438,149.92999267578125,146.0,149.14999389648438,131.72586059570312,370900
2020-09-28,151.47999572753906,152.83999633789062,150.7100067138672,152.3000030517578,134.5078582763672,257100
2020-09-29,153.0,153.89999389648438,150.55999755859375,152.30999755859375,134.5166778564453,383300
2020-09-30,152.35000610351562,155.27999877929688,150.50999450683594,152.91000366210938,135.04656982421875,479400
2020-10-01,153.24000549316406,154.05999755859375,149.19000244140625,150.47999572753906,132.90049743652344,246300
2020-10-02,148.74000549316406,152.24000549316406,147.38999938964844,150.75,133.13894653320312,228900
2020-10-05,151.3699951171875,154.52999877929688,151.0399932861328,153.07000732421875,135.1879425048828,243200
2020-10-06,153.0,154.0800018310547,151.0,151.80999755859375,134.0750732421875,348700
2020-10-07,153.49000549316406,156.0800018310547,153.27999877929688,155.17999267578125,137.05137634277344,286900
2020-10-08,156.05999755859375,157.75999450683594,154.75999450683594,156.75999450683594,138.44679260253906,214000
2020-10-09,157.6300048828125,165.5,157.6300048828125,164.0500030517578,144.88519287109375,419600
2020-10-12,164.42999267578125,166.1999969482422,161.82000732421875,163.42999267578125,144.3376007080078,270300
2020-10-13,162.19000244140625,165.8800048828125,161.14999389648438,165.32000732421875,146.00682067871094,203900
2020-10-14,165.64999389648438,167.49000549316406,165.19000244140625,166.4199981689453,146.9783477783203,193600
2020-10-15,164.61000061035156,168.0,163.7899932861328,166.38999938964844,146.95181274414062,171200
2020-10-16,166.67999267578125,167.33999633789062,165.02999877929688,166.17999267578125,146.76632690429688,206100
2020-10-19,166.42999267578125,169.19000244140625,163.6300048828125,163.7899932861328,144.6555633544922,285500
2020-10-20,164.5,165.25999450683594,161.5,162.02000427246094,143.0923309326172,222300
2020-10-21,162.0,162.00999450683594,155.1199951171875,156.24000549316406,137.98756408691406,432700
2020-10-22,157.19000244140625,157.47999572753906,154.4199981689453,156.92999267578125,138.59693908691406,255600
2020-10-23,158.17999267578125,159.3699951171875,156.49000549316406,158.92999267578125,140.36328125,221500
2020-10-26,157.1699981689453,158.47000122070312,152.61000061035156,155.22000122070312,137.08670043945312,313300
2020-10-27,155.17999267578125,156.33999633789062,154.47000122070312,155.19000244140625,137.0602264404297,182700
2020-10-28,152.0500030517578,156.99000549316406,150.94000244140625,155.42999267578125,137.27220153808594,326800
2020-10-29,154.8000030517578,157.80999755859375,152.50999450683594,156.27000427246094,138.01406860351562,294600
2020-10-30,154.69000244140625,155.1699981689453,147.67999267578125,150.0500030517578,132.52069091796875,373500
2020-11-02,153.41000366210938,157.74000549316406,152.57000732421875,155.33999633789062,137.19271850585938,373800
2020-11-03,156.5800018310547,159.4600067138672,154.3800048828125,158.02000427246094,139.55963134765625,481900
2020-11-04,153.0,166.0,151.11000061035156,162.89999389648438,143.8695526123047,526000
2020-11-05,166.24000549316406,172.25,165.5399932861328,171.16000366210938,151.1645965576172,381200
2020-11-06,171.91000366210938,178.2100067138672,171.91000366210938,176.47000122070312,155.85426330566406,358900
2020-11-09,179.1999969482422,179.97000122070312,155.27999877929688,155.63999938964844,137.45765686035156,595500
2020-11-10,155.66000366210938,163.4600067138672,155.66000366210938,161.08999633789062,142.2709503173828,370600
2020-11-11,162.64999389648438,164.6699981689453,160.0,164.50999450683594,145.2914276123047,249800
2020-11-12,167.50999450683594,170.0,164.52999877929688,166.1300048828125,146.7222137451172,323200
2020-11-13,167.1199951171875,167.39999389648438,164.19000244140625,166.39999389648438,146.96063232421875,221600
2020-11-16,164.5800018310547,169.0800018310547,163.83999633789062,167.35000610351562,147.79966735839844,269400
2020-11-17,166.22999572753906,169.7100067138672,163.02999877929688,168.52000427246094,148.83299255371094,270900
2020-11-18,167.94000244140625,169.4499969482422,166.25999450683594,167.35000610351562,147.79966735839844,178400
2020-11-19,166.57000732421875,169.2100067138672,165.5,168.25,148.5945281982422,198200
2020-11-20,168.5399932861328,170.39999389648438,167.30999755859375,169.3300018310547,149.54837036132812,420700
2020-11-23,169.5,171.7899932861328,169.14999389648438,170.49000549316406,150.57284545898438,181600
2020-11-24,171.14999389648438,172.49000549316406,169.1300048828125,170.57000732421875,150.64349365234375,211900
2020-11-25,171.05999755859375,171.47999572753906,169.1999969482422,169.41000366210938,149.6189727783203,226300
2020-11-27,169.24000549316406,172.7100067138672,169.17999267578125,171.82000732421875,152.30487060546875,125000
2020-11-30,172.0,177.19000244140625,171.49000549316406,175.77000427246094,155.8062286376953,344200
2020-12-01,176.86000061035156,178.0,174.52999877929688,176.1999969482422,156.18739318847656,323000
2020-12-02,174.75,175.5,168.80999755859375,169.24000549316406,150.01791381835938,253400
2020-12-03,169.25,173.22999572753906,169.2100067138672,170.3300018310547,150.98410034179688,246000
2020-12-04,171.13999938964844,175.3699951171875,171.13999938964844,173.8300018310547,154.0865936279297,257000
2020-12-07,174.0,175.42999267578125,172.16000366210938,173.5399932861328,153.8295135498047,154100
2020-12-08,171.6999969482422,178.58999633789062,171.07000732421875,177.3000030517578,157.16244506835938,304000
2020-12-09,177.72999572753906,181.08999633789062,176.33999633789062,179.0,158.6693878173828,266500
2020-12-10,178.22000122070312,186.99000549316406,177.0399932861328,186.9199981689453,165.68980407714844,464300
2020-12-11,189.1999969482422,196.35000610351562,186.55999755859375,190.22000122070312,168.61502075195312,489500
2020-12-14,192.05999755859375,196.64999389648438,192.05999755859375,192.30999755859375,170.46763610839844,416400
2020-12-15,194.30999755859375,196.2100067138672,187.83999633789062,190.0,168.4199981689453,405400
2020-12-16,191.33999633789062,193.02999877929688,190.00999450683594,190.9600067138672,169.2709503173828,294000
2020-12-17,192.27000427246094,199.94000244140625,192.27000427246094,199.8699951171875,177.16896057128906,312100
2020-12-18,200.85000610351562,202.63999938964844,198.44000244140625,200.0500030517578,177.32852172851562,529100
2020-12-21,196.25999450683594,198.67999267578125,195.07000732421875,198.5800018310547,176.0254669189453,272000
2020-12-22,198.75999450683594,201.22999572753906,194.7899932861328,199.92999267578125,177.22215270996094,338900
2020-12-23,199.39999389648438,201.32000732421875,197.6699981689453,199.60000610351562,176.9296417236328,187200
2020-12-24,199.24000549316406,201.4199981689453,198.17999267578125,199.5,176.8410186767578,76700
2020-12-28,201.02999877929688,201.02999877929688,197.0500030517578,197.32000732421875,174.9086151123047,183400
2020-12-29,198.7100067138672,199.69000244140625,191.8800048828125,195.14999389648438,172.98507690429688,262100
2020-12-30,196.02999877929688,198.63999938964844,194.47000122070312,196.5,174.1817626953125,164900
2020-12-31,196.14999389648438,199.92999267578125,194.50999450683594,199.13999938964844,176.5218963623047,175000
2021-01-04,201.22000122070312,205.97999572753906,198.27000427246094,200.72000122070312,177.92245483398438,310500
2021-01-05,199.7899932861328,204.3699951171875,199.36000061035156,203.07000732421875,180.00550842285156,255200
2021-01-06,205.24000549316406,218.72000122070312,204.0800018310547,214.88999938964844,190.48300170898438,505100
2021-01-07,219.5,225.2100067138672,217.50999450683594,223.11000061035156,197.7694091796875,828100
2021-01-08,223.75,229.0500030517578,222.75,225.94000244140625,200.27796936035156,270100
2021-01-11,223.17999267578125,224.72000122070312,218.0,223.66000366210938,198.25692749023438,314900
2021-01-12,225.1300048828125,229.5800018310547,223.60000610351562,226.17999267578125,200.49070739746094,309000
2021-01-13,226.75,227.50999450683594,223.2899932861328,224.72000122070312,199.19656372070312,216900
2021-01-14,224.60000610351562,226.85000610351562,220.69000244140625,223.9499969482422,198.51400756835938,260100
2021-01-15,222.39999389648438,223.5800018310547,218.1199951171875,220.88999938964844,195.8015899658203,211800
2021-01-19,222.47999572753906,223.0,218.19000244140625,218.75999450683594,193.9134979248047,325000
2021-01-20,220.30999755859375,222.63999938964844,218.24000549316406,222.4600067138672,197.19326782226562,292800
2021-01-21,224.1300048828125,228.41000366210938,223.14999389648438,227.4199981689453,201.58990478515625,209000
2021-01-22,225.08999633789062,231.6699981689453,225.08999633789062,231.0,204.7632598876953,310400
2021-01-25,232.5399932861328,237.67999267578125,228.72000122070312,230.75999450683594,204.55050659179688,311800
2021-01-26,230.7899932861328,231.13999938964844,224.69000244140625,226.2100067138672,200.51730346679688,358900
2021-01-27,222.7100067138672,229.74000549316406,218.77999877929688,220.32000732421875,195.2963104248047,384600
2021-01-28,221.1999969482422,228.47000122070312,221.1999969482422,226.63999938964844,200.8984832763672,327100
2021-01-29,225.0,229.5800018310547,221.25999450683594,221.41000366210938,196.2624969482422,352400
2021-02-01,224.27999877929688,229.69000244140625,224.27999877929688,227.33999633789062,201.5189666748047,653900
2021-02-02,231.3000030517578,232.8000030517578,223.75,228.5,202.54721069335938,435100
2021-02-03,238.08999633789062,250.0,235.5,240.1699981689453,212.89173889160156,1115700
2021-02-04,243.11000061035156,243.5399932861328,231.5500030517578,236.6199951171875,209.7449493408203,502000
2021-02-05,236.75,238.55999755859375,234.0500030517578,236.52999877929688,209.6651611328125,351700
2021-02-08,237.1999969482422,241.6999969482422,234.97999572753906,239.52000427246094,212.31558227539062,476800
2021-02-09,239.52000427246094,242.1699981689453,235.99000549316406,240.5399932861328,213.21974182128906,305900
2021-02-10,243.05999755859375,243.05999755859375,234.16000366210938,239.50999450683594,212.30670166015625,261600
2021-02-11,240.0,242.05999755859375,235.6300048828125,240.8800048828125,213.52110290527344,376900
2021-02-12,240.39999389648438,246.55999755859375,239.05999755859375,245.41000366210938,217.53659057617188,471900
2021-02-16,246.99000549316406,247.10000610351562,241.9199981689453,244.16000366210938,216.4285430908203,281800
2021-02-17,241.91000366210938,242.99000549316406,237.82000732421875,238.85000610351562,211.72166442871094,271000
2021-02-18,236.0,236.5,231.66000366210938,231.67999267578125,205.36605834960938,457500
2021-02-19,232.5800018310547,236.00999450683594,232.0,233.57000732421875,207.0413818359375,506500
2021-02-22,231.64999389648438,232.35000610351562,223.92999267578125,225.66000366210938,200.02980041503906,392000
2021-02-23,218.7899932861328,223.6199951171875,211.1199951171875,221.55999755859375,196.93653869628906,572800
2021-02-24,220.9600067138672,224.52000427246094,218.16000366210938,220.3800048828125,195.88768005371094,388800
2021-02-25,219.1699981689453,220.0,212.1199951171875,213.02999877929688,189.35452270507812,281400
2021-02-26,213.91000366210938,216.25999450683594,208.52999877929688,213.14999389648438,189.46119689941406,433300
2021-03-01,215.25999450683594,226.72000122070312,215.17999267578125,224.77999877929688,199.79869079589844,622500
2021-03-02,226.6199951171875,227.24000549316406,216.3000030517578,216.5399932861328,192.4744415283203,418700
2021-03-03,216.3000030517578,216.3000030517578,205.6199951171875,205.97999572753906,183.08804321289062,435900
2021-03-04,205.0,207.02000427246094,194.66000366210938,198.1999969482422,176.17266845703125,527400
2021-03-05,199.4600067138672,201.5800018310547,185.8000030517578,200.97999572753906,178.64370727539062,517600
2021-03-08,202.25,207.25999450683594,198.27000427246094,198.61000061035156,176.53713989257812,498000
2021-03-09,202.89999389648438,214.58999633789062,202.89999389648438,211.4499969482422,187.9501190185547,508100
2021-03-10,214.61000061035156,221.52000427246094,214.5800018310547,218.3699951171875,194.10107421875,443600
2021-03-11,222.5,223.41000366210938,216.2899932861328,220.3300018310547,195.84324645996094,402900
2021-03-12,218.25999450683594,223.88999938964844,216.75,223.77000427246094,198.90093994140625,369100
2021-03-15,225.17999267578125,235.85000610351562,224.0,234.2100067138672,208.18064880371094,434700
2021-03-16,236.5,238.80999755859375,233.77999877929688,234.85000610351562,208.7495574951172,346900
2021-03-17,232.55999755859375,236.75,228.08999633789062,228.75,203.32748413085938,541300
2021-03-18,226.9199981689453,232.85000610351562,223.10000610351562,228.82000732421875,203.3897247314453,548200
2021-03-19,229.7899932861328,236.36000061035156,225.1699981689453,234.88999938964844,208.7850799560547,649300
2021-03-22,234.27000427246094,236.0800018310547,231.00999450683594,233.49000549316406,207.54067993164062,478200
2021-03-23,231.75,233.16000366210938,226.7899932861328,228.47999572753906,203.0874786376953,582000
2021-03-24,229.77999877929688,232.36000061035156,225.72999572753906,230.52999877929688,204.90966796875,363400
2021-03-25,229.0,237.72000122070312,227.88999938964844,235.3699951171875,209.21173095703125,433000
2021-03-26,237.25,242.0800018310547,235.4499969482422,241.4199981689453,214.58937072753906,460900
2021-03-29,242.94000244140625,244.30999755859375,239.74000549316406,242.99000549316406,215.98486328125,374900
2021-03-30,243.0,245.0,240.27999877929688,244.99000549316406,217.7626190185547,332400
2021-03-31,246.00999450683594,247.5399932861328,243.9499969482422,244.97000122070312,217.7448272705078,404100
2021-04-01,247.3300018310547,251.4199981689453,245.1300048828125,250.0,222.2158203125,319800
2021-04-05,252.0,254.33999633789062,248.52000427246094,252.6199951171875,224.54461669921875,326500
2021-04-06,252.0,253.52999877929688,249.24000549316406,249.97999572753906,222.1980438232422,307300
2021-04-07,250.5399932861328,252.0,247.1699981689453,247.85000610351562,220.3047332763672,256100
2021-04-08,249.1699981689453,254.10000610351562,245.57000732421875,250.16000366210938,222.35801696777344,326100
2021-04-09,250.24000549316406,252.14999389648438,247.72000122070312,248.99000549316406,221.3180694580078,350000
2021-04-12,249.3800048828125,253.05999755859375,248.67999267578125,250.2100067138672,222.40243530273438,297200
2021-04-13,249.0,249.99000549316406,239.1300048828125,240.22000122070312,213.52268981933594,358900
2021-04-14,240.0,244.66000366210938,239.80999755859375,241.19000244140625,214.3849334716797,533800
2021-04-15,243.39999389648438,244.30999755859375,233.3800048828125,234.4199981689453,208.36732482910156,326800
2021-04-16,236.0,240.4499969482422,234.9199981689453,238.22999572753906,211.75387573242188,340400
2021-04-19,237.83999633789062,239.3800048828125,230.5800018310547,233.27000427246094,207.3450927734375,355100
2021-04-20,233.94000244140625,234.94000244140625,225.5399932861328,227.4600067138672,202.18080139160156,365200
2021-04-21,226.97999572753906,232.07000732421875,226.4600067138672,231.22000122070312,205.52294921875,250500
2021-04-22,231.25999450683594,232.0,226.16000366210938,229.47000122070312,203.96743774414062,262300
2021-04-23,230.99000549316406,234.91000366210938,229.08999633789062,232.83999633789062,206.96290588378906,225100
2021-04-26,234.0,236.36000061035156,233.0,236.0800018310547,209.8428192138672,234500
2021-04-27,237.49000549316406,238.35000610351562,234.77999877929688,237.82000732421875,211.3894500732422,187200
2021-04-28,237.0,238.02999877929688,235.74000549316406,237.69000244140625,211.27391052246094,255700
2021-04-29,239.1999969482422,239.22000122070312,234.89999389648438,237.14999389648438,210.7938995361328,193100
2021-04-30,236.0399932861328,236.47999572753906,230.9199981689453,231.16000366210938,205.46961975097656,638000
2021-05-03,231.86000061035156,234.47999572753906,229.3800048828125,231.11000061035156,205.42515563964844,309200
2021-05-04,228.7100067138672,229.63999938964844,223.1199951171875,227.97999572753906,202.6430206298828,473100
2021-05-05,228.02999877929688,243.39999389648438,228.02999877929688,242.35000610351562,215.416015625,665900
2021-05-06,242.35000610351562,242.52999877929688,235.72000122070312,240.44000244140625,213.71826171875,385100
2021-05-07,241.4600067138672,245.41000366210938,237.69000244140625,244.11000061035156,216.9803924560547,333200
2021-05-10,244.10000610351562,247.83999633789062,241.22000122070312,241.97000122070312,215.0782470703125,200100
2021-05-11,235.60000610351562,242.97000122070312,233.86000061035156,242.63999938964844,215.6737518310547,325700
2021-05-12,240.0500030517578,240.74000549316406,228.0,228.33999633789062,202.96304321289062,370500
2021-05-13,228.4499969482422,234.27999877929688,224.33999633789062,228.41000366210938,203.02525329589844,323000
2021-05-14,229.25999450683594,231.72000122070312,228.49000549316406,229.99000549316406,204.42965698242188,204200
2021-05-17,229.97999572753906,230.0,226.0500030517578,229.02999877929688,203.5763397216797,169600
2021-05-18,229.3000030517578,229.66000366210938,222.39999389648438,223.11000061035156,198.3142547607422,369300
2021-05-19,218.0,220.0800018310547,212.47999572753906,219.9600067138672,195.51434326171875,266400
2021-05-20,219.9199981689453,220.3000030517578,215.92999267578125,216.0,191.9944305419922,286600
2021-05-21,216.60000610351562,219.36000061035156,214.82000732421875,215.0,191.10560607910156,206400
2021-05-24,217.38999938964844,219.47999572753906,215.89999389648438,219.0800018310547,194.73214721679688,203100
2021-05-25,219.77000427246094,220.1300048828125,215.94000244140625,216.4600067138672,192.40333557128906,175300
2021-05-26,216.1300048828125,219.8699951171875,215.08999633789062,219.47000122070312,195.63916015625,218500
2021-05-27,221.05999755859375,221.66000366210938,214.91000366210938,215.47999572753906,192.0823974609375,357900
2021-05-28,216.97999572753906,219.22000122070312,213.72000122070312,217.3699951171875,193.7672119140625,456000
2021-06-01,219.99000549316406,219.99000549316406,211.3000030517578,211.80999755859375,188.81092834472656,434400
2021-06-02,214.19000244140625,214.19000244140625,207.5800018310547,207.6999969482422,185.147216796875,639900
2021-06-03,207.2899932861328,207.2899932861328,200.0500030517578,201.5399932861328,179.6560516357422,804700
2021-06-04,203.16000366210938,203.75,197.3800048828125,201.33999633789062,179.47779846191406,587800
2021-06-07,201.0,207.33999633789062,198.75,206.0399932861328,183.6674346923828,908800
2021-06-08,206.99000549316406,206.99000549316406,199.25999450683594,202.5399932861328,180.5474853515625,514400
2021-06-09,202.94000244140625,204.4499969482422,199.85000610351562,200.00999450683594,178.2921905517578,424700
2021-06-10,200.63999938964844,200.63999938964844,193.27000427246094,194.0500030517578,172.97935485839844,481800
2021-06-11,195.36000061035156,197.3699951171875,190.7100067138672,192.33999633789062,171.45504760742188,630500
2021-06-14,192.27000427246094,194.3300018310547,189.4600067138672,193.58999633789062,172.56932067871094,618800
2021-06-15,194.6199951171875,194.7899932861328,189.35000610351562,189.94000244140625,169.3156280517578,530100
2021-06-16,190.55999755859375,192.10000610351562,188.16000366210938,190.52999877929688,169.84156799316406,650800
2021-06-17,189.36000061035156,191.0500030517578,185.55999755859375,188.97000122070312,168.4509735107422,697900
2021-06-18,187.3699951171875,193.27000427246094,186.0500030517578,192.47000122070312,171.57093811035156,1045700
2021-06-21,193.38999938964844,196.3000030517578,193.0,194.6300048828125,173.4964141845703,601600
2021-06-22,196.3300018310547,198.17999267578125,194.5500030517578,196.77999877929688,175.41293334960938,684100
2021-06-23,196.75,197.9600067138672,189.47999572753906,191.67999267578125,170.86671447753906,674900
2021-06-24,192.94000244140625,193.89999389648438,190.13999938964844,191.9600067138672,171.11630249023438,406800
2021-06-25,192.0,192.25,188.63999938964844,189.32000732421875,168.76295471191406,529500
2021-06-28,190.5,191.85000610351562,189.0500030517578,191.16000366210938,170.40318298339844,326400
2021-06-29,192.02999877929688,193.13999938964844,190.50999450683594,191.66000366210938,170.848876953125,257600
2021-06-30,190.8300018310547,192.27999877929688,189.25999450683594,191.9199981689453,171.08065795898438,368200
2021-07-01,193.14999389648438,193.5,189.75,191.02000427246094,170.27835083007812,294000
2021-07-02,191.99000549316406,191.99000549316406,187.57000732421875,188.58999633789062,168.11221313476562,319400
2021-07-06,189.36000061035156,189.57000732421875,183.52999877929688,185.60000610351562,165.4468994140625,437400
2021-07-07,185.66000366210938,188.1699981689453,183.80999755859375,185.0,164.9120330810547,307800
2021-07-08,182.5,182.64999389648438,178.1699981689453,179.0,159.56356811523438,476500
2021-07-09,180.88999938964844,184.0,180.08999633789062,183.36000061035156,163.4501190185547,456500
2021-07-12,181.19000244140625,182.97999572753906,180.0,182.64999389648438,162.8172149658203,220500
2021-07-13,181.77000427246094,182.0500030517578,179.5800018310547,180.75,161.12350463867188,236300
2021-07-14,181.27000427246094,183.0,179.5,179.7899932861328,160.26773071289062,328200
2021-07-15,178.8699951171875,180.0,177.27999877929688,177.99000549316406,158.6632080078125,405000
2021-07-16,179.52000427246094,183.74000549316406,177.2899932861328,180.11000061035156,160.5530242919922,373500
2021-07-19,176.47000122070312,180.08999633789062,175.1999969482422,178.52999877929688,159.1445770263672,404600
2021-07-20,178.66000366210938,182.67999267578125,177.6999969482422,181.39999389648438,161.70294189453125,434500
2021-07-21,182.00999450683594,183.64999389648438,180.11000061035156,182.72000122070312,162.87957763671875,303700
2021-07-22,183.36000061035156,183.36000061035156,179.9600067138672,181.60000610351562,161.88124084472656,259500
2021-07-23,182.1699981689453,183.1199951171875,180.94000244140625,182.5500030517578,162.7280731201172,213300
2021-07-26,183.0,183.3699951171875,180.9499969482422,183.02000427246094,163.1470489501953,237400
2021-07-27,182.0,182.41000366210938,179.42999267578125,180.41000366210938,160.82046508789062,190300
2021-07-28,181.5500030517578,182.58999633789062,179.14999389648438,181.75999450683594,162.02383422851562,207800
2021-07-29,181.89999389648438,182.27000427246094,178.61000061035156,178.83999633789062,159.42091369628906,245900
2021-07-30,178.69000244140625,179.8300018310547,175.57000732421875,176.9600067138672,157.7450714111328,446800
2021-08-02,178.14999389648438,179.22999572753906,174.44000244140625,174.52000427246094,155.57000732421875,493400
2021-08-03,174.49000549316406,177.22999572753906,172.75,176.80999755859375,157.611328125,493100
2021-08-04,175.99000549316406,175.99000549316406,164.2899932861328,164.55999755859375,146.6914825439453,737200
2021-08-05,164.66000366210938,167.3000030517578,161.72999572753906,162.3699951171875,144.73928833007812,498900
2021-08-06,162.9600067138672,165.42999267578125,162.22000122070312,164.08999633789062,146.2725067138672,425700
2021-08-09,163.1999969482422,163.6300048828125,161.6999969482422,162.77000427246094,145.09584045410156,425200
2021-08-10,163.13999938964844,164.0,159.4600067138672,159.8000030517578,142.44834899902344,427900
2021-08-11,160.5,161.91000366210938,158.99000549316406,161.61000061035156,144.06182861328125,245000
2021-08-12,161.10000610351562,161.10000610351562,157.77999877929688,158.39999389648438,141.20034790039062,439900
2021-08-13,158.1300048828125,158.22999572753906,153.86000061035156,156.3699951171875,139.3907928466797,434500
2021-08-16,154.8800048828125,156.0399932861328,152.3699951171875,153.16000366210938,136.52935791015625,504100
2021-08-17,152.27999877929688,153.85000610351562,150.0500030517578,151.8000030517578,135.31700134277344,402900
2021-08-18,152.2100067138672,157.9600067138672,151.75,154.91000366210938,138.08932495117188,553700
2021-08-19,153.8800048828125,156.85000610351562,153.0399932861328,154.16000366210938,137.42076110839844,349300
2021-08-20,154.3699951171875,157.74000549316406,154.3699951171875,157.3800048828125,140.29112243652344,342900
2021-08-23,157.9600067138672,159.41000366210938,155.57000732421875,158.02999877929688,140.8705291748047,289500
2021-08-24,159.86000061035156,160.25,157.66000366210938,158.52999877929688,141.3162078857422,262100
2021-08-25,158.80999755859375,160.25999450683594,156.7100067138672,159.47999572753906,142.16311645507812,383500
2021-08-26,159.0,159.3000030517578,157.00999450683594,157.49000549316406,140.97262573242188,271000
2021-08-27,156.9499969482422,161.42999267578125,156.9499969482422,160.8300018310547,143.96226501464844,313400
2021-08-30,161.00999450683594,161.00999450683594,157.85000610351562,158.00999450683594,141.43804931640625,308800
2021-08-31,158.0500030517578,158.0500030517578,156.08999633789062,156.8300018310547,140.38182067871094,418400
2021-09-01,156.74000549316406,158.38999938964844,154.6199951171875,156.77000427246094,140.3280792236328,449600
2021-09-02,157.1300048828125,161.77000427246094,157.0800018310547,159.86000061035156,143.093994140625,367100
2021-09-03,159.8699951171875,161.4199981689453,158.25,159.61000061035156,142.8702392578125,487500
2021-09-07,158.94000244140625,159.35000610351562,156.00999450683594,156.05999755859375,139.69256591796875,417900
2021-09-08,155.61000061035156,156.6199951171875,152.72999572753906,154.85000610351562,138.6094512939453,289100
2021-09-09,154.19000244140625,157.07000732421875,154.00999450683594,154.89999389648438,138.65420532226562,151400
2021-09-10,156.05999755859375,156.82000732421875,151.55999755859375,151.6199951171875,135.71823120117188,374400
2021-09-13,152.57000732421875,154.32000732421875,151.74000549316406,154.05999755859375,137.90231323242188,265300
2021-09-14,152.99000549316406,153.02999877929688,143.1999969482422,144.91000366210938,129.71197509765625,881400
2021-09-15,143.57000732421875,146.60000610351562,141.92999267578125,145.57000732421875,130.30274963378906,731700
2021-09-16,146.33999633789062,146.33999633789062,141.3800048828125,143.38999938964844,128.35137939453125,519300
2021-09-17,142.6699981689453,143.97999572753906,140.69000244140625,142.30999755859375,127.38463592529297,1054000
2021-09-20,139.8699951171875,145.67999267578125,139.1999969482422,145.5,130.24008178710938,439500
2021-09-21,146.17999267578125,147.88999938964844,145.58999633789062,146.39999389648438,131.04566955566406,549500
2021-09-22,147.0399932861328,147.72999572753906,145.1199951171875,145.47000122070312,130.21324157714844,365100
2021-09-23,146.05999755859375,148.2899932861328,145.58999633789062,146.0,130.6876220703125,337100
2021-09-24,145.02000427246094,146.16000366210938,144.72999572753906,144.85000610351562,129.6582489013672,267200
2021-09-27,147.5,150.5500030517578,147.0,147.4600067138672,131.99452209472656,500500
2021-09-28,148.30999755859375,153.1300048828125,148.24000549316406,149.6999969482422,133.9995880126953,666400
2021-09-29,149.99000549316406,151.08999633789062,147.97999572753906,148.35000610351562,132.79119873046875,308300
2021-09-30,148.69000244140625,149.08999633789062,145.74000549316406,146.36000061035156,131.00990295410156,406700
2021-10-01,146.05999755859375,148.97999572753906,145.69000244140625,147.13999938964844,131.70809936523438,267900
2021-10-04,147.0,148.32000732421875,145.8300018310547,146.25,130.91140747070312,421300
2021-10-05,145.5,147.83999633789062,145.38999938964844,146.55999755859375,131.18887329101562,340600
2021-10-06,146.41000366210938,147.58999633789062,145.07000732421875,147.44000244140625,131.9766387939453,384600
2021-10-07,148.7100067138672,151.4499969482422,147.83999633789062,147.99000549316406,132.46893310546875,250600
2021-10-08,147.86000061035156,147.86000061035156,145.5,146.97000122070312,131.555908203125,276900
2021-10-11,148.3000030517578,149.57000732421875,147.80999755859375,148.58999633789062,133.00601196289062,244800
2021-10-12,149.07000732421875,151.2899932861328,148.92999267578125,150.47000122070312,134.6888427734375,268500
2021-10-13,150.8300018310547,151.2899932861328,146.16000366210938,146.67999267578125,131.2963104248047,320300
2021-10-14,147.8000030517578,149.3699951171875,146.8800048828125,148.5800018310547,132.99705505371094,354700
2021-10-15,150.61000061035156,150.7899932861328,147.72000122070312,148.35000610351562,132.79119873046875,276000
2021-10-18,147.5399932861328,150.66000366210938,146.05999755859375,148.2899932861328,132.7374725341797,515200
2021-10-19,148.5,149.16000366210938,147.0,148.5,132.92544555664062,371500
2021-10-20,148.64999389648438,149.6300048828125,147.52000427246094,147.99000549316406,132.46893310546875,312100
2021-10-21,147.5,148.42999267578125,146.7100067138672,147.88999938964844,132.3794403076172,304500
2021-10-22,148.0,149.1199951171875,147.0,147.33999633789062,131.88710021972656,227700
2021-10-25,147.74000549316406,150.57000732421875,147.0,147.7899932861328,132.28988647460938,292300
2021-10-26,148.42999267578125,152.32000732421875,147.52999877929688,149.5800018310547,133.8922119140625,338300
2021-10-27,149.49000549316406,149.5800018310547,146.6699981689453,147.36000061035156,131.905029296875,447900
2021-10-28,147.69000244140625,148.5800018310547,147.13999938964844,147.6999969482422,132.2093505859375,287200
2021-10-29,147.5800018310547,150.00999450683594,147.35000610351562,148.4600067138672,132.8896484375,267300
2021-11-01,148.0,149.63999938964844,147.1999969482422,147.77000427246094,132.2720184326172,514900
2021-11-02,147.25,147.9600067138672,146.3300018310547,147.0500030517578,131.6275177001953,453600
2021-11-03,151.8699951171875,167.44000244140625,151.8699951171875,162.75999450683594,145.68984985351562,1175500
2021-11-04,161.97999572753906,166.07000732421875,157.5399932861328,163.91000366210938,146.71926879882812,632500
2021-11-05,163.22999572753906,166.5,162.14999389648438,164.72999572753906,147.45327758789062,356700
2021-11-08,166.1999969482422,168.66000366210938,165.72000122070312,167.0,149.48519897460938,374200
2021-11-09,166.9199981689453,172.6999969482422,166.9199981689453,171.30999755859375,153.3431396484375,487100
2021-11-10,170.0,171.05999755859375,166.72000122070312,167.4499969482422,149.88800048828125,356500
2021-11-11,169.24000549316406,175.42999267578125,168.83999633789062,174.9600067138672,156.6103515625,426300
2021-11-12,176.14999389648438,180.42999267578125,175.83999633789062,176.88999938964844,158.3379364013672,594600
2021-11-15,177.92999267578125,178.0500030517578,171.11000061035156,171.4499969482422,153.4684600830078,487000
2021-11-16,171.75999450683594,173.66000366210938,171.17999267578125,171.6199951171875,153.62060546875,307500
2021-11-17,171.33999633789062,173.19000244140625,168.7100067138672,168.75,151.0516357421875,325600
2021-11-18,170.35000610351562,171.60000610351562,165.2100067138672,165.75999450683594,148.375244140625,364200
2021-11-19,165.14999389648438,169.22999572753906,165.14999389648438,165.8800048828125,148.48265075683594,357300
2021-11-22,166.22999572753906,168.85000610351562,164.7100067138672,164.8000030517578,147.51589965820312,252100
2021-11-23,164.08999633789062,167.44000244140625,164.02999877929688,164.8800048828125,147.58753967285156,278900
2021-11-24,164.22000122070312,165.97999572753906,164.0500030517578,165.0800018310547,147.76654052734375,527300
2021-11-26,160.88999938964844,164.16000366210938,160.30999755859375,161.42999267578125,145.0793914794922,211900
2021-11-29,164.14999389648438,164.57000732421875,159.10000610351562,159.47999572753906,143.32691955566406,338400
2021-11-30,157.8300018310547,158.3699951171875,144.63999938964844,144.88999938964844,130.21469116210938,919500
2021-12-01,146.08999633789062,149.22999572753906,138.1199951171875,138.22000122070312,124.22024536132812,726500
2021-12-02,138.50999450683594,142.52000427246094,138.50999450683594,139.69000244140625,125.54134368896484,506600
2021-12-03,140.22999572753906,141.39999389648438,133.86000061035156,134.0,120.42766571044922,724000
2021-12-06,134.50999450683594,139.22999572753906,133.36000061035156,138.82000732421875,124.75948333740234,928300
2021-12-07,143.5399932861328,152.24000549316406,143.05999755859375,149.8699951171875,134.69024658203125,534000
2021-12-08,150.25,153.4499969482422,149.02000427246094,151.6699981689453,136.30796813964844,317500
2021-12-09,151.02000427246094,152.0,147.52000427246094,148.4199981689453,133.3871307373047,258000
2021-12-10,151.4199981689453,154.50999450683594,150.89999389648438,151.92999267578125,136.54159545898438,442200
2021-12-13,150.7899932861328,152.1999969482422,148.35000610351562,151.05999755859375,135.75973510742188,338300
2021-12-14,151.1199951171875,153.75,149.11000061035156,150.2100067138672,134.9958038330078,326500
2021-12-15,150.75999450683594,156.39999389648438,148.27999877929688,156.36000061035156,140.5229034423828,443600
2021-12-16,157.94000244140625,161.11000061035156,155.83999633789062,156.49000549316406,140.63975524902344,387400
2021-12-17,155.97000122070312,160.77999877929688,155.3300018310547,156.74000549316406,140.86441040039062,676900
2021-12-20,153.57000732421875,154.33999633789062,148.02999877929688,152.1699981689453,136.75730895996094,447400
2021-12-21,153.13999938964844,155.25,151.88999938964844,153.50999450683594,137.96157836914062,256800
2021-12-22,152.9499969482422,157.52999877929688,152.6199951171875,157.52999877929688,141.5744171142578,255900
2021-12-23,158.1300048828125,161.4600067138672,158.05999755859375,161.13999938964844,144.8187713623047,251900
2021-12-27,161.36000061035156,162.33999633789062,159.24000549316406,161.9499969482422,145.54672241210938,196800
2021-12-28,161.32000732421875,162.97000122070312,160.25999450683594,160.42999267578125,144.1806640625,164300
2021-12-29,160.8000030517578,161.8800048828125,157.50999450683594,157.74000549316406,141.7631378173828,217800
2021-12-30,157.74000549316406,160.1999969482422,157.49000549316406,158.99000549316406,142.88653564453125,232400
2021-12-31,159.0,161.57000732421875,158.6199951171875,161.0,144.69293212890625,164100
2022-01-03,162.35000610351562,165.3699951171875,161.25,164.60000610351562,147.9283447265625,317600
2022-01-04,161.99000549316406,165.24000549316406,158.97000122070312,160.0,143.79421997070312,488300
2022-01-05,160.39999389648438,164.00999450683594,160.14999389648438,161.6999969482422,145.3220672607422,351900
2022-01-06,160.9499969482422,162.97000122070312,158.57000732421875,159.25,143.12017822265625,326900
2022-01-07,159.66000366210938,162.82000732421875,159.6199951171875,160.85000610351562,144.55813598632812,260500
2022-01-10,159.6199951171875,163.7100067138672,156.5500030517578,163.6199951171875,147.04759216308594,443700
2022-01-11,163.6199951171875,165.66000366210938,162.89999389648438,163.6999969482422,147.11947631835938,388400
2022-01-12,164.6699981689453,166.5500030517578,160.91000366210938,162.3300018310547,145.88824462890625,234800
2022-01-13,162.44000244140625,167.08999633789062,162.44000244140625,164.9199981689453,148.21591186523438,671800
2022-01-14,162.19000244140625,165.0,159.55999755859375,163.58999633789062,147.0206298828125,617100
2022-01-18,161.4499969482422,162.0,158.64999389648438,160.77000427246094,144.4862518310547,432800
2022-01-19,161.8800048828125,163.47999572753906,159.0,161.27000427246094,144.93560791015625,328200
2022-01-20,162.27999877929688,162.33999633789062,153.5500030517578,154.24000549316406,138.6176300048828,354800
2022-01-21,152.66000366210938,154.27999877929688,148.89999389648438,149.22999572753906,134.11509704589844,331700
2022-01-24,146.02999877929688,153.4199981689453,144.47999572753906,153.0800018310547,137.5751190185547,407500
2022-01-25,152.7899932861328,155.4199981689453,148.4600067138672,153.57000732421875,138.01553344726562,325900
2022-01-26,155.2100067138672,156.0,147.24000549316406,148.85000610351562,133.7735595703125,327600
2022-01-27,149.6699981689453,152.72999572753906,146.02000427246094,146.94000244140625,132.0570526123047,320600
2022-01-28,145.8699951171875,147.0,141.5800018310547,146.5399932861328,131.69754028320312,533200
2022-01-31,145.44000244140625,151.1999969482422,145.44000244140625,151.1999969482422,135.88552856445312,415100
2022-02-01,151.36000061035156,155.99000549316406,146.00999450683594,146.69000244140625,131.83236694335938,622800
2022-02-02,146.69000244140625,147.3699951171875,139.13999938964844,141.27999877929688,126.97029876708984,905600
2022-02-03,139.83999633789062,139.99000549316406,134.11000061035156,134.22999572753906,120.63434600830078,719100
2022-02-04,135.0,135.0,130.91000366210938,132.8699951171875,119.41211700439453,417800
2022-02-07,133.82000732421875,136.0399932861328,130.92999267578125,131.30999755859375,118.0101318359375,392900
2022-02-08,130.35000610351562,134.36000061035156,129.74000549316406,134.0800018310547,120.49955749511719,297500
2022-02-09,135.13999938964844,137.32000732421875,135.13999938964844,136.0500030517578,122.27005004882812,268900
2022-02-10,133.61000061035156,143.92999267578125,133.47999572753906,142.50999450683594,128.07571411132812,779800
2022-02-11,142.86000061035156,143.1699981689453,139.6699981689453,140.3699951171875,126.1524658203125,904900
2022-02-14,140.3699951171875,143.41000366210938,139.14999389648438,140.88999938964844,126.61981964111328,615200
2022-02-15,141.8699951171875,145.25999450683594,141.67999267578125,142.1699981689453,127.77014923095703,428700
2022-02-16,142.19000244140625,144.32000732421875,141.77999877929688,143.27999877929688,128.7677459716797,369500
2022-02-17,141.63999938964844,143.5,138.6699981689453,139.75,125.59526824951172,324900
2022-02-18,139.63999938964844,141.3800048828125,136.7899932861328,137.49000549316406,123.5641860961914,382200
2022-02-22,135.60000610351562,138.64999389648438,133.61000061035156,133.8800048828125,120.31982421875,409600
2022-02-23,133.91000366210938,134.55999755859375,129.6999969482422,129.8300018310547,117.25809478759766,395500
2022-02-24,128.00999450683594,134.1699981689453,126.56999969482422,133.8800048828125,120.91592407226562,528600
2022-02-25,135.0,140.1699981689453,134.33999633789062,140.0800018310547,126.51557159423828,460200
2022-02-28,138.6199951171875,142.80999755859375,138.27999877929688,140.05999755859375,126.49747467041016,439900
2022-03-01,138.77000427246094,140.86000061035156,138.35000610351562,139.05999755859375,125.59434509277344,429900
2022-03-02,139.80999755859375,140.89999389648438,135.64999389648438,136.4499969482422,123.2370376586914,356100
2022-03-03,137.36000061035156,139.85000610351562,135.38999938964844,139.1300048828125,125.65754699707031,524100
2022-03-04,139.13999938964844,140.6999969482422,135.83999633789062,138.19000244140625,124.80857849121094,512400
2022-03-07,138.30999755859375,138.89999389648438,125.69999694824219,126.80999755859375,114.53052520751953,1224500
2022-03-08,123.54000091552734,124.0,116.81999969482422,119.19000244140625,107.6484146118164,1156600
2022-03-09,119.80000305175781,121.91999816894531,118.70999908447266,119.62000274658203,108.03677368164062,825500
2022-03-10,118.5,118.73999786376953,114.9800033569336,117.5199966430664,106.14010620117188,561900
2022-03-11,117.37999725341797,118.8499984741211,115.05000305175781,115.05000305175781,103.90929412841797,488700
2022-03-14,114.51000213623047,114.51000213623047,110.80999755859375,111.87000274658203,101.0372085571289,651200
2022-03-15,111.08999633789062,114.37999725341797,111.08999633789062,114.05999755859375,103.01515197753906,720200
2022-03-16,114.87999725341797,123.16000366210938,114.55000305175781,122.94999694824219,111.0443115234375,644500
2022-03-17,122.33000183105469,130.5399932861328,121.41999816894531,129.92999267578125,117.34839630126953,720400
2022-03-18,128.91000366210938,132.6699981689453,128.4600067138672,131.6699981689453,118.91991424560547,590600
2022-03-21,132.25,133.5,127.23999786376953,127.94000244140625,115.55111694335938,334400
2022-03-22,128.00999450683594,130.9199981689453,127.91999816894531,130.22000122070312,117.6103286743164,373400
2022-03-23,130.33999633789062,130.9199981689453,124.2300033569336,124.58000183105469,112.51647186279297,362500
2022-03-24,124.62999725341797,125.5,120.91000366210938,124.75,112.67000579833984,482300
2022-03-25,126.06999969482422,128.75999450683594,124.2699966430664,125.38999938964844,113.24803161621094,434600
2022-03-28,125.38999938964844,126.63999938964844,121.2300033569336,125.69000244140625,113.51898956298828,414600
2022-03-29,127.26000213623047,132.32000732421875,127.26000213623047,131.25,118.54058074951172,463400
2022-03-30,130.35000610351562,131.4600067138672,128.83999633789062,129.44000244140625,116.9058609008789,296300
2022-03-31,128.85000610351562,129.94000244140625,122.87999725341797,122.95999908447266,111.05332946777344,430300
2022-04-01,123.69999694824219,127.8499984741211,123.5,127.36000061035156,115.02726745605469,433900
2022-04-04,128.58999633789062,129.42999267578125,125.80999755859375,128.97000122070312,116.48137664794922,499400
2022-04-05,128.80999755859375,129.9499969482422,121.1500015258789,121.1500015258789,109.4186019897461,587000
2022-04-06,119.47000122070312,120.4000015258789,117.19000244140625,119.31999969482422,107.76580047607422,444900
2022-04-07,119.45999908447266,120.27999877929688,114.76000213623047,116.94999694824219,105.62531280517578,350500
2022-04-08,117.5,119.54000091552734,116.30000305175781,116.80999755859375,105.49886322021484,414500
2022-04-11,116.0,120.30000305175781,115.41999816894531,116.94000244140625,105.61628723144531,376000
2022-04-12,117.83000183105469,120.66000366210938,113.83999633789062,113.86000061035156,102.83451843261719,327800
2022-04-13,114.80000305175781,117.77999877929688,113.11000061035156,117.08000183105469,105.74272918701172,450100
2022-04-14,117.1500015258789,118.0,113.75,113.79000091552734,102.77130889892578,269100
2022-04-18,113.0,113.75,111.5,113.47000122070312,102.48228454589844,320300
2022-04-19,112.81999969482422,118.73999786376953,112.81999969482422,117.61000061035156,106.22138977050781,466600
2022-04-20,117.68000030517578,119.75,115.16000366210938,117.51000213623047,106.13107299804688,630600
2022-04-21,115.0199966430664,115.73999786376953,107.2699966430664,108.29000091552734,97.80388641357422,717600
2022-04-22,107.30999755859375,108.11000061035156,102.58999633789062,104.16000366210938,94.07381439208984,540900
2022-04-25,103.3499984741211,106.93000030517578,101.27999877929688,106.70999908447266,96.37689208984375,582300
2022-04-26,106.69999694824219,107.66999816894531,101.81999969482422,101.91000366210938,92.04169464111328,422200
2022-04-27,101.91000366210938,103.63999938964844,99.95999908447266,100.44999694824219,90.72306060791016,559200
2022-04-28,100.95999908447266,102.27999877929688,98.61000061035156,101.3499984741211,91.5359115600586,416600
2022-04-29,101.87999725341797,106.16000366210938,101.87999725341797,103.93000030517578,93.8660888671875,759900
2022-05-02,103.48999786376953,108.2699966430664,102.9800033569336,106.04000091552734,95.77175903320312,862900
2022-05-03,108.87000274658203,108.87000274658203,99.66999816894531,105.94999694824219,95.69047546386719,765900
2022-05-04,107.88999938964844,118.16999816894531,107.81999969482422,116.56999969482422,105.28209686279297,1081300
2022-05-05,113.75,114.12000274658203,108.23999786376953,109.54000091552734,98.93284606933594,589300
2022-05-06,107.86000061035156,108.0,102.52999877929688,104.62000274658203,94.4892807006836,536400
2022-05-09,102.22000122070312,104.58999633789062,101.01000213623047,102.88999938964844,92.92677307128906,426400
2022-05-10,104.5,104.5,96.45999908447266,98.18000030517578,88.67286682128906,492500
2022-05-11,98.0,99.4000015258789,91.86000061035156,92.22000122070312,83.29000854492188,556100
2022-05-12,90.75,98.19999694824219,90.37999725341797,95.12000274658203,85.90919494628906,656900
2022-05-13,96.80999755859375,99.80000305175781,96.08999633789062,97.63999938964844,88.18516540527344,589200
2022-05-16,96.62000274658203,97.38999938964844,93.9000015258789,94.56999969482422,85.41243743896484,339400
2022-05-17,97.33999633789062,99.0,94.94999694824219,98.70999908447266,89.15155029296875,457500
2022-05-18,96.4000015258789,96.4000015258789,88.87999725341797,89.12999725341797,80.49921417236328,578600
2022-05-19,88.94999694824219,93.55000305175781,87.11000061035156,91.36000061035156,82.51327514648438,619200
2022-05-20,93.20999908447266,93.33999633789062,87.51000213623047,91.01000213623047,82.19717407226562,309200
2022-05-23,92.66000366210938,92.66000366210938,88.70999908447266,90.19999694824219,81.46560668945312,422900
2022-05-24,89.44000244140625,89.80999755859375,87.54000091552734,89.08000183105469,80.45406341552734,526400
2022-05-25,88.0,91.0,87.58000183105469,90.26000213623047,81.51979064941406,451300
2022-05-26,90.6500015258789,96.23999786376953,90.0,93.26000213623047,84.84973907470703,442900
2022-05-27,93.4000015258789,97.33999633789062,93.4000015258789,96.4800033569336,87.77935791015625,366200
2022-05-31,96.45999908447266,96.9800033569336,93.45999908447266,94.62000274658203,86.08708953857422,606000
2022-06-01,94.69000244140625,95.11000061035156,91.29000091552734,92.12000274658203,83.81254577636719,485100
2022-06-02,92.58999633789062,98.16999816894531,92.58999633789062,96.58999633789062,87.87944030761719,507800
2022-06-03,95.25,98.11000061035156,94.80999755859375,97.47000122070312,88.68006896972656,445300
2022-06-06,98.38999938964844,100.66000366210938,96.79000091552734,100.11000061035156,91.08199310302734,465800
2022-06-07,98.5999984741211,102.25,98.1500015258789,102.18000030517578,92.96531677246094,516300
2022-06-08,90.44000244140625,95.25,89.86000061035156,93.12999725341797,84.73145294189453,2182800
2022-06-09,91.61000061035156,93.12999725341797,90.23999786376953,92.20999908447266,83.89442443847656,849800
2022-06-10,89.38999938964844,93.05000305175781,89.0999984741211,89.87999725341797,81.77455139160156,850500
2022-06-13,87.45999908447266,89.33999633789062,86.77999877929688,88.33000183105469,80.36433410644531,944300
2022-06-14,87.81999969482422,88.08999633789062,84.01000213623047,85.33000183105469,77.63488006591797,1072800
2022-06-15,86.27999877929688,88.29000091552734,85.38999938964844,86.87000274658203,79.03600311279297,470800
2022-06-16,85.0,85.20999908447266,76.22000122070312,76.58000183105469,69.6739501953125,1005100
2022-06-17,76.8499984741211,77.91999816894531,74.7699966430664,76.69000244140625,69.77403259277344,996300
2022-06-21,77.91999816894531,80.02999877929688,75.87999725341797,76.33999633789062,69.45560455322266,709200
2022-06-22,72.97000122070312,75.80999755859375,72.58000183105469,74.69000244140625,67.95439147949219,758700
2022-06-23,74.97000122070312,78.91000366210938,74.72000122070312,78.80999755859375,71.70285034179688,699600
2022-06-24,79.97000122070312,82.2699966430664,79.33999633789062,82.2699966430664,74.85081481933594,1032300
2022-06-27,82.94000244140625,83.68000030517578,81.37999725341797,82.91000366210938,75.43310546875,454900
2022-06-28,83.4000015258789,84.5999984741211,81.05000305175781,81.41000366210938,74.06837463378906,491600
2022-06-29,80.9800033569336,81.5,78.30000305175781,80.30999755859375,73.06757354736328,455500
2022-06-30,79.33999633789062,81.33999633789062,77.87000274658203,78.98999786376953,71.86661529541016,445900
2022-07-01,78.93000030517578,81.19999694824219,78.01000213623047,80.18000030517578,72.94929504394531,446600
2022-07-05,78.80999755859375,82.06999969482422,78.0,81.93000030517578,74.54148864746094,507600
2022-07-06,81.44000244140625,82.33999633789062,80.0999984741211,81.2699966430664,73.94099426269531,646900
2022-07-07,81.62999725341797,83.05000305175781,80.87999725341797,82.2699966430664,74.85081481933594,510200
2022-07-08,81.8499984741211,82.87000274658203,80.12000274658203,80.94000244140625,73.6407699584961,338300
2022-07-11,80.66999816894531,82.33000183105469,79.8499984741211,80.30000305175781,73.05848693847656,543400
2022-07-12,79.91999816894531,82.30000305175781,79.11000061035156,81.08999633789062,73.77723693847656,334800
2022-07-13,79.55999755859375,82.26000213623047,78.5999984741211,81.06999969482422,73.75904846191406,326200
2022-07-14,80.0999984741211,80.45999908447266,77.9000015258789,79.08000183105469,71.94849395751953,384900
2022-07-15,79.48999786376953,81.0,78.94999694824219,80.3499984741211,73.10396575927734,338900
2022-07-18,81.23999786376953,83.01000213623047,80.80999755859375,81.02999877929688,73.72264862060547,308600
2022-07-19,82.22000122070312,85.75,81.81999969482422,84.38999938964844,76.7796401977539,358900
2022-07-20,84.41999816894531,87.47000122070312,84.41999816894531,87.18000030517578,79.31803894042969,309700
2022-07-21,86.94999694824219,87.47000122070312,85.61000061035156,87.19000244140625,79.32713317871094,256300
2022-07-22,86.0,87.33999633789062,83.94000244140625,84.19999694824219,76.60677337646484,501200
2022-07-25,84.56999969482422,84.75,82.62000274658203,83.18000030517578,75.67875671386719,394900
2022-07-26,82.80999755859375,83.5999984741211,81.0999984741211,82.2300033569336,74.81444549560547,282400
2022-07-27,82.5999984741211,85.16000366210938,81.91999816894531,84.55999755859375,76.93429565429688,238700
2022-07-28,84.80000305175781,87.5999984741211,84.12999725341797,87.56999969482422,79.67286682128906,374300
2022-07-29,88.41000366210938,89.25,87.08999633789062,88.94999694824219,80.92841339111328,399500
2022-08-01,87.68000030517578,88.36000061035156,85.02999877929688,88.12000274658203,80.17327880859375,494600
2022-08-02,86.98999786376953,90.01000213623047,85.33999633789062,87.43000030517578,79.54548645019531,611700
2022-08-03,87.27999877929688,87.94999694824219,80.88999938964844,82.1500015258789,74.74164581298828,1034200
2022-08-04,81.33000183105469,84.33999633789062,79.95999908447266,80.2699966430664,73.03118133544922,917300
2022-08-05,79.68000030517578,81.1500015258789,78.9000015258789,80.75,73.46790313720703,573700
2022-08-08,81.98999786376953,84.83000183105469,81.29000091552734,82.7699966430664,75.30572509765625,447900
2022-08-09,82.5,82.5,76.0999984741211,76.12000274658203,69.25543212890625,881000
2022-08-10,78.75,81.27999877929688,78.43000030517578,80.86000061035156,73.56798553466797,544800
2022-08-11,82.1500015258789,84.26000213623047,81.56999969482422,82.01000213623047,74.6142807006836,473700
2022-08-12,82.79000091552734,82.79000091552734,80.55000305175781,81.58999633789062,74.23214721679688,458900
2022-08-15,81.4000015258789,83.72000122070312,81.0,83.51000213623047,75.97899627685547,512300
2022-08-16,82.94000244140625,85.02999877929688,81.5,84.56999969482422,76.94339752197266,334700
2022-08-17,83.37999725341797,83.54000091552734,80.70999908447266,82.11000061035156,74.70526885986328,435700
2022-08-18,82.05999755859375,82.11000061035156,80.72000122070312,81.87999725341797,74.49598693847656,327700
2022-08-19,81.0,81.0,75.81999969482422,76.79000091552734,69.8650131225586,703400
2022-08-22,76.19999694824219,76.19999694824219,74.04000091552734,74.8499984741211,68.0999755859375,550600
2022-08-23,74.86000061035156,75.83000183105469,73.6500015258789,74.31999969482422,67.61776733398438,466500
2022-08-24,74.44000244140625,75.1500015258789,73.58999633789062,73.9000015258789,67.23564147949219,359900
2022-08-25,73.88999938964844,75.66000366210938,73.5999984741211,75.58999633789062,69.3929672241211,329100
2022-08-26,75.94999694824219,76.13999938964844,71.58000183105469,72.62000274658203,66.66646575927734,566700
2022-08-29,71.7300033569336,72.2300033569336,70.56999969482422,70.66000366210938,64.86714935302734,591800
2022-08-30,70.88999938964844,71.26000213623047,68.56999969482422,68.77999877929688,63.14127731323242,382400
2022-08-31,69.11000061035156,69.76000213623047,66.9000015258789,66.94999694824219,61.46129608154297,546100
2022-09-01,65.37999725341797,65.8499984741211,60.81999969482422,62.56999969482422,57.44038391113281,1285600
2022-09-02,63.5,63.970001220703125,61.0099983215332,61.15999984741211,56.14598083496094,753400
2022-09-06,61.470001220703125,61.68000030517578,55.970001220703125,57.90999984741211,53.16242599487305,1212400
2022-09-07,57.58000183105469,58.25,56.13999938964844,57.61000061035156,52.887020111083984,910400
2022-09-08,56.88999938964844,57.81999969482422,55.189998626708984,57.77000045776367,53.03390121459961,866600
2022-09-09,58.72999954223633,59.25,57.880001068115234,57.900001525878906,53.15324020385742,742800
2022-09-12,58.779998779296875,61.29999923706055,58.459999084472656,59.709999084472656,54.814857482910156,636600
2022-09-13,57.369998931884766,58.11000061035156,56.43000030517578,56.81999969482422,52.16178512573242,857500
2022-09-14,56.54999923706055,56.939998626708984,54.880001068115234,56.220001220703125,51.61097717285156,815800
2022-09-15,55.709999084472656,57.86000061035156,53.29999923706055,53.439998626708984,49.05888366699219,1183900
2022-09-16,52.4900016784668,55.22999954223633,52.20000076293945,54.380001068115234,49.92182159423828,1445100
2022-09-19,53.77000045776367,55.18000030517578,52.869998931884766,54.029998779296875,49.60050582885742,745300
2022-09-20,53.279998779296875,53.65999984741211,52.40999984741211,52.91999816894531,48.58150863647461,661900
2022-09-21,53.5,53.5,51.029998779296875,51.11000061035156,46.91990280151367,728500
2022-09-22,50.7599983215332,51.380001068115234,50.02000045776367,50.81999969482422,46.65367126464844,915200
2022-09-23,49.88999938964844,50.75,49.209999084472656,49.95000076293945,45.855003356933594,896600
2022-09-26,49.72999954223633,51.27000045776367,49.20000076293945,49.400001525878906,45.35009002685547,707000
2022-09-27,50.41999816894531,51.2599983215332,47.689998626708984,48.040000915527344,44.101585388183594,789300
2022-09-28,48.29999923706055,48.529998779296875,47.43000030517578,48.119998931884766,44.17502212524414,880000
2022-09-29,47.459999084472656,47.79999923706055,43.810001373291016,44.119998931884766,40.502952575683594,960300
2022-09-30,44.20000076293945,44.40999984741211,42.68000030517578,42.75,39.24526596069336,1469700
2022-10-03,43.43000030517578,44.540000915527344,42.66999816894531,43.72999954223633,40.144927978515625,1470800
2022-10-04,44.880001068115234,46.5,44.86000061035156,45.91999816894531,42.15538024902344,1246600
2022-10-05,44.7599983215332,45.209999084472656,42.560001373291016,43.619998931884766,40.043941497802734,830100
2022-10-06,43.18000030517578,46.0099983215332,41.5,45.189998626708984,41.4852294921875,2600200
2022-10-07,44.54999923706055,45.209999084472656,40.209999084472656,41.040000915527344,37.67545700073242,1813300
2022-10-10,41.09000015258789,41.849998474121094,40.45000076293945,40.880001068115234,37.52857971191406,878600
2022-10-11,40.5,42.13999938964844,39.060001373291016,40.2400016784668,36.941043853759766,1390600
2022-10-12,40.290000915527344,41.15999984741211,39.34000015258789,41.04999923706055,37.68463897705078,776000
2022-10-13,40.0,42.9900016784668,39.400001525878906,42.27000045776367,38.80462646484375,1070800
2022-10-14,43.130001068115234,43.5099983215332,41.4900016784668,43.25,39.70427703857422,1117100
2022-10-17,44.56999969482422,45.939998626708984,44.36000061035156,45.439998626708984,41.71474075317383,1516900
2022-10-18,46.54999923706055,47.439998626708984,45.439998626708984,46.18000030517578,42.39406967163086,811700
2022-10-19,45.5099983215332,46.040000915527344,43.970001220703125,44.540000915527344,40.88852310180664,721900
2022-10-20,44.709999084472656,45.5,43.59000015258789,43.7400016784668,40.154109954833984,643800
2022-10-21,43.56999969482422,44.630001068115234,43.06999969482422,44.540000915527344,40.88852310180664,510200
2022-10-24,44.540000915527344,45.619998931884766,43.220001220703125,44.58000183105469,40.92523956298828,586500
2022-10-25,44.540000915527344,47.29999923706055,44.209999084472656,47.2599983215332,43.38552474975586,724200
2022-10-26,47.150001525878906,49.20000076293945,46.61000061035156,47.27000045776367,43.39470672607422,707700
2022-10-27,47.470001220703125,49.349998474121094,47.20000076293945,47.560001373291016,43.66093444824219,1038100
2022-10-28,47.18000030517578,48.099998474121094,46.599998474121094,48.0,44.06486511230469,761200
2022-10-31,47.63999938964844,47.63999938964844,44.59000015258789,45.90999984741211,42.14620590209961,1745000
2022-11-01,47.15999984741211,47.65999984741211,45.939998626708984,46.36000061035156,42.55931091308594,1232100
2022-11-02,47.150001525878906,48.91999816894531,43.7400016784668,46.18000030517578,42.39406967163086,1782500
2022-11-03,45.130001068115234,50.70000076293945,45.130001068115234,50.470001220703125,46.33237075805664,1470600
2022-11-04,51.93000030517578,52.18000030517578,47.52000045776367,50.400001525878906,46.26810836791992,1131000
2022-11-07,51.540000915527344,52.439998626708984,49.970001220703125,51.709999084472656,47.47071075439453,873200
2022-11-08,54.2400016784668,57.290000915527344,53.2599983215332,55.66999816894531,51.10606002807617,1833000
2022-11-09,55.0,55.540000915527344,53.25,53.61000061035156,49.214942932128906,983500
2022-11-10,56.900001525878906,60.209999084472656,56.900001525878906,60.040000915527344,55.117801666259766,1197600
2022-11-11,60.08000183105469,65.20999908447266,59.75,63.90999984741211,58.670528411865234,1103200
2022-11-14,63.189998626708984,64.52999877929688,61.4900016784668,61.599998474121094,56.54990768432617,1165000
2022-11-15,62.630001068115234,64.29000091552734,62.08000183105469,63.130001068115234,57.954471588134766,780100
2022-11-16,62.11000061035156,63.0,61.41999816894531,61.77000045776367,56.70597457885742,674900
2022-11-17,60.47999954223633,61.310001373291016,58.779998779296875,58.869998931884766,54.04371643066406,982900
2022-11-18,60.11000061035156,60.220001220703125,56.22999954223633,56.54999923706055,51.913917541503906,875200
2022-11-21,56.15999984741211,58.099998474121094,55.779998779296875,57.939998626708984,53.18996047973633,824400
2022-11-22,58.34000015258789,58.36000061035156,55.400001525878906,56.58000183105469,51.94145965576172,886300
2022-11-23,56.650001525878906,56.7599983215332,55.65999984741211,56.380001068115234,51.75785446166992,608300
2022-11-25,55.4900016784668,56.0,54.5099983215332,55.54999923706055,51.599945068359375,385700
2022-11-28,54.70000076293945,55.5,53.310001373291016,53.47999954223633,49.67713165283203,838700
2022-11-29,53.61000061035156,54.36000061035156,53.04999923706055,53.54999923706055,49.742156982421875,621300
2022-11-30,53.619998931884766,55.93000030517578,52.83000183105469,55.93000030517578,51.95292282104492,928900
2022-12-01,56.33000183105469,57.220001220703125,54.75,55.22999954223633,51.302696228027344,876700
2022-12-02,54.70000076293945,56.52000045776367,54.70000076293945,55.75,51.78572082519531,717300
2022-12-05,54.939998626708984,55.689998626708984,54.310001373291016,55.060001373291016,51.1447868347168,857700
2022-12-06,54.939998626708984,55.060001373291016,51.939998626708984,52.75,48.999046325683594,663700
2022-12-07,52.529998779296875,53.7599983215332,50.470001220703125,50.4900016784668,46.89975357055664,697800
2022-12-08,50.81999969482422,52.61000061035156,50.22999954223633,51.540000915527344,47.87508773803711,563300
2022-12-09,51.189998626708984,53.029998779296875,51.189998626708984,51.72999954223633,48.05158233642578,558900
2022-12-12,51.41999816894531,51.959999084472656,49.83000183105469,51.38999938964844,47.73575210571289,785500
2022-12-13,53.66999816894531,55.150001525878906,50.77000045776367,51.43000030517578,47.772911071777344,906500
2022-12-14,50.810001373291016,52.119998931884766,50.04999923706055,50.540000915527344,46.94619369506836,734600
2022-12-15,49.75,49.95000076293945,48.369998931884766,49.119998931884766,45.627166748046875,878700
2022-12-16,48.66999816894531,48.939998626708984,47.13999938964844,48.310001373291016,44.8747673034668,2011700
2022-12-19,48.40999984741211,49.400001525878906,47.459999084472656,47.880001068115234,44.475341796875,841900
2022-12-20,47.400001525878906,48.25,46.7400016784668,47.54999923706055,44.16880798339844,686600
2022-12-21,48.119998931884766,49.13999938964844,47.630001068115234,48.349998474121094,44.91191864013672,560000
2022-12-22,47.36000061035156,47.5,45.529998779296875,47.40999984741211,44.03876495361328,1069900
2022-12-23,47.619998931884766,48.0099983215332,46.59000015258789,47.70000076293945,44.308143615722656,585000
2022-12-27,47.5,47.91999816894531,46.61000061035156,47.560001373291016,44.178096771240234,646100
2022-12-28,47.689998626708984,48.279998779296875,46.41999816894531,46.45000076293945,43.14702606201172,675400
2022-12-29,46.68000030517578,49.599998474121094,46.38999938964844,48.599998474121094,45.144142150878906,896000
2022-12-30,48.0,49.25,47.900001525878906,48.59000015258789,45.134857177734375,965800
2023-01-03,49.380001068115234,50.77000045776367,48.290000915527344,49.959999084472656,46.40743637084961,885500
2023-01-04,50.900001525878906,54.66999816894531,50.459999084472656,54.61000061035156,50.726783752441406,988400
2023-01-05,53.939998626708984,55.18000030517578,52.90999984741211,54.65999984741211,50.773231506347656,896900
2023-01-06,55.13999938964844,56.11000061035156,53.34000015258789,55.619998931884766,51.66496276855469,650000
2023-01-09,56.380001068115234,59.130001068115234,55.4900016784668,57.900001525878906,53.7828369140625,913900
2023-01-10,58.09000015258789,59.790000915527344,57.72999954223633,59.72999954223633,55.48270797729492,603400
2023-01-11,60.83000183105469,61.369998931884766,59.33000183105469,59.83000183105469,55.575599670410156,896800
2023-01-12,60.2599983215332,60.5,57.90999984741211,58.779998779296875,54.60026550292969,777400
2023-01-13,57.90999984741211,60.06999969482422,57.7400016784668,60.060001373291016,55.789249420166016,599100
2023-01-17,60.2400016784668,62.29999923706055,59.779998779296875,62.16999816894531,57.74920654296875,802800
2023-01-18,62.880001068115234,62.97999954223633,60.5,60.61000061035156,56.300132751464844,687400
2023-01-19,59.70000076293945,59.95000076293945,57.0,57.79999923706055,53.6899528503418,925800
2023-01-20,57.86000061035156,62.380001068115234,57.15999984741211,62.34000015258789,57.9071159362793,756500
2023-01-23,62.91999816894531,64.51000213623047,62.439998626708984,64.1500015258789,59.58841323852539,1167100
2023-01-24,68.29000091552734,68.29000091552734,62.02000045776367,62.34000015258789,57.9071159362793,764400
2023-01-25,61.209999084472656,63.68000030517578,60.83000183105469,63.08000183105469,58.59450149536133,579400
2023-01-26,63.310001373291016,63.95000076293945,60.45000076293945,60.58000183105469,56.27227020263672,778900
2023-01-27,60.41999816894531,67.0199966430664,60.29999923706055,66.52999877929688,61.79916763305664,1012200
2023-01-30,65.30999755859375,67.54000091552734,64.95999908447266,65.97000122070312,61.27899932861328,875500
2023-01-31,67.44999694824219,72.5,67.43000030517578,72.19000244140625,67.05670928955078,1697900
2023-02-01,71.91999816894531,80.68000030517578,70.79000091552734,80.5199966430664,74.79436492919922,1848000
2023-02-02,82.18000030517578,85.0,80.81999969482422,83.91999816894531,77.95259857177734,2073200
2023-02-03,81.41000366210938,83.86000061035156,80.04000091552734,82.2699966430664,76.419921875,1168800
2023-02-06,81.18000030517578,81.9000015258789,79.9000015258789,81.04000091552734,75.27740478515625,779800
2023-02-07,80.19999694824219,81.45999908447266,78.93000030517578,80.80999755859375,75.06375122070312,732400
2023-02-08,80.08000183105469,80.47000122070312,78.83000183105469,79.5,73.84690856933594,660800
2023-02-09,79.9800033569336,81.44999694824219,78.19999694824219,78.55999755859375,72.97373962402344,841200
2023-02-10,77.9800033569336,78.30000305175781,75.94000244140625,76.69999694824219,71.24600982666016,850500
2023-02-13,76.88999938964844,79.19999694824219,75.94000244140625,79.13999938964844,73.51251220703125,713400
2023-02-14,78.30999755859375,79.48999786376953,76.61000061035156,79.13999938964844,73.51251220703125,536800
2023-02-15,79.06999969482422,82.58999633789062,78.11000061035156,82.47000122070312,76.605712890625,683900
2023-02-16,84.05000305175781,88.61000061035156,83.12999725341797,87.19000244140625,80.99008178710938,1560100
2023-02-17,86.5999984741211,87.06999969482422,83.94999694824219,85.95999908447266,79.84754943847656,795700
2023-02-21,84.76000213623047,85.95999908447266,81.58000183105469,81.7699966430664,75.95548248291016,638800
2023-02-22,82.47000122070312,83.83999633789062,81.97000122070312,82.83000183105469,76.94011688232422,470500
2023-02-23,82.41000366210938,83.23999786376953,80.83999633789062,82.95999908447266,77.67982482910156,564600
2023-02-24,82.23999786376953,83.63999938964844,80.76000213623047,82.8499984741211,77.57682037353516,556400
2023-02-27,83.79000091552734,84.16999816894531,82.20999908447266,82.72000122070312,77.45510864257812,329000
2023-02-28,82.68000030517578,83.93000030517578,82.12999725341797,82.5,77.24911499023438,606100
2023-03-01,82.19999694824219,83.62000274658203,81.97000122070312,82.56999969482422,77.31464385986328,576100
2023-03-02,81.20999908447266,84.38999938964844,80.19999694824219,84.23999786376953,78.87836456298828,410200
2023-03-03,84.9000015258789,85.52999877929688,83.5,85.26000213623047,79.83345031738281,451300
2023-03-06,85.55999755859375,86.7699966430664,79.0,79.41999816894531,74.36514282226562,787900
2023-03-07,78.88999938964844,80.55999755859375,78.31999969482422,78.69999694824219,73.69097137451172,506600
2023-03-08,78.83000183105469,79.66999816894531,77.80999755859375,79.0,73.97187042236328,619300
2023-03-09,78.9800033569336,79.68000030517578,75.76000213623047,76.05000305175781,71.20963287353516,607000
2023-03-10,75.87000274658203,76.44000244140625,72.45999908447266,74.01000213623047,69.29947662353516,701800
2023-03-13,72.86000061035156,75.63999938964844,71.08999633789062,73.62000274658203,68.9343032836914,638300
2023-03-14,75.73999786376953,76.69000244140625,73.44999694824219,74.83000183105469,70.0672836303711,611200
2023-03-15,72.87999725341797,73.68000030517578,71.36000061035156,73.2300033569336,68.5691146850586,529100
2023-03-16,72.63999938964844,74.75,72.2699966430664,74.62000274658203,69.87065887451172,654800
2023-03-17,74.11000061035156,75.08000183105469,72.70999908447266,73.2300033569336,68.5691146850586,786500
2023-03-20,73.0,73.37000274658203,70.6500015258789,71.25,66.71514129638672,651100
2023-03-21,72.63999938964844,74.44000244140625,72.06999969482422,73.0199966430664,68.37248229980469,655900
2023-03-22,73.05999755859375,73.55000305175781,70.47000122070312,70.62000274658203,66.12523651123047,435200
2023-03-23,70.87000274658203,71.5199966430664,67.08999633789062,67.4000015258789,63.11018753051758,765300
2023-03-24,66.5,67.5,65.05999755859375,67.18000030517578,62.9041862487793,861200
2023-03-27,68.01000213623047,68.4800033569336,66.98999786376953,68.25,63.90607452392578,817000
2023-03-28,68.22000122070312,69.0199966430664,65.87999725341797,66.12000274658203,61.911651611328125,634000
2023-03-29,67.33999633789062,68.30000305175781,66.91000366210938,68.12999725341797,63.793724060058594,605300
2023-03-30,69.37000274658203,70.29000091552734,66.94999694824219,67.06999969482422,62.801177978515625,533100
2023-03-31,67.7699966430664,69.80999755859375,66.80999755859375,69.73999786376953,65.30123138427734,680400
2023-04-03,69.5999984741211,72.0,69.44000244140625,71.58999633789062,67.03348541259766,1146500
2023-04-04,72.41000366210938,73.95999908447266,71.01000213623047,72.80999755859375,68.17584991455078,1392200
2023-04-05,72.2699966430664,72.98999786376953,69.41000366210938,71.5999984741211,67.04286193847656,918800
2023-04-06,71.0,71.75,69.70999908447266,71.44000244140625,66.8930435180664,455600
2023-04-10,73.0,76.62000274658203,73.0,76.5,71.63098907470703,1328900
2023-04-11,76.94000244140625,78.25,75.91000366210938,76.95999908447266,72.06171417236328,917200
2023-04-12,77.86000061035156,78.11000061035156,74.58000183105469,74.68000030517578,69.92683410644531,543900
2023-04-13,74.68000030517578,74.83000183105469,73.13999938964844,74.33000183105469,69.59910583496094,531700
2023-04-14,74.7300033569336,76.63999938964844,73.13999938964844,73.7300033569336,69.03730010986328,572300
2023-04-17,73.66000366210938,75.01000213623047,73.55000305175781,74.9800033569336,70.20773315429688,471000
2023-04-18,75.5999984741211,75.91999816894531,74.2300033569336,74.76000213623047,70.00173950195312,571800
2023-04-19,73.5999984741211,73.91000366210938,72.66000366210938,73.63999938964844,68.9530258178711,469800
2023-04-20,72.62999725341797,73.29000091552734,69.73999786376953,69.87000274658203,65.4229736328125,682800
2023-04-21,69.75,71.0999984741211,68.54000091552734,70.80999755859375,66.30313873291016,692700
2023-04-24,70.70999908447266,72.06999969482422,69.23999786376953,72.06999969482422,67.48295593261719,581200
2023-04-25,71.55999755859375,71.55999755859375,68.7300033569336,68.79000091552734,64.41171264648438,469300
2023-04-26,66.2699966430664,67.16999816894531,64.08999633789062,64.44000244140625,60.33858108520508,1158700
2023-04-27,64.86000061035156,66.63999938964844,64.58999633789062,66.19000244140625,61.977195739746094,839700
2023-04-28,66.26000213623047,67.83999633789062,66.02999877929688,66.80999755859375,62.5577278137207,652700
2023-05-01,69.98999786376953,70.88999938964844,66.33999633789062,70.4800033569336,65.99415588378906,1452500
2023-05-02,69.38999938964844,69.93000030517578,68.05999755859375,69.33999633789062,64.92671203613281,862600
2023-05-03,68.70999908447266,69.25,63.150001525878906,63.88999938964844,59.82358169555664,1478900
2023-05-04,63.0,64.94000244140625,62.290000915527344,64.04000091552734,59.96403503417969,936400
2023-05-05,64.58999633789062,66.63999938964844,64.0199966430664,66.44000244140625,62.21128845214844,726500
2023-05-08,69.55000305175781,72.58999633789062,69.5199966430664,72.58000183105469,67.96048736572266,1078900
2023-05-09,71.68000030517578,72.12999725341797,69.69999694824219,70.41999816894531,65.9379653930664,715600
2023-05-10,71.29000091552734,71.55999755859375,69.9800033569336,71.47000122070312,66.92113494873047,573500
2023-05-11,71.44999694824219,72.19999694824219,70.12999725341797,70.81999969482422,66.31250762939453,446300
2023-05-12,70.70999908447266,70.87000274658203,65.36000061035156,65.98999786376953,61.78992462158203,1158900
2023-05-15,65.87999725341797,68.48999786376953,65.83999633789062,67.98999786376953,63.662620544433594,581200
2023-05-16,66.81999969482422,66.81999969482422,64.73999786376953,65.52999877929688,61.35920715332031,558900
2023-05-17,65.58000183105469,68.58999633789062,65.1500015258789,68.58000183105469,64.21507263183594,555600
2023-05-18,68.41999816894531,70.04000091552734,67.0199966430664,69.79000091552734,65.34807586669922,485800
2023-05-19,69.97000122070312,69.97000122070312,67.94000244140625,69.04000091552734,64.64580535888672,552200
2023-05-22,69.08000183105469,70.08999633789062,67.91999816894531,68.83000183105469,64.44916534423828,658100
2023-05-23,68.63999938964844,70.86000061035156,68.30000305175781,68.56999969482422,64.20571899414062,554900
2023-05-24,68.08000183105469,68.55000305175781,65.69999694824219,66.69999694824219,62.454734802246094,750000
2023-05-25,66.12000274658203,67.12999725341797,64.19000244140625,65.18000030517578,61.641422271728516,607100
2023-05-26,65.45999908447266,66.05999755859375,64.76000213623047,65.30000305175781,61.75490951538086,541800
2023-05-30,66.13999938964844,66.19999694824219,65.2300033569336,65.3499984741211,61.802188873291016,468000
2023-05-31,64.7300033569336,65.76000213623047,61.970001220703125,63.20000076293945,59.76891326904297,600700
2023-06-01,63.220001220703125,64.33000183105469,62.0,63.619998931884766,60.16611099243164,371700
2023-06-02,65.12999725341797,66.91000366210938,65.01000213623047,66.73999786376953,63.11672592163086,529000
2023-06-05,66.12000274658203,66.62999725341797,63.66999816894531,63.849998474121094,60.38362503051758,554400
2023-06-06,63.27000045776367,66.70999908447266,63.27000045776367,65.62999725341797,62.06698989868164,596400
2023-06-07,65.80000305175781,66.51000213623047,64.52999877929688,64.88999938964844,61.36717224121094,509000
2023-06-08,64.94999694824219,65.2300033569336,62.79999923706055,64.4000015258789,60.903770446777344,654900
2023-06-09,63.970001220703125,64.0,59.59000015258789,61.5,58.16120529174805,1664400
2023-06-12,62.310001373291016,64.58000183105469,62.22999954223633,63.290000915527344,59.85403060913086,1035000
2023-06-13,63.220001220703125,64.58000183105469,62.34000015258789,63.290000915527344,59.85403060913086,987400
2023-06-14,63.63999938964844,64.06999969482422,61.54999923706055,63.11000061035156,59.683799743652344,887100
2023-06-15,62.189998626708984,64.0,62.16999816894531,62.5099983215332,59.11637496948242,729900
2023-06-16,62.619998931884766,63.36000061035156,61.970001220703125,62.369998931884766,58.98397445678711,1176700
2023-06-20,61.54999923706055,62.130001068115234,58.560001373291016,58.709999084472656,55.522674560546875,1063900
2023-06-21,58.66999816894531,60.5,58.5,58.75,55.56050109863281,1072700
2023-06-22,58.5099983215332,58.91999816894531,57.560001373291016,58.560001373291016,55.38082504272461,582800
2023-06-23,57.880001068115234,58.91999816894531,57.2599983215332,57.400001525878906,54.28379440307617,1167700
2023-06-26,57.18000030517578,58.619998931884766,57.18000030517578,57.619998931884766,54.49184799194336,693800
2023-06-27,57.810001373291016,61.15999984741211,56.75,61.11000061035156,57.79237747192383,769800
2023-06-28,60.95000076293945,61.5,59.0099983215332,60.4900016784668,57.20603942871094,886800
2023-06-29,60.45000076293945,61.72999954223633,60.099998474121094,61.400001525878906,58.06663513183594,503400
2023-06-30,62.310001373291016,63.220001220703125,61.5099983215332,62.689998626708984,59.28660202026367,725100
2023-07-03,63.0099983215332,64.87000274658203,62.459999084472656,64.58999633789062,61.08345413208008,300900
2023-07-05,64.05999755859375,65.47000122070312,63.2599983215332,63.279998779296875,59.84457015991211,666200
2023-07-06,63.029998779296875,63.40999984741211,60.66999816894531,62.88999938964844,59.47574234008789,806000
2023-07-07,63.16999816894531,66.98999786376953,63.16999816894531,65.48999786376953,61.934593200683594,554400
2023-07-10,64.83999633789062,66.04000091552734,64.4800033569336,65.41999816894531,61.86839294433594,632000
2023-07-11,68.9000015258789,72.62000274658203,68.31999969482422,72.41000366210938,68.47891235351562,1319200
2023-07-12,73.80000305175781,73.9800033569336,70.5999984741211,71.56999969482422,67.68450927734375,793700
2023-07-13,69.19000244140625,70.69999694824219,68.5199966430664,70.16999816894531,66.36052703857422,695200
2023-07-14,70.0199966430664,70.27999877929688,67.06999969482422,67.20999908447266,63.561214447021484,688000
2023-07-17,66.9000015258789,67.41000366210938,65.91999816894531,66.5999984741211,62.98432922363281,445900
2023-07-18,66.45999908447266,66.63999938964844,64.19000244140625,65.77999877929688,62.20884704589844,971400
2023-07-19,66.5,68.62000274658203,66.08000183105469,68.26000213623047,64.55421447753906,650400
2023-07-20,67.9800033569336,68.44000244140625,65.69000244140625,68.12000274658203,64.42180633544922,585100
2023-07-21,69.12000274658203,69.41000366210938,67.63999938964844,68.41000366210938,64.6960678100586,561800
2023-07-24,68.69999694824219,69.36000061035156,67.83999633789062,68.23999786376953,64.5353012084961,414000
2023-07-25,68.80000305175781,70.16000366210938,68.19000244140625,68.43000030517578,64.7149887084961,396900
2023-07-26,68.05999755859375,70.0,68.05999755859375,69.63999938964844,65.85929107666016,647900
2023-07-27,70.11000061035156,71.26000213623047,68.9000015258789,69.11000061035156,65.35807037353516,468100
2023-07-28,70.5199966430664,71.48999786376953,70.0,70.68000030517578,66.84282684326172,469700
2023-07-31,70.9000015258789,71.0999984741211,69.69000244140625,70.04000091552734,66.23757934570312,621400
2023-08-01,69.16000366210938,72.27999877929688,68.86000061035156,71.44000244140625,67.56157684326172,878100
2023-08-02,60.0,61.5,56.290000915527344,57.86000061035156,54.71881866455078,3598600
2023-08-03,57.619998931884766,59.43000030517578,56.38999938964844,56.400001525878906,53.33808135986328,1038300
2023-08-04,56.77000045776367,57.529998779296875,55.40999984741211,55.599998474121094,52.581512451171875,805100
2023-08-07,55.54999923706055,56.689998626708984,54.779998779296875,54.84000015258789,51.86277389526367,817100
2023-08-08,53.720001220703125,53.790000915527344,52.54999923706055,53.34000015258789,50.44420623779297,859200
2023-08-09,53.439998626708984,53.439998626708984,51.90999984741211,52.189998626708984,49.35663604736328,795400
2023-08-10,52.689998626708984,53.400001525878906,52.029998779296875,52.77000045776367,49.9051513671875,677100
2023-08-11,52.16999816894531,53.27000045776367,51.689998626708984,51.90999984741211,49.09184265136719,707800
2023-08-14,51.310001373291016,51.52000045776367,49.77000045776367,51.439998626708984,48.647361755371094,968200
2023-08-15,50.68000030517578,50.93000030517578,49.9900016784668,50.77000045776367,48.01373291015625,682600
2023-08-16,50.439998626708984,51.279998779296875,49.18000030517578,49.88999938964844,47.1815071105957,827000
2023-08-17,50.0,50.900001525878906,49.459999084472656,49.88999938964844,47.1815071105957,539700
2023-08-18,49.4900016784668,50.5,49.25,49.9900016784668,47.27608108520508,634200
2023-08-21,49.93000030517578,50.09000015258789,49.13999938964844,49.79999923706055,47.09638977050781,625100
2023-08-22,50.150001525878906,50.40999984741211,49.209999084472656,50.290000915527344,47.55979537963867,668400
2023-08-23,49.93000030517578,51.72999954223633,49.29999923706055,51.310001373291016,48.524417877197266,609200
2023-08-24,50.36000061035156,51.56999969482422,50.06999969482422,51.36000061035156,49.20461654663086,488300
2023-08-25,51.91999816894531,52.290000915527344,51.2400016784668,51.56999969482422,49.40580368041992,445800
2023-08-28,52.06999969482422,53.150001525878906,52.02000045776367,52.560001373291016,50.35426330566406,417300
2023-08-29,52.369998931884766,53.720001220703125,51.66999816894531,53.22999954223633,50.99614334106445,472000
2023-08-30,53.22999954223633,56.77000045776367,52.959999084472656,56.5,54.1289176940918,1258100
2023-08-31,56.59000015258789,58.43000030517578,56.34000015258789,56.65999984741211,54.28219985961914,943000
2023-09-01,57.08000183105469,57.630001068115234,54.709999084472656,55.029998779296875,52.72060012817383,679500
2023-09-05,53.95000076293945,54.900001525878906,52.88999938964844,54.650001525878906,52.35654830932617,902900
2023-09-06,54.59000015258789,55.529998779296875,53.209999084472656,53.720001220703125,51.465579986572266,752700
2023-09-07,52.68000030517578,53.209999084472656,52.029998779296875,52.689998626708984,50.478797912597656,765000
2023-09-08,52.560001373291016,53.650001525878906,51.959999084472656,53.18000030517578,50.9482421875,684000
2023-09-11,53.900001525878906,54.869998931884766,53.45000076293945,53.5,51.25481033325195,553500
2023-09-12,52.84000015258789,53.91999816894531,52.560001373291016,53.5,51.25481033325195,480300
2023-09-13,53.5,54.130001068115234,52.95000076293945,53.56999969482422,51.321876525878906,806000
2023-09-14,54.20000076293945,54.95000076293945,54.02000045776367,54.709999084472656,52.41402816772461,494500
2023-09-15,54.66999816894531,56.040000915527344,54.47999954223633,55.04999923706055,52.73976135253906,2160600
2023-09-18,54.689998626708984,54.689998626708984,53.13999938964844,53.93000030517578,51.66676712036133,695600
2023-09-19,53.7599983215332,54.81999969482422,52.66999816894531,52.959999084472656,50.73747253417969,641900
2023-09-20,53.349998474121094,54.11000061035156,51.91999816894531,52.2599983215332,50.06684494018555,508300
2023-09-21,51.65999984741211,52.16999816894531,50.709999084472656,51.06999969482422,48.926788330078125,628100
2023-09-22,51.5,51.86000061035156,50.540000915527344,50.83000183105469,48.696861267089844,580000
2023-09-25,50.4900016784668,52.060001373291016,50.4900016784668,51.77000045776367,49.597415924072266,478400
2023-09-26,51.060001373291016,52.650001525878906,51.060001373291016,52.45000076293945,50.24887466430664,737000
2023-09-27,52.13999938964844,53.90999984741211,51.58000183105469,52.95000076293945,50.7278938293457,1052300
2023-09-28,52.86000061035156,53.189998626708984,51.22999954223633,51.88999938964844,49.71237564086914,934900
2023-09-29,52.72999954223633,53.560001373291016,51.47999954223633,51.68000030517578,49.51118850708008,523700
2023-10-02,51.31999969482422,51.31999969482422,47.560001373291016,47.619998931884766,45.6215705871582,976900
2023-10-03,47.5,48.13999938964844,46.72999954223633,47.150001525878906,45.17129898071289,837700
2023-10-04,47.470001220703125,48.029998779296875,46.90999984741211,47.83000183105469,45.82276153564453,642300
2023-10-05,47.47999954223633,47.880001068115234,45.599998474121094,46.34000015258789,44.39529037475586,879100
2023-10-06,45.95000076293945,47.650001525878906,45.13999938964844,47.09000015258789,45.11381530761719,567600
2023-10-09,46.52000045776367,47.34000015258789,46.279998779296875,47.08000183105469,45.10423278808594,425900
2023-10-10,47.59000015258789,49.189998626708984,47.380001068115234,48.90999984741211,46.85743713378906,555400
2023-10-11,48.970001220703125,49.16999816894531,48.310001373291016,48.63999938964844,46.5987663269043,501100
2023-10-12,48.650001525878906,48.650001525878906,46.619998931884766,46.939998626708984,44.9701042175293,521600
2023-10-13,47.27000045776367,48.11000061035156,46.869998931884766,47.77000045776367,45.76527786254883,550400
2023-10-16,48.31999969482422,49.599998474121094,47.58000183105469,49.02000045776367,46.96282196044922,634000
2023-10-17,48.79999923706055,50.90999984741211,48.79999923706055,50.47999954223633,48.361549377441406,571600
2023-10-18,50.0,51.15999984741211,48.83000183105469,50.029998779296875,47.9304313659668,763200
2023-10-19,49.84000015258789,50.02000045776367,46.9900016784668,47.0099983215332,45.03717041015625,625100
2023-10-20,46.779998779296875,47.34000015258789,46.29999923706055,46.459999084472656,44.51025390625,467900
2023-10-23,46.040000915527344,46.099998474121094,43.66999816894531,43.7400016784668,41.90440368652344,820100
2023-10-24,44.40999984741211,45.959999084472656,44.38999938964844,45.20000076293945,43.303131103515625,937100
2023-10-25,44.7400016784668,46.040000915527344,44.400001525878906,45.439998626708984,43.53305435180664,743900
2023-10-26,45.61000061035156,45.88999938964844,44.2599983215332,44.86000061035156,42.97740173339844,653800
2023-10-27,45.2400016784668,45.27000045776367,44.18000030517578,45.0,43.11152648925781,724000
2023-10-30,45.790000915527344,46.439998626708984,44.40999984741211,45.150001525878906,43.25522994995117,992500
2023-10-31,44.97999954223633,45.38999938964844,43.97999954223633,44.439998626708984,42.57501983642578,941200
2023-11-01,48.880001068115234,54.18000030517578,47.779998779296875,52.68000030517578,50.4692268371582,2780000
2023-11-02,53.09000015258789,54.0099983215332,50.7599983215332,52.5099983215332,50.30635452270508,1636200
2023-11-03,53.720001220703125,55.029998779296875,53.099998474121094,54.290000915527344,52.01165771484375,1123300
2023-11-06,54.15999984741211,54.15999984741211,52.70000076293945,53.0,50.775794982910156,819500
2023-11-07,52.810001373291016,53.15999984741211,51.7400016784668,52.16999816894531,49.98062515258789,682900
2023-11-08,51.66999816894531,51.939998626708984,50.279998779296875,50.939998626708984,48.802242279052734,803300
2023-11-09,51.25,51.470001220703125,48.45000076293945,48.59000015258789,46.550865173339844,631500
2023-11-10,49.119998931884766,50.0,48.29999923706055,50.0,47.901695251464844,503500
2023-11-13,49.41999816894531,50.70000076293945,48.84000015258789,49.9900016784668,47.892112731933594,644000
2023-11-14,51.900001525878906,54.88999938964844,51.599998474121094,54.720001220703125,52.42361068725586,823800
2023-11-15,55.20000076293945,58.290000915527344,55.20000076293945,58.04999923706055,55.613861083984375,1209700
2023-11-16,57.66999816894531,57.720001220703125,56.33000183105469,56.869998931884766,54.4833869934082,595500
2023-11-17,57.31999969482422,57.90999984741211,56.220001220703125,57.880001068115234,55.45100021362305,1352600
2023-11-20,57.70000076293945,57.70000076293945,56.2400016784668,56.2599983215332,53.89898681640625,779600
2023-11-21,55.52000045776367,56.130001068115234,54.61000061035156,55.29999923706055,52.979270935058594,768900
2023-11-22,55.880001068115234,56.220001220703125,54.79999923706055,56.20000076293945,53.84150695800781,657800
2023-11-24,55.119998931884766,56.72999954223633,55.0,56.290000915527344,54.56856918334961,251500
2023-11-27,55.869998931884766,56.4900016784668,55.2599983215332,56.02000045776367,54.30682373046875,677700
2023-11-28,56.029998779296875,56.72999954223633,55.33000183105469,56.41999816894531,54.6945915222168,621200
2023-11-29,57.0099983215332,58.20000076293945,55.63999938964844,55.88999938964844,54.18080139160156,677300
2023-11-30,55.31999969482422,56.540000915527344,54.25,55.65999984741211,53.95783233642578,992400
2023-12-01,55.63999938964844,58.150001525878906,54.83000183105469,58.150001525878906,56.37168502807617,747200
2023-12-04,57.619998931884766,59.7599983215332,57.310001373291016,59.58000183105469,57.75795364379883,653600
2023-12-05,59.099998474121094,60.619998931884766,58.43000030517578,59.849998474121094,58.01969528198242,744900
2023-12-06,60.65999984741211,62.060001373291016,60.06999969482422,60.869998931884766,59.00850296020508,698600
2023-12-07,60.77000045776367,61.959999084472656,60.58000183105469,61.56999969482422,59.687095642089844,468300
2023-12-08,61.56999969482422,61.810001373291016,59.95000076293945,60.599998474121094,58.74675750732422,597100
2023-12-11,60.31999969482422,60.63999938964844,57.029998779296875,58.029998779296875,56.25535583496094,715700
2023-12-12,58.02000045776367,58.02000045776367,56.599998474121094,57.119998931884766,55.37318420410156,487400
2023-12-13,56.83000183105469,60.779998779296875,56.04999923706055,60.34000015258789,58.494712829589844,1244300
2023-12-14,61.54999923706055,64.77999877929688,61.119998931884766,61.97999954223633,60.084556579589844,992300
2023-12-15,61.540000915527344,61.93000030517578,59.93000030517578,60.83000183105469,58.9697265625,1381700
2023-12-18,60.95000076293945,61.27000045776367,59.779998779296875,59.81999969482422,57.9906120300293,435300
2023-12-19,60.599998474121094,63.400001525878906,60.20000076293945,63.02000045776367,61.09275436401367,685500
2023-12-20,62.470001220703125,63.77000045776367,61.560001373291016,61.68000030517578,59.793731689453125,459600
2023-12-21,62.849998474121094,64.47000122070312,61.75,64.30999755859375,62.34330368041992,748400
2023-12-22,64.5,65.33999633789062,63.470001220703125,64.04000091552734,62.08156204223633,475000
2023-12-26,63.65999984741211,65.62000274658203,63.65999984741211,64.95999908447266,62.973419189453125,550700
2023-12-27,64.91000366210938,65.7699966430664,64.91000366210938,65.52999877929688,63.52599334716797,543800
2023-12-28,64.75,65.47000122070312,64.41000366210938,65.08000183105469,63.089759826660156,362600
2023-12-29,64.4000015258789,65.38999938964844,63.66999816894531,63.75,61.80043029785156,511300
2024-01-02,62.959999084472656,65.04000091552734,62.439998626708984,64.38999938964844,62.42085647583008,790700
2024-01-03,62.630001068115234,63.70000076293945,60.90999984741211,60.959999084472656,59.09575271606445,843900
2024-01-04,60.77000045776367,62.02000045776367,60.47999954223633,61.150001525878906,59.27994155883789,605500
2024-01-05,60.810001373291016,63.31999969482422,60.72999954223633,61.86000061035156,59.968231201171875,515800
2024-01-08,61.72999954223633,64.37999725341797,60.779998779296875,63.2599983215332,61.325416564941406,476300
2024-01-09,62.04999923706055,62.720001220703125,61.400001525878906,62.0,60.103946685791016,326100
2024-01-10,61.5,61.88999938964844,60.810001373291016,61.08000183105469,59.21208190917969,371500
2024-01-11,60.90999984741211,61.25,59.650001525878906,59.90999984741211,58.07786178588867,560000
2024-01-12,60.40999984741211,60.880001068115234,58.38999938964844,58.95000076293945,57.147216796875,681700
2024-01-16,57.869998931884766,58.79999923706055,56.599998474121094,58.47999954223633,56.691593170166016,681600
2024-01-17,57.220001220703125,57.720001220703125,56.119998931884766,57.459999084472656,55.70278549194336,447400
2024-01-18,57.79999923706055,58.63999938964844,57.27000045776367,58.38999938964844,56.604347229003906,584700
2024-01-19,58.459999084472656,59.310001373291016,57.310001373291016,58.86000061035156,57.059974670410156,466100
2024-01-22,59.11000061035156,60.630001068115234,59.11000061035156,59.7400016784668,57.913063049316406,655100
2024-01-23,61.0,61.59000015258789,58.66999816894531,59.52000045776367,57.69978713989258,558200
2024-01-24,60.15999984741211,60.15999984741211,57.34000015258789,57.650001525878906,55.88697814941406,827800
2024-01-25,58.36000061035156,58.97999954223633,56.5,57.619998931884766,55.85789489746094,468200
2024-01-26,58.20000076293945,59.27000045776367,57.650001525878906,57.810001373291016,56.042083740234375,611500
2024-01-29,57.810001373291016,59.20000076293945,57.2400016784668,58.970001220703125,57.16661071777344,969600
2024-01-30,58.4900016784668,58.959999084472656,56.2400016784668,57.16999816894531,55.421653747558594,606900
2024-01-31,57.0,58.5099983215332,55.939998626708984,56.2599983215332,54.53948211669922,823200
2024-02-01,56.65999984741211,58.02000045776367,56.029998779296875,57.939998626708984,56.16810607910156,669100
2024-02-02,56.93000030517578,58.06999969482422,55.08000183105469,57.439998626708984,55.68339538574219,806700
2024-02-05,56.29999923706055,56.959999084472656,53.5,53.529998779296875,51.892967224121094,1046400
2024-02-06,53.43000030517578,55.540000915527344,53.43000030517578,55.130001068115234,53.44404220581055,1021900
2024-02-07,60.04999923706055,60.90999984741211,55.59000015258789,57.15999984741211,55.411964416503906,1489900
2024-02-08,56.68000030517578,57.90999984741211,55.619998931884766,57.65999984741211,55.896671295166016,931600
2024-02-09,57.83000183105469,57.83000183105469,55.15999984741211,55.779998779296875,54.074161529541016,843800
2024-02-12,55.849998474121094,58.7599983215332,55.560001373291016,57.880001068115234,56.10994338989258,726800
2024-02-13,56.150001525878906,56.599998474121094,54.7400016784668,56.25,54.52979278564453,916900
2024-02-14,57.16999816894531,57.5099983215332,56.189998626708984,57.400001525878906,55.644622802734375,780400
2024-02-15,57.939998626708984,59.790000915527344,57.939998626708984,59.72999954223633,57.90336608886719,790400
2024-02-16,59.16999816894531,59.93000030517578,57.70000076293945,57.810001373291016,56.042083740234375,414100
2024-02-20,57.040000915527344,57.7599983215332,56.540000915527344,57.349998474121094,55.59614944458008,551700
2024-02-21,56.939998626708984,57.400001525878906,56.18000030517578,57.22999954223633,55.479820251464844,635000
2024-02-22,56.7400016784668,58.91999816894531,56.0099983215332,58.41999816894531,57.29417037963867,981700
2024-02-23,58.41999816894531,58.97999954223633,57.459999084472656,58.84000015258789,57.70607376098633,472800
2024-02-26,58.40999984741211,60.040000915527344,58.40999984741211,58.83000183105469,57.69626998901367,860300
2024-02-27,59.40999984741211,60.880001068115234,59.150001525878906,60.86000061035156,59.68714904785156,673900
2024-02-28,60.560001373291016,63.439998626708984,60.40999984741211,63.02000045776367,61.80552291870117,992600
2024-02-29,63.720001220703125,66.66000366210938,63.630001068115234,65.69999694824219,64.43387603759766,1627200
2024-03-01,65.69999694824219,67.4000015258789,64.5,67.18000030517578,65.8853530883789,1327300
2024-03-04,66.9800033569336,67.58000183105469,64.55000305175781,65.7699966430664,64.50252532958984,1215700
2024-03-05,65.11000061035156,65.66000366210938,61.5099983215332,64.0,62.76663589477539,1182500
2024-03-06,65.18000030517578,68.5,64.79000091552734,65.70999908447266,64.44367980957031,1146700
2024-03-07,66.16000366210938,67.02999877929688,64.94999694824219,66.83000183105469,65.54209899902344,852700
2024-03-08,67.86000061035156,69.37999725341797,67.2300033569336,68.02999877929688,66.7189712524414,823400
2024-03-11,67.22000122070312,68.37000274658203,65.5199966430664,65.75,64.48291015625,696400
2024-03-12,65.6500015258789,65.91999816894531,64.91000366210938,65.51000213623047,64.2475357055664,532200
2024-03-13,65.51000213623047,67.29000091552734,65.51000213623047,66.44999694824219,65.16941833496094,540200
2024-03-14,66.01000213623047,66.44999694824219,64.66000366210938,65.5999984741211,64.33580017089844,733700
2024-03-15,65.45999908447266,69.68000030517578,65.45999908447266,68.76000213623047,67.43490600585938,2285500
2024-03-18,68.73999786376953,68.73999786376953,67.11000061035156,67.52999877929688,66.22860717773438,725500
2024-03-19,67.5,68.13999938964844,65.30999755859375,68.05999755859375,66.7483901977539,733100
2024-03-20,68.29000091552734,70.41999816894531,67.93000030517578,70.16999816894531,68.81773376464844,563100
2024-03-21,70.77999877929688,73.98999786376953,70.77999877929688,72.83000183105469,71.42647552490234,929300
2024-03-22,72.30000305175781,73.43000030517578,71.44999694824219,73.3499984741211,71.93644714355469,664000
2024-03-25,71.45999908447266,73.55000305175781,71.45999908447266,72.56999969482422,71.17147827148438,886300
2024-03-26,72.97000122070312,73.41999816894531,71.44000244140625,71.61000061035156,70.22998046875,525200
2024-03-27,72.48999786376953,73.62999725341797,72.13999938964844,73.61000061035156,72.19143676757812,337700
2024-03-28,73.5,74.97000122070312,73.5,74.58999633789062,73.15254974365234,489400
2024-04-01,74.58999633789062,74.73999786376953,71.41000366210938,71.7699966430664,70.38689422607422,854000
2024-04-02,70.86000061035156,72.48999786376953,70.25,72.33000183105469,70.93611145019531,698300
2024-04-03,72.16000366210938,74.83000183105469,72.16000366210938,74.3499984741211,72.91717529296875,673700
2024-04-04,77.0,77.94999694824219,73.81999969482422,74.05999755859375,72.63275909423828,1065300
2024-04-05,73.87000274658203,75.51000213623047,73.83999633789062,74.94999694824219,73.505615234375,736700
2024-04-08,75.5999984741211,76.31999969482422,74.4000015258789,74.9800033569336,73.53504180908203,510200
2024-04-09,75.55000305175781,76.62000274658203,74.80000305175781,76.05999755859375,74.59422302246094,742300
2024-04-10,73.7300033569336,74.33999633789062,71.97000122070312,72.2699966430664,70.87725830078125,782300
2024-04-11,72.83999633789062,72.9800033569336,71.0199966430664,71.83000183105469,70.44574737548828,515400
2024-04-12,71.0,71.38999938964844,69.04000091552734,69.44000244140625,68.10179901123047,519900
2024-04-15,69.9800033569336,70.1500015258789,67.91999816894531,68.7300033569336,67.40548706054688,502100
2024-04-16,68.16999816894531,68.87000274658203,67.18000030517578,67.80999755859375,66.50320434570312,417100
2024-04-17,68.48999786376953,69.16999816894531,67.33000183105469,67.69999694824219,66.39532470703125,518000
2024-04-18,68.43000030517578,69.05000305175781,67.29000091552734,67.95999908447266,66.65032196044922,376200
2024-04-19,67.66999816894531,68.7699966430664,65.95999908447266,66.73999786376953,65.45382690429688,524800
2024-04-22,66.88999938964844,68.16999816894531,66.27999877929688,67.88999938964844,66.5816650390625,487100
2024-04-23,67.62000274658203,69.3499984741211,67.62000274658203,68.58000183105469,67.25836944580078,449000
2024-04-24,68.16999816894531,68.94000244140625,68.16999816894531,68.5199966430664,67.19953155517578,394200
2024-04-25,67.48999786376953,68.2699966430664,66.69000244140625,67.66000366210938,66.35610961914062,641100
2024-04-26,68.19000244140625,68.19000244140625,66.91000366210938,67.75,66.44436645507812,627500
2024-04-29,68.20999908447266,69.87000274658203,68.0199966430664,68.45999908447266,67.14068603515625,792800
2024-04-30,68.2699966430664,69.23999786376953,67.31999969482422,68.54000091552734,67.21914672851562,1914600
2024-05-01,70.0,73.37999725341797,64.56999969482422,68.23999786376953,66.9249267578125,1745900
2024-05-02,67.55000305175781,69.4000015258789,66.61000061035156,68.66999816894531,67.34663391113281,861500
2024-05-03,70.55999755859375,70.94000244140625,69.47000122070312,70.54000091552734,69.18059539794922,937400
2024-05-06,71.70999908447266,72.61000061035156,70.58000183105469,71.43000030517578,70.05345153808594,604600
2024-05-07,71.55000305175781,72.05000305175781,68.86000061035156,69.20999908447266,67.87623596191406,705200
2024-05-08,67.76000213623047,68.27999877929688,66.41000366210938,66.54000091552734,65.25768280029297,1033500
2024-05-09,66.83999633789062,68.79000091552734,66.62000274658203,68.2300033569336,66.91512298583984,1139100
2024-05-10,67.81999969482422,68.72000122070312,67.0199966430664,68.68000030517578,67.3564453125,619400
2024-05-13,69.38999938964844,70.29000091552734,68.75,69.76000213623047,68.41563415527344,805900
2024-05-14,70.55999755859375,71.30000305175781,69.81999969482422,70.81999969482422,69.4552001953125,714000
2024-05-15,71.88999938964844,72.0199966430664,69.30000305175781,69.44000244140625,68.10179901123047,623300
2024-05-16,69.13999938964844,69.52999877929688,68.5,69.23999786376953,67.90564727783203,602000
2024-05-17,69.20999908447266,69.44000244140625,68.04000091552734,68.19000244140625,66.87588500976562,535100
2024-05-20,68.45999908447266,69.55999755859375,68.19999694824219,69.05999755859375,67.72911834716797,504100
2024-05-21,68.72000122070312,69.13999938964844,67.66999816894531,68.0999984741211,66.7876205444336,664600
2024-05-22,67.51000213623047,68.52999877929688,65.95999908447266,66.44000244140625,65.15961456298828,929600
2024-05-23,65.98999786376953,66.23999786376953,64.0,64.94999694824219,64.33744049072266,1288200
2024-05-24,65.69000244140625,65.91000366210938,65.1500015258789,65.51000213623047,64.89215850830078,440700
2024-05-28,65.70999908447266,66.69000244140625,64.55999755859375,64.68000030517578,64.06998443603516,728000
2024-05-29,64.0,65.98999786376953,63.970001220703125,65.69999694824219,65.08036804199219,1082900
2024-05-30,66.02999877929688,67.55999755859375,66.02999877929688,66.94000244140625,66.30867767333984,855700
2024-05-31,67.12999725341797,69.75,66.79000091552734,69.69000244140625,69.0327377319336,824700
2024-06-03,68.58000183105469,68.76000213623047,62.709999084472656,64.30000305175781,63.693572998046875,1670100
2024-06-04,63.599998474121094,64.41999816894531,62.7599983215332,63.779998779296875,63.17847442626953,751700
2024-06-05,64.0,65.55999755859375,63.310001373291016,65.30999755859375,64.69404602050781,1470900
2024-06-06,65.5199966430664,68.45999908447266,64.19000244140625,67.52999877929688,66.89310455322266,1451200
2024-06-07,66.05000305175781,68.4800033569336,65.6500015258789,68.20999908447266,67.56669616699219,836000
2024-06-10,67.45999908447266,69.22000122070312,67.31999969482422,67.80999755859375,67.17046356201172,1261700
2024-06-11,67.38999938964844,68.29000091552734,66.8499984741211,68.16000366210938,67.51717376708984,579200
2024-06-12,70.02999877929688,71.05000305175781,67.18000030517578,67.56999969482422,66.93273162841797,839800
2024-06-13,67.33000183105469,68.19999694824219,66.26000213623047,67.81999969482422,67.18037414550781,505400
2024-06-14,67.01000213623047,68.18000030517578,65.47000122070312,66.37999725341797,65.75395202636719,563300
2024-06-17,65.69999694824219,65.98999786376953,63.95000076293945,64.41000366210938,63.80253601074219,1165400
2024-06-18,64.41000366210938,65.41000366210938,63.93000030517578,64.4000015258789,63.79262924194336,611300
2024-06-20,64.0199966430664,65.08000183105469,63.52000045776367,64.37999725341797,63.7728157043457,593000
2024-06-21,64.3499984741211,67.83999633789062,64.05999755859375,67.04000091552734,66.40773010253906,4217000
2024-06-24,66.77999877929688,67.66000366210938,66.31999969482422,67.05999755859375,66.42753601074219,1109300
2024-06-25,67.08000183105469,67.19000244140625,65.16000366210938,65.87000274658203,65.24876403808594,612300
2024-06-26,65.87999725341797,67.1500015258789,65.51000213623047,66.88999938964844,66.25914001464844,698300
2024-06-27,67.0,67.22000122070312,65.87999725341797,66.8499984741211,66.21952056884766,597500
2024-06-28,66.93000030517578,66.98999786376953,64.66000366210938,65.05999755859375,64.44640350341797,1844100
2024-07-01,65.05999755859375,65.79000091552734,63.459999084472656,63.4900016784668,62.891212463378906,773800
2024-07-02,63.630001068115234,64.4000015258789,62.869998931884766,63.349998474121094,62.75252914428711,854200
2024-07-03,63.619998931884766,65.16999816894531,63.470001220703125,63.5099983215332,62.91101837158203,360300
2024-07-05,63.130001068115234,63.130001068115234,61.84000015258789,62.709999084472656,62.11856460571289,616600
2024-07-08,63.0,63.70000076293945,62.02000045776367,62.189998626708984,61.60346984863281,580800
2024-07-09,62.22999954223633,62.4900016784668,60.91999816894531,61.060001373291016,60.484130859375,509500
2024-07-10,61.599998474121094,62.130001068115234,60.060001373291016,61.290000915527344,60.71195983886719,768100
2024-07-11,62.849998474121094,64.0,62.02000045776367,63.849998474121094,63.2478141784668,1025900
2024-07-12,63.59000015258789,65.33000183105469,63.4900016784668,63.54999923706055,62.950645446777344,970600
2024-07-15,63.36000061035156,63.790000915527344,61.86000061035156,62.029998779296875,61.44498062133789,1080100
2024-07-16,62.189998626708984,66.95999908447266,62.189998626708984,66.69999694824219,66.07093048095703,1603900
2024-07-17,66.05000305175781,67.66999816894531,65.75,67.23999786376953,66.60584259033203,1044300
2024-07-18,67.29000091552734,70.0,66.73999786376953,67.16999816894531,66.5364990234375,845000
2024-07-19,67.16000366210938,67.3499984741211,65.27999877929688,67.19000244140625,66.55632019042969,638500
2024-07-22,67.80000305175781,69.3499984741211,66.11000061035156,69.18000030517578,68.52754974365234,643900
2024-07-23,68.61000061035156,69.45999908447266,67.66999816894531,68.79000091552734,68.14122772216797,759300
2024-07-24,68.72000122070312,69.2300033569336,66.48999786376953,66.63999938964844,66.01150512695312,642400
2024-07-25,66.37999725341797,69.05999755859375,65.6500015258789,68.31999969482422,67.6756591796875,593900
2024-07-26,69.83999633789062,71.1500015258789,69.47000122070312,70.61000061035156,69.94406127929688,1076700
2024-07-29,70.6500015258789,71.30000305175781,69.66999816894531,70.41999816894531,69.75585174560547,641100
2024-07-30,70.54000091552734,71.30999755859375,69.41000366210938,70.23999786376953,69.57754516601562,827200
2024-07-31,73.0,82.11000061035156,73.0,78.5999984741211,77.85870361328125,3960100
2024-08-01,78.5,79.7300033569336,74.93000030517578,75.22000122070312,74.51058197021484,2209100
2024-08-02,73.63999938964844,73.63999938964844,70.31999969482422,71.66000366210938,70.98416137695312,1168600
2024-08-05,68.19999694824219,71.41000366210938,67.9800033569336,70.70999908447266,70.0431137084961,1495400
2024-08-06,70.55000305175781,72.56999969482422,69.26000213623047,70.55000305175781,69.88462829589844,798100
2024-08-07,71.86000061035156,72.80000305175781,68.31999969482422,68.61000061035156,67.96292114257812,710400
2024-08-08,69.2699966430664,70.87000274658203,69.0,70.80999755859375,70.14217376708984,742100
2024-08-09,71.05999755859375,71.05999755859375,69.36000061035156,70.11000061035156,69.44877624511719,384400
2024-08-12,69.75,70.73999786376953,68.79000091552734,68.94000244140625,68.28981018066406,462700
2024-08-13,69.25,71.01000213623047,68.54000091552734,70.87999725341797,70.21150970458984,622800
2024-08-14,70.91000366210938,71.23999786376953,69.25,70.44999694824219,69.78556823730469,605300
2024-08-15,71.80999755859375,72.94999694824219,70.5999984741211,72.58999633789062,71.90538024902344,958400
2024-08-16,72.2699966430664,73.51000213623047,71.36000061035156,72.27999877929688,71.59830474853516,604300
2024-08-19,72.27999877929688,72.75,71.69999694824219,72.37000274658203,71.68746185302734,443000
2024-08-20,72.23999786376953,72.55000305175781,71.0999984741211,71.88999938964844,71.21199035644531,580500
2024-08-21,72.31999969482422,72.52999877929688,70.3499984741211,70.98999786376953,70.32047271728516,1184500
2024-08-22,71.0,71.41000366210938,69.7699966430664,69.9800033569336,69.32000732421875,718500
2024-08-23,69.9000015258789,72.72000122070312,69.54000091552734,71.77999877929688,71.77999877929688,413000
2024-08-26,72.19999694824219,73.05000305175781,71.6500015258789,72.31999969482422,72.31999969482422,549600
2024-08-27,71.7300033569336,71.97000122070312,69.66999816894531,71.08999633789062,71.08999633789062,703000
2024-08-28,70.52999877929688,71.72000122070312,70.52999877929688,70.69000244140625,70.69000244140625,937900
