Date,Open,High,Low,Close,Adj Close,Volume
2007-09-04,388.0,390.0,383.6000061035156,385.79998779296875,69.59605407714844,1660
2007-09-05,384.6000061035156,388.3999938964844,382.0,387.79998779296875,69.95687103271484,755
2007-09-06,387.0,387.3999938964844,382.0,383.0,69.09095001220703,740
2007-09-07,383.0,385.0,380.0,383.0,69.09095001220703,660
2007-09-10,383.79998779296875,385.0,376.6000061035156,382.3999938964844,68.98267364501953,1705
2007-09-11,383.20001220703125,386.3999938964844,381.79998779296875,381.79998779296875,68.87445068359375,270
2007-09-12,384.0,384.0,377.0,384.0,69.27139282226562,370
2007-09-13,380.3999938964844,388.3999938964844,380.3999938964844,383.6000061035156,69.19920349121094,445
2007-09-14,385.6000061035156,385.6000061035156,381.6000061035156,383.0,69.09095001220703,520
2007-09-17,383.79998779296875,395.79998779296875,383.79998779296875,393.3999938964844,70.96710205078125,840
2007-09-18,394.79998779296875,400.0,391.6000061035156,394.20001220703125,71.11139678955078,1175
2007-09-19,394.20001220703125,400.0,392.79998779296875,395.6000061035156,71.36394500732422,730
2007-09-20,396.3999938964844,398.0,392.6000061035156,392.6000061035156,70.82276153564453,780
2007-09-21,393.3999938964844,398.20001220703125,391.0,395.79998779296875,71.40005493164062,1375
2007-09-24,389.79998779296875,394.0,385.0,391.79998779296875,70.67840576171875,725
2007-09-25,392.0,397.3999938964844,373.0,392.0,70.7144775390625,1615
2007-09-26,395.0,395.0,372.0,379.6000061035156,68.47762298583984,1065
2007-09-27,380.0,383.20001220703125,380.0,383.20001220703125,69.12709045410156,510
2007-09-28,378.3999938964844,384.0,378.3999938964844,380.0,68.54975128173828,175
2007-10-01,381.79998779296875,381.79998779296875,378.79998779296875,380.0,68.54975128173828,2065
2007-10-02,380.0,380.0,372.6000061035156,375.0,67.6478042602539,1775
2007-10-03,375.0,382.0,370.20001220703125,375.0,67.6478042602539,835
2007-10-04,368.0,379.6000061035156,360.0,378.20001220703125,68.22508239746094,1205
2007-10-05,380.20001220703125,384.0,380.0,381.0,68.73015594482422,2535
2007-10-08,380.20001220703125,389.79998779296875,380.0,384.79998779296875,69.41565704345703,2055
2007-10-09,385.0,388.0,380.0,387.0,69.81254577636719,1065
2007-10-10,386.0,389.0,385.0,385.0,69.45174407958984,1535
2007-10-11,386.0,389.0,385.0,388.0,69.99293518066406,2045
2007-10-12,388.0,394.0,354.3999938964844,383.0,69.09095001220703,2075
2007-10-15,382.0,387.79998779296875,362.6000061035156,376.6000061035156,67.93643951416016,1215
2007-10-16,373.0,373.0,365.0,366.0,66.02425384521484,985
2007-10-17,365.0,370.3999938964844,347.20001220703125,355.0,64.03993225097656,3435
2007-10-18,352.0,364.6000061035156,352.0,364.20001220703125,65.69954681396484,2630
2007-10-19,363.20001220703125,373.6000061035156,344.0,360.0,64.94190216064453,1335
2007-10-22,359.0,362.0,350.0,360.0,64.94190216064453,755
2007-10-23,358.0,358.0,340.0,352.0,63.498748779296875,3255
2007-10-24,351.0,355.0,335.0,350.0,63.13796615600586,2990
2007-10-25,353.0,357.20001220703125,342.0,346.0,62.41637420654297,1245
2007-10-26,352.0,368.0,345.0,348.0,62.77717208862305,1980
2007-10-29,346.0,349.79998779296875,338.0,347.79998779296875,62.741111755371094,1420
2007-10-30,347.79998779296875,364.20001220703125,343.6000061035156,360.0,64.94190216064453,3290
2007-10-31,358.0,358.0,345.0,353.6000061035156,63.78738784790039,3460
2007-11-01,352.20001220703125,356.6000061035156,344.20001220703125,347.79998779296875,62.741111755371094,2000
2007-11-02,347.20001220703125,352.0,339.79998779296875,346.0,62.41637420654297,1930
2007-11-05,346.0,356.3999938964844,340.20001220703125,344.0,62.05558776855469,1655
2007-11-06,345.3999938964844,353.0,338.6000061035156,338.6000061035156,61.081451416015625,1695
2007-11-07,335.20001220703125,345.0,326.0,340.3999938964844,61.40617370605469,3040
2007-11-08,337.6000061035156,363.6000061035156,334.0,360.0,64.94190216064453,5405
2007-11-09,358.0,358.0,342.20001220703125,343.0,61.87519073486328,1835
2007-11-12,343.20001220703125,360.0,331.0,339.20001220703125,61.18971633911133,4045
2007-11-13,334.0,346.6000061035156,324.0,325.0,58.62810134887695,4320
2007-11-14,328.20001220703125,334.0,315.3999938964844,324.79998779296875,58.592010498046875,6255
2007-11-15,324.0,330.0,315.20001220703125,320.0,57.72612380981445,5020
2007-11-16,319.20001220703125,331.20001220703125,319.20001220703125,320.20001220703125,57.7622184753418,6195
2007-11-19,324.20001220703125,332.0,312.0,312.20001220703125,56.319053649902344,3250
2007-11-20,317.0,317.79998779296875,305.3999938964844,311.0,56.102603912353516,3295
2007-11-21,309.0,315.0,296.20001220703125,314.0,56.643760681152344,5340
2007-11-23,315.79998779296875,317.3999938964844,311.6000061035156,315.79998779296875,56.96846008300781,1390
2007-11-26,340.20001220703125,340.20001220703125,308.0,315.0,57.92469787597656,1925
2007-11-27,320.0,323.0,307.20001220703125,313.79998779296875,57.70402145385742,3290
2007-11-28,312.79998779296875,328.0,312.79998779296875,324.20001220703125,59.616451263427734,2785
2007-11-29,322.0,326.3999938964844,317.0,321.6000061035156,59.13833236694336,3980
2007-11-30,322.3999938964844,338.3999938964844,315.0,334.20001220703125,61.45533752441406,5495
2007-12-03,330.0,331.6000061035156,317.6000061035156,320.0,58.844120025634766,3515
2007-12-04,320.0,320.79998779296875,314.3999938964844,318.0,58.47637176513672,3045
2007-12-05,320.0,326.79998779296875,312.20001220703125,316.20001220703125,58.145355224609375,3260
2007-12-06,315.0,321.79998779296875,310.20001220703125,320.0,58.844120025634766,8120
2007-12-07,320.0,325.6000061035156,312.3999938964844,320.0,58.844120025634766,3120
2007-12-10,320.0,322.20001220703125,314.0,315.3999938964844,57.998233795166016,4380
2007-12-11,317.79998779296875,322.79998779296875,306.20001220703125,313.20001220703125,57.593685150146484,4555
2007-12-12,318.0,319.20001220703125,302.3999938964844,313.3999938964844,57.6304817199707,5775
2007-12-13,313.79998779296875,313.79998779296875,304.3999938964844,306.0,56.26972961425781,4350
2007-12-14,305.6000061035156,315.0,303.3999938964844,305.79998779296875,56.2329216003418,3290
2007-12-17,305.6000061035156,306.3999938964844,296.3999938964844,300.0,55.1663818359375,3830
2007-12-18,300.20001220703125,306.20001220703125,297.6000061035156,303.3999938964844,55.791595458984375,6770
2007-12-19,301.0,307.3999938964844,296.0,300.3999938964844,55.23991394042969,4375
2007-12-20,300.0,315.0,299.20001220703125,302.20001220703125,55.5709342956543,6870
2007-12-21,300.79998779296875,315.0,300.6000061035156,310.6000061035156,57.1155891418457,5990
2007-12-24,310.6000061035156,319.6000061035156,305.20001220703125,319.0,58.66026306152344,1840
2007-12-26,316.3999938964844,329.79998779296875,316.3999938964844,322.0,59.211891174316406,3580
2007-12-27,324.0,326.0,313.6000061035156,313.79998779296875,57.70402145385742,4590
2007-12-28,313.79998779296875,318.0,309.6000061035156,314.3999938964844,57.814353942871094,5705
2007-12-31,314.0,319.79998779296875,305.3999938964844,319.20001220703125,58.697021484375,10000
2008-01-02,320.20001220703125,323.3999938964844,320.0,320.20001220703125,58.88090896606445,1310
2008-01-03,322.0,334.79998779296875,322.0,330.0,60.68299102783203,2475
2008-01-04,329.20001220703125,329.20001220703125,322.0,323.0,59.395809173583984,1785
2008-01-07,323.0,323.0,313.6000061035156,316.0,58.10857009887695,2145
2008-01-08,318.0,326.79998779296875,318.0,324.0,59.57967758178711,1605
2008-01-09,321.0,326.20001220703125,321.0,326.20001220703125,59.98421859741211,1240
2008-01-10,324.20001220703125,329.79998779296875,324.20001220703125,327.0,60.131324768066406,1170
2008-01-11,327.0,331.0,322.6000061035156,325.0,59.763580322265625,2055
2008-01-14,325.20001220703125,327.79998779296875,322.3999938964844,322.79998779296875,59.35902786254883,1580
2008-01-15,324.0,327.20001220703125,321.0,322.3999938964844,59.28548812866211,1850
2008-01-16,322.3999938964844,325.0,320.0,323.6000061035156,59.506134033203125,1060
2008-01-17,327.20001220703125,328.3999938964844,323.0,325.0,59.763580322265625,1665
2008-01-18,324.20001220703125,336.3999938964844,320.0,324.0,59.57967758178711,1340
2008-01-22,318.3999938964844,320.20001220703125,314.0,320.0,58.844120025634766,5160
2008-01-23,317.0,325.0,311.20001220703125,320.0,58.844120025634766,2575
2008-01-24,324.0,327.0,315.0,326.0,59.947418212890625,2080
2008-01-25,328.20001220703125,328.20001220703125,325.0,327.0,60.131324768066406,1040
2008-01-28,328.20001220703125,332.0,328.20001220703125,332.0,61.05078887939453,1370
2008-01-29,331.6000061035156,336.3999938964844,329.0,333.3999938964844,61.30824279785156,2460
2008-01-30,332.79998779296875,336.0,330.6000061035156,334.20001220703125,61.45533752441406,1635
2008-01-31,332.0,348.0,332.0,344.0,63.25743103027344,3470
2008-02-01,343.0,355.3999938964844,341.20001220703125,350.6000061035156,64.47111511230469,2335
2008-02-04,351.20001220703125,354.79998779296875,346.6000061035156,352.3999938964844,64.8021240234375,1660
2008-02-05,352.0,353.79998779296875,347.6000061035156,353.0,64.91240692138672,745
2008-02-06,353.0,355.0,345.79998779296875,345.79998779296875,63.58845138549805,1100
2008-02-07,345.0,345.0,338.0,342.79998779296875,63.03679656982422,790
2008-02-08,338.79998779296875,345.20001220703125,334.0,344.0,63.25743103027344,610
2008-02-11,345.3999938964844,351.79998779296875,343.20001220703125,343.79998779296875,63.22066116333008,835
2008-02-12,347.0,352.79998779296875,343.0,346.6000061035156,63.735538482666016,800
2008-02-13,349.20001220703125,356.0,345.20001220703125,351.0,64.54463958740234,1475
2008-02-14,349.6000061035156,352.6000061035156,345.0,350.0,64.36075592041016,1455
2008-02-15,350.0,350.3999938964844,338.20001220703125,347.3999938964844,63.88264465332031,1075
2008-02-19,347.3999938964844,347.79998779296875,344.3999938964844,344.79998779296875,63.40456771850586,635
2008-02-20,348.0,349.3999938964844,340.0,342.3999938964844,62.963218688964844,855
2008-02-21,347.0,347.0,332.79998779296875,334.0,61.41856384277344,1125
2008-02-22,333.3999938964844,340.3999938964844,328.3999938964844,340.3999938964844,62.59544372558594,935
2008-02-25,342.20001220703125,344.0,341.0,342.0,62.88969421386719,2255
2008-02-26,332.0,342.79998779296875,328.0,342.3999938964844,64.1219253540039,2340
2008-02-27,344.0,344.0,333.20001220703125,338.79998779296875,63.44772720336914,765
2008-02-28,340.20001220703125,347.0,334.79998779296875,344.0,64.42153930664062,1220
2008-02-29,345.0,345.3999938964844,337.3999938964844,339.0,63.48520278930664,430
2008-03-03,336.20001220703125,341.3999938964844,332.0,332.0,62.174285888671875,680
2008-03-04,330.20001220703125,347.3999938964844,330.0,340.3999938964844,63.74737548828125,715
2008-03-05,340.6000061035156,341.0,334.6000061035156,337.20001220703125,63.148109436035156,625
2008-03-06,338.6000061035156,338.6000061035156,325.0,327.79998779296875,61.38773727416992,2055
2008-03-07,327.20001220703125,331.3999938964844,323.79998779296875,324.0,60.67609405517578,715
2008-03-10,326.0,328.20001220703125,309.79998779296875,309.79998779296875,58.01686477661133,1520
2008-03-11,318.79998779296875,320.0,310.0,316.3999938964844,59.252830505371094,750
2008-03-12,317.6000061035156,319.3999938964844,315.0,317.79998779296875,59.515018463134766,1455
2008-03-13,315.79998779296875,329.0,313.0,321.20001220703125,60.151737213134766,1800
2008-03-14,321.0,321.79998779296875,316.6000061035156,316.6000061035156,59.290279388427734,1245
2008-03-17,318.79998779296875,318.79998779296875,311.0,313.3999938964844,58.6910514831543,760
2008-03-18,317.0,326.6000061035156,314.6000061035156,319.20001220703125,59.7772102355957,1390
2008-03-19,319.20001220703125,321.3999938964844,317.79998779296875,317.79998779296875,59.515018463134766,385
2008-03-20,317.3999938964844,324.0,310.0,318.6000061035156,59.664817810058594,1100
2008-03-24,318.3999938964844,319.79998779296875,316.20001220703125,319.0,59.739776611328125,655
2008-03-25,319.0,320.20001220703125,315.20001220703125,319.0,59.739776611328125,590
2008-03-26,320.0,321.0,317.3999938964844,321.0,60.11429214477539,740
2008-03-27,321.79998779296875,330.0,320.20001220703125,330.0,61.79972839355469,535
2008-03-28,325.0,327.20001220703125,319.20001220703125,326.3999938964844,61.12555694580078,430
2008-03-31,325.3999938964844,335.0,317.79998779296875,335.0,62.7360954284668,1880
2008-04-01,335.79998779296875,346.79998779296875,330.0,346.79998779296875,64.94590759277344,2400
2008-04-02,348.0,354.20001220703125,340.6000061035156,345.3999938964844,64.6837158203125,1575
2008-04-03,344.3999938964844,354.6000061035156,337.79998779296875,342.20001220703125,64.08445739746094,1815
2008-04-04,346.6000061035156,354.79998779296875,344.0,349.0,65.35794067382812,1080
2008-04-07,350.20001220703125,355.3999938964844,347.6000061035156,354.20001220703125,66.33172607421875,455
2008-04-08,355.6000061035156,359.6000061035156,353.0,353.0,66.10696411132812,1320
2008-04-09,349.6000061035156,355.3999938964844,344.79998779296875,351.79998779296875,65.88225555419922,770
2008-04-10,352.79998779296875,358.6000061035156,338.3999938964844,347.6000061035156,65.09575653076172,705
2008-04-11,342.0,359.6000061035156,338.20001220703125,354.3999938964844,66.36917877197266,2700
2008-04-14,353.3999938964844,358.79998779296875,341.0,342.0,64.04705047607422,1190
2008-04-15,343.0,362.0,340.0,346.3999938964844,64.87097930908203,1615
2008-04-16,348.6000061035156,356.6000061035156,342.0,343.0,64.23424530029297,1865
2008-04-17,347.20001220703125,355.79998779296875,344.0,352.6000061035156,66.03211212158203,1140
2008-04-18,354.20001220703125,358.0,346.3999938964844,346.6000061035156,64.908447265625,820
2008-04-21,345.0,352.0,344.0,344.79998779296875,64.57137298583984,605
2008-04-22,344.6000061035156,347.6000061035156,338.6000061035156,340.20001220703125,63.70989227294922,1125
2008-04-23,341.0,346.3999938964844,340.20001220703125,345.0,64.60883331298828,780
2008-04-24,346.6000061035156,351.6000061035156,320.3999938964844,340.20001220703125,63.70989227294922,1305
2008-04-25,343.20001220703125,345.6000061035156,340.3999938964844,341.79998779296875,64.00955200195312,355
2008-04-28,340.20001220703125,347.79998779296875,340.20001220703125,347.20001220703125,65.02081298828125,900
2008-04-29,346.79998779296875,349.0,338.6000061035156,344.79998779296875,64.57137298583984,1430
2008-04-30,344.20001220703125,349.0,333.3999938964844,346.20001220703125,64.83356475830078,2610
2008-05-01,347.20001220703125,357.79998779296875,342.0,342.0,64.04705047607422,1435
2008-05-02,343.6000061035156,345.3999938964844,340.3999938964844,342.0,64.04705047607422,640
2008-05-05,340.20001220703125,346.3999938964844,339.3999938964844,342.3999938964844,64.1219253540039,1695
2008-05-06,342.3999938964844,344.79998779296875,340.0,342.79998779296875,64.19682312011719,1265
2008-05-07,342.20001220703125,347.79998779296875,341.0,347.79998779296875,65.13318634033203,735
2008-05-08,345.20001220703125,350.3999938964844,343.79998779296875,348.20001220703125,65.20812225341797,1070
2008-05-09,343.0,348.20001220703125,340.0,347.20001220703125,65.02081298828125,1960
2008-05-12,346.0,356.0,346.0,352.0,65.91974639892578,945
2008-05-13,351.0,354.0,348.79998779296875,349.0,65.35794067382812,860
2008-05-14,350.0,351.6000061035156,341.3999938964844,341.79998779296875,64.00955200195312,2305
2008-05-15,341.20001220703125,350.3999938964844,340.6000061035156,347.3999938964844,65.05828857421875,1730
2008-05-16,349.3999938964844,350.79998779296875,346.0,350.20001220703125,65.58263397216797,1460
2008-05-19,350.6000061035156,357.6000061035156,350.20001220703125,356.6000061035156,66.78118133544922,1085
2008-05-20,355.0,359.0,353.0,358.3999938964844,67.11823272705078,880
2008-05-21,359.6000061035156,360.0,354.3999938964844,354.3999938964844,66.36917877197266,1675
2008-05-22,356.20001220703125,359.79998779296875,350.79998779296875,351.3999938964844,65.80738067626953,1620
2008-05-23,352.3999938964844,353.0,351.3999938964844,352.0,65.91974639892578,600
2008-05-27,351.79998779296875,351.79998779296875,347.79998779296875,350.0,65.54518127441406,895
2008-05-28,345.0,346.20001220703125,344.0,344.0,65.61382293701172,3105
2008-05-29,347.6000061035156,360.0,342.0,359.6000061035156,68.58932495117188,2020
2008-05-30,359.0,359.6000061035156,350.20001220703125,353.6000061035156,67.4449234008789,930
2008-06-02,354.6000061035156,359.79998779296875,344.20001220703125,359.20001220703125,68.5130615234375,1620
2008-06-03,358.0,358.0,344.20001220703125,345.20001220703125,65.84274291992188,2095
2008-06-04,353.6000061035156,354.20001220703125,345.3999938964844,347.3999938964844,66.26233673095703,575
2008-06-05,348.6000061035156,352.0,344.20001220703125,352.0,67.13976287841797,960
2008-06-06,353.0,353.0,348.3999938964844,349.79998779296875,66.72012329101562,565
2008-06-09,348.79998779296875,353.6000061035156,347.79998779296875,348.20001220703125,66.41496276855469,920
2008-06-10,347.20001220703125,358.0,347.20001220703125,349.79998779296875,66.72012329101562,1160
2008-06-11,347.20001220703125,360.0,345.20001220703125,356.3999938964844,67.97901153564453,1380
2008-06-12,354.20001220703125,354.20001220703125,344.20001220703125,351.6000061035156,67.0634536743164,2570
2008-06-13,355.20001220703125,356.6000061035156,351.6000061035156,354.20001220703125,67.55937194824219,1075
2008-06-16,357.0,360.20001220703125,351.20001220703125,352.79998779296875,67.2923355102539,805
2008-06-17,354.79998779296875,359.0,344.6000061035156,346.0,65.99529266357422,945
2008-06-18,347.20001220703125,349.79998779296875,345.0,349.79998779296875,66.72012329101562,500
2008-06-19,357.0,364.0,350.6000061035156,352.20001220703125,67.17789459228516,895
2008-06-20,352.0,352.0,340.0,341.0,65.0416488647461,1025
2008-06-23,342.20001220703125,344.3999938964844,325.20001220703125,331.79998779296875,63.286865234375,2085
2008-06-24,332.79998779296875,340.20001220703125,326.6000061035156,333.79998779296875,63.66830062866211,2280
2008-06-25,334.3999938964844,343.0,323.0,335.3999938964844,63.97351837158203,1770
2008-06-26,333.3999938964844,340.0,322.6000061035156,337.3999938964844,64.35497283935547,1460
2008-06-27,334.6000061035156,335.0,320.3999938964844,329.6000061035156,62.86723327636719,1595
2008-06-30,330.79998779296875,341.20001220703125,330.79998779296875,341.0,65.0416488647461,1485
2008-07-01,340.0,346.79998779296875,337.20001220703125,340.0,64.8508529663086,1200
2008-07-02,340.0,346.0,334.3999938964844,341.0,65.0416488647461,1085
2008-07-03,338.6000061035156,344.0,337.6000061035156,338.0,64.46945190429688,920
2008-07-07,337.6000061035156,337.6000061035156,313.0,325.0,61.989845275878906,1600
2008-07-08,320.0,320.79998779296875,310.3999938964844,318.79998779296875,60.80724334716797,995
2008-07-09,320.20001220703125,334.0,320.20001220703125,330.0,62.943504333496094,640
2008-07-10,328.6000061035156,350.0,328.0,339.0,64.66014862060547,1130
2008-07-11,330.6000061035156,350.0,327.79998779296875,342.79998779296875,65.38494873046875,1075
2008-07-14,341.3999938964844,344.3999938964844,334.0,344.0,65.61382293701172,1910
2008-07-15,345.79998779296875,349.0,336.0,345.0,65.80459594726562,1575
2008-07-16,338.3999938964844,342.0,325.0,340.0,64.8508529663086,1290
2008-07-17,334.20001220703125,349.79998779296875,325.6000061035156,338.3999938964844,64.54570007324219,1910
2008-07-18,336.3999938964844,339.20001220703125,322.3999938964844,331.3999938964844,63.21053695678711,2235
2008-07-21,331.3999938964844,345.0,331.3999938964844,339.6000061035156,64.77461242675781,1085
2008-07-22,349.0,349.0,339.0,345.0,65.80459594726562,2880
2008-07-23,347.0,349.3999938964844,336.79998779296875,341.0,65.0416488647461,6235
2008-07-24,330.3999938964844,344.3999938964844,330.3999938964844,342.20001220703125,65.27049255371094,615
2008-07-25,342.3999938964844,346.79998779296875,331.6000061035156,335.0,63.897239685058594,1025
2008-07-28,332.79998779296875,337.0,325.0,336.20001220703125,64.12610626220703,770
2008-07-29,334.79998779296875,334.79998779296875,327.79998779296875,330.79998779296875,63.09608840942383,365
2008-07-30,328.79998779296875,336.20001220703125,320.3999938964844,336.0,64.0879135131836,940
2008-07-31,331.79998779296875,334.79998779296875,324.0,334.79998779296875,63.85905838012695,540
2008-08-01,335.0,349.20001220703125,335.0,341.6000061035156,65.15608978271484,1590
2008-08-04,340.79998779296875,340.79998779296875,331.79998779296875,334.0,63.706459045410156,705
2008-08-05,335.6000061035156,335.6000061035156,324.0,327.6000061035156,62.485755920410156,1380
2008-08-06,328.3999938964844,329.0,324.79998779296875,324.79998779296875,61.95168685913086,375
2008-08-07,321.0,332.6000061035156,314.3999938964844,321.20001220703125,61.26499557495117,655
2008-08-08,320.3999938964844,324.6000061035156,309.0,323.0,61.60835647583008,1110
2008-08-11,321.79998779296875,325.0,319.3999938964844,322.6000061035156,61.53207778930664,805
2008-08-12,321.6000061035156,324.0,317.0,320.6000061035156,61.150596618652344,1255
2008-08-13,321.6000061035156,327.0,311.0,322.0,61.417633056640625,905
2008-08-14,324.79998779296875,349.20001220703125,318.0,345.79998779296875,65.9571762084961,2585
2008-08-15,339.0,345.79998779296875,335.0,342.0,65.23239135742188,695
2008-08-18,336.0,339.3999938964844,326.3999938964844,339.0,64.66014862060547,725
2008-08-19,337.0,344.0,334.3999938964844,343.79998779296875,65.57572937011719,930
2008-08-20,344.0,344.0,342.0,343.79998779296875,65.57572937011719,135
2008-08-21,343.6000061035156,365.79998779296875,341.3999938964844,349.0,66.5675277709961,2040
2008-08-22,345.6000061035156,356.79998779296875,333.3999938964844,346.79998779296875,66.14790344238281,2400
2008-08-25,349.0,349.0,335.3999938964844,345.3999938964844,65.88089752197266,1405
2008-08-26,342.79998779296875,345.0,336.0,343.79998779296875,65.57572937011719,1105
2008-08-27,342.6000061035156,349.0,335.3999938964844,344.0,66.89808654785156,820
2008-08-28,352.0,352.0,341.6000061035156,345.0,67.09257507324219,665
2008-08-29,346.0,364.3999938964844,342.3999938964844,352.20001220703125,68.49279022216797,1185
2008-09-02,351.3999938964844,351.3999938964844,340.3999938964844,340.3999938964844,66.19799041748047,425
2008-09-03,343.3999938964844,343.3999938964844,332.0,333.6000061035156,64.8755874633789,1795
2008-09-04,329.79998779296875,330.6000061035156,317.20001220703125,322.6000061035156,62.7364387512207,640
2008-09-05,332.6000061035156,332.6000061035156,320.0,327.3999938964844,63.66987609863281,870
2008-09-08,338.0,347.0,329.0,329.0,63.98104476928711,390
2008-09-09,330.0,330.0,314.0,323.0,62.81418991088867,1160
2008-09-10,325.0,325.0,314.0,321.0,62.42524337768555,560
2008-09-11,323.0,323.0,306.6000061035156,321.0,62.42524337768555,770
2008-09-12,318.0,321.0,312.3999938964844,321.0,62.42524337768555,515
2008-09-15,320.79998779296875,320.79998779296875,301.0,301.0,58.535865783691406,415
2008-09-16,290.6000061035156,307.6000061035156,268.0,307.6000061035156,59.8193473815918,3150
2008-09-17,303.0,305.20001220703125,295.0,305.0,59.31373596191406,1225
2008-09-18,300.3999938964844,366.0,288.20001220703125,321.0,62.42524337768555,1910
2008-09-19,330.0,337.79998779296875,313.20001220703125,325.0,63.20317077636719,1285
2008-09-22,320.20001220703125,327.0,287.79998779296875,287.79998779296875,55.96882247924805,2410
2008-09-23,291.6000061035156,291.6000061035156,268.20001220703125,285.0,55.4243049621582,1300
2008-09-24,280.3999938964844,306.6000061035156,273.20001220703125,285.0,55.4243049621582,1820
2008-09-25,273.3999938964844,284.0,269.0,278.0,54.06300735473633,2375
2008-09-26,264.20001220703125,291.79998779296875,264.20001220703125,289.20001220703125,56.241127014160156,2225
2008-09-29,284.0,284.20001220703125,268.3999938964844,274.79998779296875,53.44070053100586,780
2008-09-30,275.3999938964844,285.79998779296875,268.20001220703125,285.0,55.4243049621582,1030
2008-10-01,285.0,300.0,285.0,296.20001220703125,57.60240173339844,575
2008-10-02,311.0,311.0,282.20001220703125,298.20001220703125,57.991310119628906,980
2008-10-03,304.0,304.6000061035156,283.0,283.0,55.03535079956055,1170
2008-10-06,264.0,272.0,214.39999389648438,221.0,42.97810745239258,6505
2008-10-07,222.1999969482422,239.8000030517578,220.0,222.0,43.172611236572266,4985
2008-10-08,214.39999389648438,228.60000610351562,180.60000610351562,224.8000030517578,43.717140197753906,3860
2008-10-09,234.60000610351562,244.0,171.60000610351562,198.60000610351562,38.62200164794922,4155
2008-10-10,170.0,240.0,155.0,166.8000030517578,32.43779373168945,3975
2008-10-13,194.0,247.0,180.60000610351562,239.8000030517578,46.63420486450195,4830
2008-10-14,250.0,280.6000061035156,244.0,260.3999938964844,50.64030456542969,2220
2008-10-15,255.39999389648438,260.0,237.60000610351562,244.8000030517578,47.60655212402344,2055
2008-10-16,244.0,259.20001220703125,230.60000610351562,241.60000610351562,46.98423385620117,2760
2008-10-17,247.0,277.79998779296875,229.0,277.0,53.8685188293457,2855
2008-10-20,266.0,289.79998779296875,249.1999969482422,268.0,52.11827850341797,3330
2008-10-21,265.79998779296875,282.0,254.39999389648438,273.3999938964844,53.16842269897461,1640
2008-10-22,270.0,279.79998779296875,242.60000610351562,242.8000030517578,47.21759796142578,2875
2008-10-23,240.0,269.79998779296875,230.0,239.39999389648438,46.55642318725586,1645
2008-10-24,220.8000030517578,236.8000030517578,218.60000610351562,223.39999389648438,43.44485092163086,2440
2008-10-27,219.0,223.8000030517578,200.0,203.60000610351562,39.594364166259766,1530
2008-10-28,218.0,222.0,210.0,211.8000030517578,41.18900680541992,1725
2008-10-29,218.39999389648438,253.60000610351562,217.0,229.39999389648438,44.61167907714844,2040
2008-10-30,247.0,253.8000030517578,229.1999969482422,240.0,46.67311096191406,3020
2008-10-31,245.0,252.39999389648438,231.0,241.0,46.867591857910156,1145
2008-11-03,245.60000610351562,261.3999938964844,245.60000610351562,259.79998779296875,50.523624420166016,1225
2008-11-04,268.0,284.20001220703125,263.6000061035156,267.6000061035156,52.04048538208008,2545
2008-11-05,271.20001220703125,288.79998779296875,253.8000030517578,274.0,53.28512954711914,2450
2008-11-06,275.79998779296875,283.6000061035156,264.0,275.0,53.47959518432617,1140
2008-11-07,281.0,281.20001220703125,269.3999938964844,276.79998779296875,53.82965850830078,1410
2008-11-10,280.0,290.0,270.0,272.20001220703125,52.93506622314453,1375
2008-11-11,274.79998779296875,275.0,252.0,267.79998779296875,52.07940673828125,1165
2008-11-12,273.79998779296875,273.79998779296875,235.0,236.60000610351562,46.01190185546875,1695
2008-11-13,230.0,231.0,205.1999969482422,225.0,43.756046295166016,2845
2008-11-14,224.0,231.1999969482422,217.60000610351562,223.39999389648438,43.44485092163086,770
2008-11-17,232.0,232.0,214.1999969482422,221.1999969482422,43.01701736450195,610
2008-11-18,222.60000610351562,222.60000610351562,205.8000030517578,209.8000030517578,40.800052642822266,1490
2008-11-19,212.0,225.0,190.60000610351562,201.0,39.088741302490234,1705
2008-11-20,181.1999969482422,192.0,160.39999389648438,181.0,35.19928741455078,3865
2008-11-21,183.8000030517578,187.8000030517578,160.1999969482422,181.0,35.19928741455078,2045
2008-11-24,184.0,209.1999969482422,179.8000030517578,202.39999389648438,39.36096954345703,2095
2008-11-25,198.0,198.0,174.8000030517578,178.60000610351562,35.9033088684082,2345
2008-11-26,174.8000030517578,201.0,174.8000030517578,201.0,40.40633773803711,2030
2008-11-28,200.8000030517578,212.1999969482422,200.8000030517578,207.1999969482422,41.652652740478516,315
2008-12-01,197.1999969482422,197.1999969482422,179.1999969482422,185.0,37.189884185791016,1310
2008-12-02,177.1999969482422,190.60000610351562,165.39999389648438,176.39999389648438,35.4610595703125,3060
2008-12-03,169.8000030517578,169.8000030517578,160.0,161.39999389648438,32.445674896240234,3355
2008-12-04,170.0,171.1999969482422,152.39999389648438,160.1999969482422,32.204444885253906,3410
2008-12-05,163.0,169.8000030517578,152.60000610351562,162.1999969482422,32.60651397705078,5075
2008-12-08,162.1999969482422,164.8000030517578,140.0,144.0,28.94780731201172,9660
2008-12-09,137.60000610351562,150.0,132.39999389648438,133.1999969482422,26.776723861694336,6440
2008-12-10,134.60000610351562,148.0,134.1999969482422,138.60000610351562,27.862272262573242,8800
2008-12-11,148.0,160.8000030517578,140.0,144.39999389648438,29.028223037719727,13140
2008-12-12,141.60000610351562,156.8000030517578,140.0,153.0,30.757051467895508,5900
2008-12-15,156.0,160.8000030517578,140.0,140.60000610351562,28.26432991027832,5480
2008-12-16,148.0,167.39999389648438,141.8000030517578,148.0,29.751924514770508,5955
2008-12-17,144.39999389648438,156.1999969482422,144.0,150.0,30.153976440429688,3585
2008-12-18,149.0,157.8000030517578,142.60000610351562,142.60000610351562,28.66637420654297,2380
2008-12-19,144.60000610351562,160.8000030517578,144.39999389648438,148.0,29.751924514770508,4945
2008-12-22,145.0,148.8000030517578,103.0,103.5999984741211,20.826326370239258,10940
2008-12-23,100.0,103.5999984741211,70.4000015258789,76.19999694824219,15.318218231201172,17940
2008-12-24,75.5999984741211,77.19999694824219,58.0,73.80000305175781,14.835748672485352,15440
2008-12-26,75.80000305175781,79.80000305175781,70.4000015258789,73.80000305175781,14.835748672485352,8995
2008-12-29,79.0,79.80000305175781,70.4000015258789,79.80000305175781,16.041913986206055,11680
2008-12-30,79.80000305175781,84.0,77.0,81.0,16.283143997192383,8960
2008-12-31,82.19999694824219,94.0,80.0,89.5999984741211,18.0119686126709,8670
2009-01-02,90.0,97.80000305175781,87.0,95.19999694824219,19.137718200683594,5705
2009-01-05,95.0,110.80000305175781,93.0,106.80000305175781,21.469635009765625,7130
2009-01-06,108.0,123.0,106.0,120.19999694824219,24.163373947143555,8025
2009-01-07,110.19999694824219,121.0,110.19999694824219,111.0,22.313932418823242,3460
2009-01-08,111.5999984741211,117.19999694824219,110.19999694824219,114.0,22.917015075683594,2515
2009-01-09,113.80000305175781,119.0,110.0,116.0,23.31907844543457,1725
2009-01-12,120.0,120.0,104.0,108.4000015258789,21.791275024414062,4170
2009-01-13,108.4000015258789,113.80000305175781,101.4000015258789,111.5999984741211,22.434547424316406,3715
2009-01-14,110.5999984741211,111.80000305175781,102.19999694824219,106.19999694824219,21.3490047454834,3165
2009-01-15,108.0,110.19999694824219,101.0,110.0,22.112903594970703,3620
2009-01-16,110.19999694824219,115.5999984741211,110.0,112.80000305175781,22.6757869720459,3585
2009-01-20,116.4000015258789,121.0,112.80000305175781,114.0,22.917015075683594,3925
2009-01-21,113.19999694824219,127.19999694824219,113.19999694824219,127.19999694824219,25.570560455322266,2830
2009-01-22,124.5999984741211,132.0,120.0,131.1999969482422,26.374666213989258,1860
2009-01-23,130.60000610351562,140.0,126.80000305175781,135.1999969482422,27.178752899169922,2465
2009-01-26,135.1999969482422,145.0,135.1999969482422,143.8000030517578,28.907596588134766,2710
2009-01-27,147.8000030517578,147.8000030517578,110.80000305175781,120.0,24.123184204101562,9325
2009-01-28,120.0,121.80000305175781,109.0,115.4000015258789,23.19844627380371,6700
2009-01-29,111.5999984741211,114.5999984741211,104.19999694824219,106.19999694824219,21.3490047454834,2540
2009-01-30,110.0,110.4000015258789,100.0,101.5999984741211,20.42428207397461,3695
2009-02-02,100.0,102.0,92.4000015258789,102.0,20.504695892333984,3885
2009-02-03,112.0,140.0,104.80000305175781,122.4000015258789,24.605636596679688,7220
2009-02-04,120.0,129.8000030517578,114.0,121.4000015258789,24.40460205078125,4480
2009-02-05,120.0,122.4000015258789,114.80000305175781,119.80000305175781,24.082969665527344,2390
2009-02-06,116.4000015258789,130.0,114.5999984741211,126.5999984741211,25.449962615966797,1940
2009-02-09,128.0,128.0,119.80000305175781,121.4000015258789,24.40460205078125,3165
2009-02-10,117.19999694824219,120.5999984741211,111.5999984741211,111.5999984741211,22.434547424316406,2170
2009-02-11,114.0,118.80000305175781,114.0,117.4000015258789,23.60049819946289,1170
2009-02-12,117.4000015258789,120.80000305175781,117.19999694824219,120.0,24.123184204101562,1065
2009-02-13,118.19999694824219,125.4000015258789,107.80000305175781,123.0,24.726266860961914,3430
2009-02-17,121.5999984741211,121.5999984741211,110.4000015258789,112.19999694824219,22.55516815185547,2475
2009-02-18,114.4000015258789,115.80000305175781,101.0,106.0,21.30879783630371,2075
2009-02-19,106.0,106.0,100.0,100.0,20.102638244628906,1995
2009-02-20,106.4000015258789,106.4000015258789,100.19999694824219,103.80000305175781,20.866540908813477,3485
2009-02-23,104.19999694824219,104.19999694824219,100.19999694824219,102.5999984741211,20.62531852722168,2665
2009-02-24,107.0,116.4000015258789,103.0,114.80000305175781,23.07784080505371,2275
2009-02-25,104.5999984741211,112.4000015258789,96.4000015258789,110.0,23.01506805419922,2090
2009-02-26,111.4000015258789,111.4000015258789,100.0,102.4000015258789,21.42494010925293,1465
2009-02-27,101.80000305175781,102.4000015258789,95.4000015258789,100.19999694824219,20.964622497558594,2120
2009-03-02,99.0,99.0,77.19999694824219,93.4000015258789,19.541879653930664,5480
2009-03-03,97.4000015258789,99.80000305175781,85.4000015258789,88.0,18.41205406188965,3325
2009-03-04,100.0,100.0,84.19999694824219,93.0,19.45819854736328,2895
2009-03-05,95.0,95.0,81.0,87.5999984741211,18.3283634185791,1980
2009-03-06,90.0,93.0,81.4000015258789,85.80000305175781,17.951757431030273,2225
2009-03-09,84.19999694824219,87.4000015258789,81.4000015258789,85.5999984741211,17.9099178314209,2315
2009-03-10,93.0,96.80000305175781,84.19999694824219,90.19999694824219,18.872350692749023,2065
2009-03-11,93.4000015258789,98.5999984741211,92.80000305175781,97.4000015258789,20.378799438476562,1280
2009-03-12,97.4000015258789,100.0,92.5999984741211,93.19999694824219,19.50003433227539,1085
2009-03-13,93.5999984741211,96.4000015258789,84.4000015258789,90.19999694824219,18.872350692749023,1325
2009-03-16,90.0,96.4000015258789,90.0,96.4000015258789,20.169578552246094,555
2009-03-17,94.0,100.0,91.5999984741211,99.4000015258789,20.797243118286133,1430
2009-03-18,101.5999984741211,101.5999984741211,90.80000305175781,98.80000305175781,20.671720504760742,1700
2009-03-19,98.80000305175781,101.5999984741211,93.4000015258789,101.5999984741211,21.25755500793457,1215
2009-03-20,102.19999694824219,103.0,93.80000305175781,100.80000305175781,21.09017562866211,2505
2009-03-23,102.80000305175781,109.0,102.0,104.0,21.759695053100586,1940
2009-03-24,108.4000015258789,108.4000015258789,99.80000305175781,100.19999694824219,20.964622497558594,1400
2009-03-25,100.4000015258789,100.4000015258789,97.19999694824219,100.0,20.922786712646484,990
2009-03-26,101.5999984741211,104.5999984741211,96.80000305175781,101.19999694824219,21.173851013183594,1995
2009-03-27,97.19999694824219,100.0,93.80000305175781,94.0,19.667415618896484,1505
2009-03-30,90.5999984741211,96.4000015258789,89.4000015258789,96.4000015258789,20.169578552246094,1080
2009-03-31,92.80000305175781,97.19999694824219,92.80000305175781,93.19999694824219,19.50003433227539,1605
2009-04-01,93.0,99.0,93.0,95.80000305175781,20.044044494628906,710
2009-04-02,97.19999694824219,101.4000015258789,95.80000305175781,100.0,20.922786712646484,1565
2009-04-03,99.4000015258789,101.19999694824219,95.0,100.0,20.922786712646484,1900
2009-04-06,100.0,100.0,94.80000305175781,97.4000015258789,20.378799438476562,750
2009-04-07,96.0,96.80000305175781,93.0,93.19999694824219,19.50003433227539,210
2009-04-08,94.0,95.4000015258789,92.19999694824219,94.0,19.667415618896484,1410
2009-04-09,94.0,96.4000015258789,89.0,90.80000305175781,18.997892379760742,2560
2009-04-13,95.19999694824219,95.19999694824219,89.0,93.0,19.45819854736328,1675
2009-04-14,93.80000305175781,95.80000305175781,90.5999984741211,95.4000015258789,19.96033477783203,2220
2009-04-15,94.19999694824219,100.5999984741211,92.80000305175781,99.80000305175781,20.880945205688477,1155
2009-04-16,98.0,99.5999984741211,94.5999984741211,99.5999984741211,20.839092254638672,1610
2009-04-17,100.19999694824219,101.4000015258789,98.4000015258789,98.80000305175781,20.671720504760742,1600
2009-04-20,97.80000305175781,102.4000015258789,97.5999984741211,101.80000305175781,21.29940414428711,1390
2009-04-21,100.0,105.4000015258789,97.0,101.0,21.132009506225586,2215
2009-04-22,101.0,101.4000015258789,99.19999694824219,100.19999694824219,20.964622497558594,1640
2009-04-23,100.5999984741211,100.5999984741211,98.0,98.4000015258789,20.58802604675293,1720
2009-04-24,99.19999694824219,101.0,98.0,100.0,20.922786712646484,1765
2009-04-27,99.0,101.0,99.0,101.0,21.132009506225586,1085
2009-04-28,101.5999984741211,103.5999984741211,100.0,102.4000015258789,21.42494010925293,2580
2009-04-29,102.19999694824219,106.5999984741211,101.5999984741211,106.5999984741211,22.303699493408203,2680
2009-04-30,106.80000305175781,114.80000305175781,103.4000015258789,112.5999984741211,23.559066772460938,2850
2009-05-01,112.5999984741211,114.4000015258789,109.0,112.0,23.433523178100586,2340
2009-05-04,113.80000305175781,118.0,110.0,114.0,23.85196876525879,2625
2009-05-05,112.19999694824219,119.4000015258789,110.5999984741211,119.4000015258789,24.981822967529297,1280
2009-05-06,118.0,121.4000015258789,113.5999984741211,120.0,25.10734748840332,4330
2009-05-07,119.0,121.4000015258789,114.80000305175781,120.0,25.10734748840332,2090
2009-05-08,119.4000015258789,123.0,115.0,123.0,25.73504638671875,3285
2009-05-11,123.0,123.4000015258789,118.0,120.5999984741211,25.232866287231445,700
2009-05-12,120.4000015258789,123.0,117.0,121.4000015258789,25.4002628326416,2380
2009-05-13,120.4000015258789,122.80000305175781,115.0,122.0,25.52581214904785,1785
2009-05-14,125.4000015258789,125.4000015258789,122.0,124.0,25.944278717041016,2180
2009-05-15,124.0,128.60000610351562,122.19999694824219,128.0,26.781179428100586,2370
2009-05-18,129.8000030517578,130.0,125.80000305175781,129.0,26.990402221679688,1900
2009-05-19,129.8000030517578,137.8000030517578,129.8000030517578,135.1999969482422,28.287582397460938,1985
2009-05-20,140.0,140.0,130.39999389648438,132.39999389648438,27.701763153076172,3580
2009-05-21,134.39999389648438,134.60000610351562,122.80000305175781,128.0,26.781179428100586,2140
2009-05-22,132.0,135.0,124.80000305175781,128.0,26.781179428100586,2880
2009-05-26,130.1999969482422,135.39999389648438,124.0,135.0,28.24576759338379,3305
2009-05-27,129.39999389648438,134.0,123.80000305175781,127.0,27.48821449279785,6400
2009-05-28,129.0,129.0,120.19999694824219,126.5999984741211,27.40164566040039,1920
2009-05-29,129.0,133.60000610351562,124.80000305175781,130.0,28.137542724609375,1835
2009-06-01,130.0,132.1999969482422,128.39999389648438,128.39999389648438,27.791234970092773,2840
2009-06-02,127.19999694824219,132.0,127.19999694824219,132.0,28.570425033569336,1205
2009-06-03,132.0,132.0,127.19999694824219,128.8000030517578,27.877817153930664,1380
2009-06-04,129.8000030517578,138.0,126.80000305175781,138.0,29.869077682495117,2405
2009-06-05,140.0,140.0,132.8000030517578,139.8000030517578,30.25868797302246,1210
2009-06-08,142.0,142.0,135.8000030517578,135.8000030517578,29.39291000366211,1260
2009-06-09,136.60000610351562,139.8000030517578,131.60000610351562,135.0,29.219755172729492,1965
2009-06-10,135.60000610351562,137.39999389648438,128.0,136.0,29.436195373535156,1970
2009-06-11,137.8000030517578,138.0,132.39999389648438,136.60000610351562,29.566055297851562,2000
2009-06-12,136.60000610351562,137.60000610351562,131.8000030517578,135.0,29.219755172729492,665
2009-06-15,132.0,136.0,130.0,130.1999969482422,28.180822372436523,1535
2009-06-16,132.1999969482422,132.8000030517578,128.39999389648438,129.60000610351562,28.050962448120117,680
2009-06-17,131.1999969482422,131.1999969482422,120.0,130.0,28.137542724609375,1940
2009-06-18,137.0,137.0,108.4000015258789,114.19999694824219,24.717741012573242,5395
2009-06-19,120.0,120.5999984741211,115.80000305175781,118.5999984741211,25.670095443725586,2725
2009-06-22,119.80000305175781,120.4000015258789,117.80000305175781,120.19999694824219,26.016399383544922,1250
2009-06-23,124.80000305175781,124.80000305175781,120.19999694824219,123.80000305175781,26.795610427856445,1105
2009-06-24,124.80000305175781,125.19999694824219,123.19999694824219,125.0,27.055330276489258,740
2009-06-25,122.80000305175781,129.8000030517578,122.80000305175781,127.0,27.48821449279785,1220
2009-06-26,128.1999969482422,128.1999969482422,124.19999694824219,124.19999694824219,26.882183074951172,560
2009-06-29,126.5999984741211,126.5999984741211,121.19999694824219,121.4000015258789,26.276138305664062,1295
2009-06-30,121.5999984741211,121.5999984741211,114.5999984741211,117.0,25.32378387451172,2410
2009-07-01,117.0,120.0,116.0,119.80000305175781,25.92982292175293,4995
2009-07-02,121.5999984741211,128.0,118.0,122.19999694824219,26.449277877807617,3125
2009-07-06,122.0,129.0,122.0,125.0,27.055330276489258,640
2009-07-07,128.0,132.0,121.80000305175781,130.0,28.137542724609375,4545
2009-07-08,128.0,129.60000610351562,124.19999694824219,127.0,27.48821449279785,1380
2009-07-09,128.39999389648438,128.8000030517578,124.0,125.5999984741211,27.185192108154297,1060
2009-07-10,126.80000305175781,130.60000610351562,126.80000305175781,130.1999969482422,28.180822372436523,860
2009-07-13,131.39999389648438,131.60000610351562,124.0,129.1999969482422,27.964393615722656,1510
2009-07-14,132.8000030517578,132.8000030517578,127.5999984741211,132.0,28.570425033569336,1340
2009-07-15,135.0,138.0,134.8000030517578,138.0,29.869077682495117,1195
2009-07-16,137.8000030517578,138.0,135.0,138.0,29.869077682495117,1905
2009-07-17,137.60000610351562,137.60000610351562,127.5999984741211,131.60000610351562,28.483856201171875,2825
2009-07-20,132.8000030517578,138.0,132.39999389648438,136.1999969482422,29.47948455810547,1385
2009-07-21,137.1999969482422,139.1999969482422,136.1999969482422,137.0,29.652637481689453,2030
2009-07-22,137.60000610351562,150.0,137.0,143.8000030517578,31.12444305419922,3625
2009-07-23,145.0,151.8000030517578,141.0,141.1999969482422,30.561695098876953,3155
2009-07-24,142.1999969482422,146.60000610351562,141.0,144.60000610351562,31.297618865966797,895
2009-07-27,143.60000610351562,148.0,141.39999389648438,148.0,32.03350067138672,1530
2009-07-28,148.1999969482422,150.0,140.60000610351562,149.8000030517578,32.42308807373047,3380
2009-07-29,149.8000030517578,150.0,146.39999389648438,150.0,32.466400146484375,990
2009-07-30,149.0,149.0,142.1999969482422,143.8000030517578,31.12444305419922,1335
2009-07-31,145.60000610351562,145.8000030517578,141.8000030517578,142.39999389648438,30.821430206298828,1025
2009-08-03,145.0,145.39999389648438,141.1999969482422,142.1999969482422,30.77815055847168,2145
2009-08-04,143.1999969482422,143.1999969482422,138.1999969482422,143.0,30.951309204101562,1755
2009-08-05,140.39999389648438,140.39999389648438,138.0,138.8000030517578,30.042232513427734,2960
2009-08-06,141.0,141.0,137.60000610351562,140.0,30.30196189880371,840
2009-08-07,142.39999389648438,144.0,136.1999969482422,139.0,30.08552360534668,1680
2009-08-10,140.0,143.0,138.1999969482422,142.0,30.73484992980957,1170
2009-08-11,139.8000030517578,140.8000030517578,136.0,139.1999969482422,30.128814697265625,2975
2009-08-12,138.1999969482422,142.8000030517578,137.39999389648438,142.39999389648438,30.821430206298828,1710
2009-08-13,143.39999389648438,150.0,143.39999389648438,147.39999389648438,31.903644561767578,2720
2009-08-14,150.0,150.0,146.0,149.0,32.24994659423828,1655
2009-08-17,148.1999969482422,148.1999969482422,140.1999969482422,143.8000030517578,31.12444305419922,1485
2009-08-18,146.0,146.60000610351562,144.0,146.0,31.60062026977539,1440
2009-08-19,147.1999969482422,147.1999969482422,144.39999389648438,146.1999969482422,31.643922805786133,2250
2009-08-20,147.1999969482422,148.8000030517578,145.60000610351562,145.8000030517578,31.557334899902344,2095
2009-08-21,148.39999389648438,148.39999389648438,130.0,137.60000610351562,29.78249740600586,6795
2009-08-24,136.39999389648438,141.0,118.4000015258789,120.4000015258789,26.059688568115234,23685
2009-08-25,120.0,131.0,120.0,129.60000610351562,28.050962448120117,8415
2009-08-26,127.0,131.60000610351562,118.5999984741211,121.80000305175781,27.31100845336914,5675
2009-08-27,120.0,124.0,120.0,123.19999694824219,27.62492561340332,2675
2009-08-28,121.5999984741211,122.4000015258789,119.5999984741211,120.0,26.907411575317383,4100
2009-08-31,124.0,124.0,122.0,122.5999984741211,27.490394592285156,2480
2009-09-01,123.5999984741211,123.5999984741211,120.0,120.19999694824219,26.952241897583008,3990
2009-09-02,117.4000015258789,120.80000305175781,117.4000015258789,120.19999694824219,26.952241897583008,2470
2009-09-03,119.0,121.80000305175781,119.0,120.19999694824219,26.952241897583008,2805
2009-09-04,122.0,124.80000305175781,119.5999984741211,121.19999694824219,27.17647361755371,1340
2009-09-08,121.5999984741211,129.8000030517578,118.19999694824219,122.4000015258789,27.445558547973633,2345
2009-09-09,123.80000305175781,125.19999694824219,116.0,120.19999694824219,26.952241897583008,2435
2009-09-10,122.19999694824219,122.19999694824219,116.0,117.4000015258789,26.32440948486328,2095
2009-09-11,118.5999984741211,124.5999984741211,118.4000015258789,123.5999984741211,27.714603424072266,2240
2009-09-14,124.80000305175781,124.80000305175781,119.4000015258789,120.0,26.907411575317383,4510
2009-09-15,120.4000015258789,124.0,120.4000015258789,124.0,27.804317474365234,1965
2009-09-16,123.0,125.5999984741211,122.4000015258789,124.0,27.804317474365234,1880
2009-09-17,124.80000305175781,130.0,124.0,127.80000305175781,28.656368255615234,4120
2009-09-18,128.0,129.60000610351562,128.0,129.1999969482422,28.970317840576172,2855
2009-09-21,129.0,130.0,126.19999694824219,129.1999969482422,28.970317840576172,1930
2009-09-22,130.0,134.0,129.0,132.0,29.598154067993164,3805
2009-09-23,133.60000610351562,139.60000610351562,133.60000610351562,136.8000030517578,30.674442291259766,4905
2009-09-24,136.8000030517578,137.0,128.8000030517578,136.60000610351562,30.62958335876465,3775
2009-09-25,134.1999969482422,138.0,133.0,138.0,30.943492889404297,2005
2009-09-28,138.1999969482422,138.1999969482422,133.0,134.60000610351562,30.181116104125977,1245
2009-09-29,134.8000030517578,137.39999389648438,133.8000030517578,136.0,30.49506187438965,1535
2009-09-30,135.60000610351562,139.39999389648438,133.0,138.1999969482422,30.98836326599121,1870
2009-10-01,139.0,139.0,134.0,134.1999969482422,30.091445922851562,1190
2009-10-02,133.0,133.0,126.80000305175781,129.1999969482422,28.970317840576172,2515
2009-10-05,133.1999969482422,137.0,130.0,133.39999389648438,29.91204833984375,1735
2009-10-06,136.0,137.1999969482422,131.0,135.0,30.270824432373047,2570
2009-10-07,133.1999969482422,136.8000030517578,132.8000030517578,135.60000610351562,30.405370712280273,840
2009-10-08,135.1999969482422,138.0,134.39999389648438,136.0,30.49506187438965,1965
2009-10-09,135.39999389648438,139.39999389648438,134.60000610351562,135.39999389648438,30.36050796508789,1550
2009-10-12,137.1999969482422,137.60000610351562,132.60000610351562,134.39999389648438,30.13629150390625,510
2009-10-13,134.0,136.60000610351562,133.0,135.1999969482422,30.315670013427734,1040
2009-10-14,135.39999389648438,138.0,135.39999389648438,137.0,30.71928596496582,1820
2009-10-15,135.60000610351562,139.8000030517578,135.60000610351562,138.0,30.943492889404297,1680
2009-10-16,137.0,139.60000610351562,135.8000030517578,136.8000030517578,30.674442291259766,4160
2009-10-19,136.1999969482422,139.39999389648438,132.0,133.1999969482422,29.86722755432129,1390
2009-10-20,135.60000610351562,135.60000610351562,131.1999969482422,134.0,30.04659652709961,1620
2009-10-21,136.0,139.39999389648438,133.0,134.1999969482422,30.091445922851562,2805
2009-10-22,134.0,136.0,132.1999969482422,132.1999969482422,29.642986297607422,3610
2009-10-23,134.0,136.8000030517578,134.0,136.0,30.49506187438965,2315
2009-10-26,135.0,136.0,132.39999389648438,133.0,29.82236671447754,2195
2009-10-27,132.39999389648438,139.8000030517578,130.60000610351562,132.0,29.598154067993164,4140
2009-10-28,131.1999969482422,136.39999389648438,129.1999969482422,134.60000610351562,30.181116104125977,5025
2009-10-29,133.1999969482422,139.60000610351562,133.1999969482422,136.0,30.49506187438965,1475
2009-10-30,138.1999969482422,138.39999389648438,131.39999389648438,138.0,30.943492889404297,2670
2009-11-02,138.0,138.0,133.0,136.0,30.49506187438965,1805
2009-11-03,137.0,138.0,132.60000610351562,134.8000030517578,30.22598648071289,1625
2009-11-04,135.1999969482422,140.0,135.0,139.60000610351562,31.302268981933594,1545
2009-11-05,139.39999389648438,142.60000610351562,136.39999389648438,140.1999969482422,31.43680763244629,1555
2009-11-06,141.0,144.8000030517578,139.8000030517578,142.60000610351562,31.97495460510254,1645
2009-11-09,142.1999969482422,144.0,141.60000610351562,142.0,31.840410232543945,775
2009-11-10,142.39999389648438,143.39999389648438,141.60000610351562,141.8000030517578,31.795583724975586,1210
2009-11-11,141.8000030517578,144.1999969482422,141.60000610351562,142.8000030517578,32.01980209350586,1710
2009-11-12,141.0,146.1999969482422,141.0,142.0,31.840410232543945,1460
2009-11-13,140.60000610351562,150.0,140.60000610351562,149.39999389648438,33.49970245361328,1755
2009-11-16,148.0,151.60000610351562,147.8000030517578,151.39999389648438,33.948158264160156,1835
2009-11-17,151.60000610351562,153.60000610351562,143.8000030517578,152.1999969482422,34.12755584716797,2605
2009-11-18,152.1999969482422,153.8000030517578,149.39999389648438,151.1999969482422,33.90331268310547,2545
2009-11-19,152.8000030517578,153.1999969482422,147.39999389648438,147.60000610351562,33.096092224121094,2290
2009-11-20,149.8000030517578,149.8000030517578,146.1999969482422,147.39999389648438,33.05125427246094,1650
2009-11-23,145.8000030517578,157.0,139.8000030517578,148.0,34.230831146240234,3030
2009-11-24,147.0,147.60000610351562,141.39999389648438,142.8000030517578,33.02814483642578,2320
2009-11-25,141.8000030517578,143.8000030517578,135.1999969482422,143.8000030517578,33.25940704345703,2850
2009-11-27,140.1999969482422,145.60000610351562,139.39999389648438,145.60000610351562,33.67574691772461,1265
2009-11-30,142.39999389648438,147.39999389648438,142.39999389648438,147.39999389648438,34.09205627441406,760
2009-12-01,149.8000030517578,152.1999969482422,148.8000030517578,152.0,35.155982971191406,2740
2009-12-02,149.8000030517578,152.1999969482422,148.0,148.1999969482422,34.27709197998047,2935
2009-12-03,148.60000610351562,152.1999969482422,147.8000030517578,149.39999389648438,34.55463790893555,3370
2009-12-04,148.60000610351562,152.1999969482422,147.0,147.0,33.999542236328125,1185
2009-12-07,148.1999969482422,151.0,144.0,146.60000610351562,33.90703201293945,2190
2009-12-08,147.8000030517578,150.0,144.8000030517578,149.8000030517578,34.64716339111328,1940
2009-12-09,148.60000610351562,154.0,148.60000610351562,152.0,35.155982971191406,2825
2009-12-10,152.0,157.60000610351562,150.1999969482422,155.0,35.849853515625,2290
2009-12-11,157.0,158.0,156.0,157.8000030517578,36.497459411621094,1210
2009-12-14,158.1999969482422,166.60000610351562,158.0,160.1999969482422,37.052555084228516,3060
2009-12-15,152.60000610351562,163.39999389648438,152.60000610351562,163.0,37.7001838684082,900
2009-12-16,162.8000030517578,174.0,162.8000030517578,174.0,40.244361877441406,3840
2009-12-17,175.0,176.0,170.0,170.0,39.31920623779297,5170
2009-12-18,170.8000030517578,171.39999389648438,165.0,167.39999389648438,38.717838287353516,1800
2009-12-21,165.1999969482422,173.1999969482422,165.1999969482422,165.60000610351562,38.3015022277832,3320
2009-12-22,165.39999389648438,177.1999969482422,165.1999969482422,172.1999969482422,39.82804870605469,6015
2009-12-23,176.39999389648438,176.39999389648438,169.1999969482422,172.39999389648438,39.874298095703125,1650
2009-12-24,171.0,174.39999389648438,170.8000030517578,172.0,39.781742095947266,530
2009-12-28,172.60000610351562,173.60000610351562,160.0,167.1999969482422,38.67158889770508,4425
2009-12-29,165.8000030517578,173.0,161.8000030517578,166.0,38.39404296875,4450
2009-12-30,165.8000030517578,171.0,160.1999969482422,168.0,38.856605529785156,3385
2009-12-31,166.60000610351562,170.1999969482422,164.0,170.1999969482422,39.36545181274414,1180
2010-01-04,170.0,180.0,169.60000610351562,180.0,41.6320686340332,3325
2010-01-05,178.1999969482422,191.39999389648438,178.1999969482422,186.60000610351562,43.158599853515625,7940
2010-01-06,185.1999969482422,198.8000030517578,185.1999969482422,198.0,45.7952766418457,4895
2010-01-07,195.39999389648438,200.39999389648438,190.0,193.8000030517578,44.82390594482422,6925
2010-01-08,192.39999389648438,193.1999969482422,185.39999389648438,187.60000610351562,43.38990020751953,3870
2010-01-11,187.60000610351562,191.8000030517578,182.60000610351562,188.1999969482422,43.52866744995117,3325
2010-01-12,183.39999389648438,189.39999389648438,183.39999389648438,188.0,43.48240661621094,2960
2010-01-13,187.0,194.0,185.39999389648438,189.39999389648438,43.806217193603516,3830
2010-01-14,186.0,193.1999969482422,186.0,189.39999389648438,43.806217193603516,1660
2010-01-15,188.60000610351562,193.39999389648438,188.39999389648438,188.60000610351562,43.621177673339844,1840
2010-01-19,188.39999389648438,197.39999389648438,188.39999389648438,190.0,43.944976806640625,3860
2010-01-20,189.60000610351562,190.39999389648438,185.0,188.8000030517578,43.667442321777344,3645
2010-01-21,188.1999969482422,190.0,184.60000610351562,187.1999969482422,43.29737091064453,1650
2010-01-22,186.60000610351562,191.8000030517578,184.60000610351562,184.60000610351562,42.696041107177734,2150
2010-01-25,186.0,189.39999389648438,184.60000610351562,185.60000610351562,42.92732620239258,1205
2010-01-26,185.1999969482422,191.0,183.0,184.0,42.55724334716797,2425
2010-01-27,182.60000610351562,192.60000610351562,182.60000610351562,186.1999969482422,43.06607437133789,3005
2010-01-28,186.60000610351562,186.8000030517578,183.0,184.60000610351562,42.696041107177734,660
2010-01-29,184.39999389648438,189.0,181.8000030517578,181.8000030517578,42.04840087890625,1705
2010-02-01,181.8000030517578,186.1999969482422,180.0,185.1999969482422,42.834808349609375,1365
2010-02-02,187.60000610351562,190.1999969482422,186.0,187.0,43.25112533569336,1720
2010-02-03,185.0,188.1999969482422,184.8000030517578,185.1999969482422,42.834808349609375,1590
2010-02-04,182.8000030517578,183.1999969482422,177.1999969482422,177.1999969482422,40.9844856262207,2835
2010-02-05,177.39999389648438,179.39999389648438,151.39999389648438,163.60000610351562,37.838951110839844,14855
2010-02-08,161.8000030517578,174.0,161.8000030517578,173.0,40.0130500793457,3790
2010-02-09,172.0,173.60000610351562,169.8000030517578,170.60000610351562,39.457969665527344,1915
2010-02-10,170.60000610351562,177.60000610351562,170.0,174.0,40.244361877441406,1465
2010-02-11,172.1999969482422,176.1999969482422,170.0,173.0,40.0130500793457,1680
2010-02-12,171.60000610351562,172.39999389648438,168.60000610351562,172.39999389648438,39.874298095703125,1200
2010-02-16,174.8000030517578,179.39999389648438,173.1999969482422,178.39999389648438,41.262027740478516,1700
2010-02-17,177.0,179.60000610351562,172.0,175.60000610351562,41.66541290283203,2290
2010-02-18,173.8000030517578,177.60000610351562,173.39999389648438,174.0,41.285743713378906,2135
2010-02-19,174.1999969482422,174.1999969482422,172.0,172.0,40.811195373535156,945
2010-02-22,174.39999389648438,179.8000030517578,172.0,178.0,42.234867095947266,1585
2010-02-23,177.39999389648438,184.0,177.39999389648438,180.0,42.70937728881836,1670
2010-02-24,181.8000030517578,182.60000610351562,177.8000030517578,180.39999389648438,42.804325103759766,1980
2010-02-25,180.39999389648438,182.60000610351562,174.60000610351562,177.1999969482422,42.04505157470703,1435
2010-02-26,176.60000610351562,178.0,172.0,173.8000030517578,41.238311767578125,1200
2010-03-01,173.8000030517578,185.8000030517578,172.0,181.39999389648438,43.04158020019531,3075
2010-03-02,181.60000610351562,181.60000610351562,177.39999389648438,178.60000610351562,42.37721252441406,1850
2010-03-03,178.1999969482422,182.8000030517578,177.1999969482422,178.0,42.234867095947266,1615
2010-03-04,178.8000030517578,178.8000030517578,175.1999969482422,177.39999389648438,42.09246826171875,1585
2010-03-05,177.39999389648438,181.8000030517578,177.39999389648438,179.39999389648438,42.5670280456543,3000
2010-03-08,177.39999389648438,177.39999389648438,169.39999389648438,171.60000610351562,40.71631622314453,7760
2010-03-09,172.0,175.60000610351562,165.0,168.1999969482422,39.90956115722656,4945
2010-03-10,165.0,170.39999389648438,164.39999389648438,164.39999389648438,39.00791549682617,7010
2010-03-11,164.8000030517578,167.1999969482422,162.39999389648438,164.0,38.91301345825195,5815
2010-03-12,162.0,171.0,162.0,170.1999969482422,40.38412094116211,38135
2010-03-15,170.0,171.8000030517578,166.1999969482422,170.60000610351562,40.479042053222656,7835
2010-03-16,170.8000030517578,170.8000030517578,167.39999389648438,169.60000610351562,40.241756439208984,5670
2010-03-17,170.60000610351562,174.1999969482422,170.60000610351562,173.8000030517578,41.238311767578125,9510
2010-03-18,173.60000610351562,174.0,170.60000610351562,172.39999389648438,40.906131744384766,6630
2010-03-19,172.0,173.0,170.8000030517578,172.0,40.811195373535156,6875
2010-03-22,172.60000610351562,174.0,170.0,172.0,40.811195373535156,4040
2010-03-23,174.0,175.39999389648438,172.60000610351562,175.1999969482422,41.570472717285156,6405
2010-03-24,176.0,178.0,175.1999969482422,177.39999389648438,42.09246826171875,4850
2010-03-25,178.0,180.0,176.39999389648438,178.8000030517578,42.424678802490234,8230
2010-03-26,179.39999389648438,183.60000610351562,179.39999389648438,182.1999969482422,43.23139953613281,10370
2010-03-29,181.60000610351562,182.8000030517578,181.0,182.60000610351562,43.32631301879883,3800
2010-03-30,184.39999389648438,184.39999389648438,179.39999389648438,181.8000030517578,43.13650131225586,3300
2010-03-31,182.0,182.0,178.1999969482422,182.0,43.183937072753906,4180
2010-04-01,181.1999969482422,184.0,181.1999969482422,183.0,43.421234130859375,3835
2010-04-05,183.0,186.0,183.0,185.0,43.895748138427734,5025
2010-04-06,170.1999969482422,187.60000610351562,170.0,187.60000610351562,44.512691497802734,4265
2010-04-07,186.0,188.60000610351562,183.1999969482422,186.60000610351562,44.27541732788086,4540
2010-04-08,186.60000610351562,186.60000610351562,183.0,184.60000610351562,43.80086898803711,3620
2010-04-09,183.8000030517578,185.1999969482422,181.39999389648438,184.60000610351562,43.80086898803711,2690
2010-04-12,184.0,184.8000030517578,180.8000030517578,184.60000610351562,43.80086898803711,3745
2010-04-13,183.60000610351562,184.0,182.39999389648438,184.0,43.658485412597656,3030
2010-04-14,184.8000030517578,186.60000610351562,184.0,186.60000610351562,44.27541732788086,2720
2010-04-15,185.0,189.0,184.60000610351562,188.8000030517578,44.797420501708984,3360
2010-04-16,188.0,188.60000610351562,182.60000610351562,185.1999969482422,43.94321823120117,4220
2010-04-19,185.39999389648438,185.39999389648438,182.0,184.1999969482422,43.70595169067383,2390
2010-04-20,184.1999969482422,186.60000610351562,183.0,185.0,43.895748138427734,2620
2010-04-21,186.8000030517578,187.39999389648438,183.0,183.60000610351562,43.563602447509766,3660
2010-04-22,189.1999969482422,190.60000610351562,181.1999969482422,183.8000030517578,43.611053466796875,3670
2010-04-23,179.0,184.39999389648438,170.0,182.60000610351562,43.32631301879883,3060
2010-04-26,182.1999969482422,183.0,181.8000030517578,183.0,43.421234130859375,1760
2010-04-27,181.60000610351562,183.39999389648438,180.39999389648438,183.0,43.421234130859375,4340
2010-04-28,188.0,188.0,182.8000030517578,183.8000030517578,43.611053466796875,3055
2010-04-29,186.0,186.8000030517578,182.8000030517578,185.39999389648438,43.990699768066406,4750
2010-04-30,186.0,186.0,184.0,185.60000610351562,44.038169860839844,1650
2010-05-03,186.39999389648438,188.60000610351562,184.0,188.0,44.60759353637695,4465
2010-05-04,185.0,187.1999969482422,182.1999969482422,184.8000030517578,43.84834289550781,3385
2010-05-05,181.8000030517578,183.1999969482422,171.39999389648438,181.39999389648438,43.04158020019531,7000
2010-05-06,177.39999389648438,178.60000610351562,160.0,172.39999389648438,40.906131744384766,7750
2010-05-07,170.0,175.1999969482422,168.1999969482422,175.1999969482422,41.570472717285156,9160
2010-05-10,180.0,182.60000610351562,178.8000030517578,181.1999969482422,42.99412155151367,2775
2010-05-11,178.0,185.0,177.0,182.0,43.183937072753906,2325
2010-05-12,180.8000030517578,183.1999969482422,179.8000030517578,181.8000030517578,43.13650131225586,3260
2010-05-13,181.39999389648438,184.0,175.0,184.0,43.658485412597656,4110
2010-05-14,182.0,184.0,178.0,183.0,43.421234130859375,5515
2010-05-17,186.0,186.0,171.60000610351562,179.1999969482422,42.519588470458984,5055
2010-05-18,175.0,175.0,168.60000610351562,172.0,41.862430572509766,2370
2010-05-19,171.0,171.8000030517578,161.39999389648438,164.1999969482422,39.96403121948242,3325
2010-05-20,160.0,162.0,156.60000610351562,157.39999389648438,38.30901336669922,7815
2010-05-21,158.0,162.39999389648438,150.60000610351562,161.60000610351562,39.33123016357422,3890
2010-05-24,163.60000610351562,167.0,163.60000610351562,163.60000610351562,39.818016052246094,3500
2010-05-25,163.1999969482422,163.1999969482422,159.0,162.1999969482422,39.477272033691406,6440
2010-05-26,163.0,168.0,163.0,165.0,40.158748626708984,2400
2010-05-27,170.1999969482422,173.0,164.0,166.39999389648438,40.499488830566406,3890
2010-05-28,167.60000610351562,169.8000030517578,165.8000030517578,166.0,40.402103424072266,2855
2010-06-01,164.0,164.60000610351562,160.0,161.39999389648438,39.28254318237305,2150
2010-06-02,161.0,166.39999389648438,160.1999969482422,164.39999389648438,40.01270294189453,6220
2010-06-03,164.0,166.0,163.60000610351562,165.39999389648438,40.25607681274414,3995
2010-06-04,164.0,168.39999389648438,161.8000030517578,161.8000030517578,39.37992477416992,2365
2010-06-07,161.8000030517578,170.8000030517578,159.0,160.0,38.94181442260742,6645
2010-06-08,163.0,163.0,158.39999389648438,160.0,38.94181442260742,6250
2010-06-09,160.1999969482422,164.0,160.1999969482422,161.0,39.185184478759766,2620
2010-06-10,161.1999969482422,167.0,161.1999969482422,165.39999389648438,40.25607681274414,2385
2010-06-11,164.60000610351562,166.39999389648438,163.0,166.39999389648438,40.499488830566406,4270
2010-06-14,169.8000030517578,171.8000030517578,165.1999969482422,165.60000610351562,40.304779052734375,3145
2010-06-15,164.8000030517578,166.39999389648438,164.39999389648438,166.39999389648438,40.499488830566406,3070
2010-06-16,166.60000610351562,166.60000610351562,164.0,164.60000610351562,40.06137466430664,3950
2010-06-17,164.0,164.8000030517578,162.8000030517578,163.0,39.67195510864258,7085
2010-06-18,164.0,169.39999389648438,159.8000030517578,166.0,40.402103424072266,22490
2010-06-21,177.8000030517578,180.0,163.0,170.0,41.37568283081055,22930
2010-06-22,167.1999969482422,174.8000030517578,166.8000030517578,167.0,40.6455078125,14075
2010-06-23,169.0,170.0,165.0,169.1999969482422,41.180946350097656,6170
2010-06-24,170.1999969482422,173.0,168.8000030517578,171.60000610351562,41.76509094238281,4135
2010-06-25,172.0,177.0,170.0,173.60000610351562,42.251853942871094,7965
2010-06-28,174.0,176.0,171.60000610351562,172.0,41.862430572509766,5600
2010-06-29,172.0,172.0,169.0,169.1999969482422,41.180946350097656,4015
2010-06-30,170.8000030517578,173.39999389648438,166.60000610351562,166.60000610351562,40.54814910888672,6865
2010-07-01,169.8000030517578,170.1999969482422,163.8000030517578,166.39999389648438,40.499488830566406,6285
2010-07-02,166.0,170.1999969482422,166.0,167.39999389648438,40.742881774902344,2955
2010-07-06,173.60000610351562,175.0,166.60000610351562,166.8000030517578,40.59685134887695,3045
2010-07-07,167.0,169.60000610351562,165.8000030517578,168.0,40.88890075683594,7195
2010-07-08,168.1999969482422,169.8000030517578,166.1999969482422,166.60000610351562,40.54814910888672,8565
2010-07-09,166.8000030517578,173.0,166.8000030517578,169.0,41.13227081298828,10260
2010-07-12,170.0,171.1999969482422,168.0,169.0,41.13227081298828,7445
2010-07-13,169.1999969482422,171.8000030517578,166.60000610351562,166.8000030517578,40.59685134887695,18105
2010-07-14,161.39999389648438,163.60000610351562,159.8000030517578,162.39999389648438,39.52595138549805,106670
2010-07-15,165.60000610351562,165.8000030517578,162.1999969482422,165.8000030517578,40.35347366333008,39995
2010-07-16,166.0,168.1999969482422,163.60000610351562,167.8000030517578,40.84022521972656,29085
2010-07-19,170.0,170.0,165.8000030517578,166.60000610351562,40.54814910888672,17110
2010-07-20,166.60000610351562,168.39999389648438,165.0,167.8000030517578,40.84022521972656,16500
2010-07-21,168.1999969482422,169.1999969482422,166.39999389648438,167.0,40.6455078125,19410
2010-07-22,167.60000610351562,172.0,167.60000610351562,171.1999969482422,41.667728424072266,21175
2010-07-23,171.39999389648438,172.60000610351562,170.0,172.39999389648438,41.95979690551758,14440
2010-07-26,174.39999389648438,175.0,170.39999389648438,170.39999389648438,41.473018646240234,15340
2010-07-27,172.0,172.0,167.8000030517578,168.0,40.88890075683594,8005
2010-07-28,166.60000610351562,170.1999969482422,166.60000610351562,170.1999969482422,41.424381256103516,5775
2010-07-29,171.60000610351562,171.8000030517578,169.0,170.8000030517578,41.57038116455078,5680
2010-07-30,170.8000030517578,172.8000030517578,169.1999969482422,172.0,41.862430572509766,5660
2010-08-02,173.8000030517578,174.0,172.0,173.8000030517578,42.30051040649414,11510
2010-08-03,177.39999389648438,177.39999389648438,172.0,173.8000030517578,42.30051040649414,6620
2010-08-04,177.1999969482422,177.1999969482422,172.1999969482422,173.60000610351562,42.251853942871094,12090
2010-08-05,174.39999389648438,174.8000030517578,173.8000030517578,174.1999969482422,42.39788818359375,16640
2010-08-06,174.1999969482422,174.39999389648438,172.60000610351562,174.0,42.34920883178711,15410
2010-08-09,174.0,174.0,172.39999389648438,173.1999969482422,42.15452575683594,15185
2010-08-10,173.39999389648438,173.60000610351562,171.0,171.8000030517578,41.81376647949219,19790
2010-08-11,175.1999969482422,175.1999969482422,168.0,170.39999389648438,41.473018646240234,18790
2010-08-12,170.8000030517578,171.60000610351562,168.39999389648438,171.1999969482422,41.667728424072266,11075
2010-08-13,171.0,174.1999969482422,170.8000030517578,174.1999969482422,42.39788818359375,10965
2010-08-16,175.0,175.0,172.60000610351562,173.60000610351562,42.251853942871094,17555
2010-08-17,173.60000610351562,175.0,173.0,173.8000030517578,42.30051040649414,11870
2010-08-18,174.60000610351562,174.8000030517578,173.39999389648438,174.60000610351562,42.4952507019043,13325
2010-08-19,174.39999389648438,175.39999389648438,174.0,175.39999389648438,42.68996047973633,13280
2010-08-20,175.8000030517578,175.8000030517578,174.0,174.8000030517578,42.5439338684082,9065
2010-08-23,174.8000030517578,176.39999389648438,174.8000030517578,176.1999969482422,42.884666442871094,11430
2010-08-24,176.0,177.60000610351562,174.1999969482422,175.39999389648438,42.68996047973633,17480
2010-08-25,168.60000610351562,171.0,167.0,168.8000030517578,42.165374755859375,4780
2010-08-26,169.0,169.0,167.39999389648438,168.0,41.9655647277832,1670
2010-08-27,167.8000030517578,169.60000610351562,167.39999389648438,167.8000030517578,41.91559982299805,9245
2010-08-30,168.0,168.60000610351562,165.8000030517578,166.8000030517578,41.66581726074219,5695
2010-08-31,165.60000610351562,166.0,165.0,165.8000030517578,41.4160270690918,9110
2010-09-01,168.0,168.0,165.60000610351562,166.8000030517578,41.66581726074219,8895
2010-09-02,167.0,169.1999969482422,166.8000030517578,168.39999389648438,42.065460205078125,7715
2010-09-03,169.8000030517578,169.8000030517578,166.8000030517578,167.60000610351562,41.865623474121094,6210
2010-09-07,168.60000610351562,168.60000610351562,167.1999969482422,167.39999389648438,41.8156852722168,4105
2010-09-08,168.60000610351562,168.8000030517578,166.39999389648438,166.8000030517578,41.66581726074219,6750
2010-09-09,167.39999389648438,167.60000610351562,166.39999389648438,167.60000610351562,41.865623474121094,8990
2010-09-10,168.0,168.60000610351562,166.8000030517578,168.60000610351562,42.115413665771484,5400
2010-09-13,169.60000610351562,169.8000030517578,168.1999969482422,168.8000030517578,42.165374755859375,10510
2010-09-14,170.0,170.0,166.8000030517578,167.60000610351562,41.865623474121094,6760
2010-09-15,168.0,168.0,167.1999969482422,167.60000610351562,41.865623474121094,5865
2010-09-16,167.60000610351562,167.60000610351562,166.60000610351562,167.1999969482422,41.765724182128906,4270
2010-09-17,167.8000030517578,168.60000610351562,167.0,168.0,41.9655647277832,7830
2010-09-20,169.0,169.0,167.0,168.0,41.9655647277832,10625
2010-09-21,167.39999389648438,168.0,167.1999969482422,167.39999389648438,41.8156852722168,3715
2010-09-22,167.39999389648438,168.0,166.60000610351562,166.8000030517578,41.66581726074219,5010
2010-09-23,166.1999969482422,168.39999389648438,166.1999969482422,167.8000030517578,41.91559982299805,5990
2010-09-24,167.60000610351562,169.60000610351562,166.60000610351562,168.39999389648438,42.065460205078125,14525
2010-09-27,168.8000030517578,170.0,167.1999969482422,168.60000610351562,42.115413665771484,11495
2010-09-28,168.8000030517578,169.0,167.60000610351562,168.39999389648438,42.065460205078125,4295
2010-09-29,169.1999969482422,169.60000610351562,165.0,166.60000610351562,41.615840911865234,26825
2010-09-30,166.39999389648438,168.60000610351562,166.39999389648438,168.1999969482422,42.015506744384766,5770
2010-10-01,168.60000610351562,171.0,168.0,171.0,42.71492004394531,7420
2010-10-04,171.0,171.8000030517578,169.1999969482422,171.8000030517578,42.91477584838867,5360
2010-10-05,172.39999389648438,174.60000610351562,172.39999389648438,174.0,43.46430587768555,10995
2010-10-06,173.1999969482422,174.8000030517578,172.1999969482422,174.60000610351562,43.61419677734375,9990
2010-10-07,175.0,176.0,174.1999969482422,174.8000030517578,43.66416931152344,6520
2010-10-08,175.39999389648438,177.8000030517578,175.0,177.0,44.213687896728516,8980
2010-10-11,177.60000610351562,180.0,177.60000610351562,180.0,44.96308898925781,12350
2010-10-12,180.0,182.0,178.1999969482422,180.8000030517578,45.162925720214844,10915
2010-10-13,182.60000610351562,184.0,179.60000610351562,180.8000030517578,45.162925720214844,14315
2010-10-14,179.39999389648438,182.1999969482422,179.0,182.0,45.46268844604492,11645
2010-10-15,182.39999389648438,182.8000030517578,180.39999389648438,181.60000610351562,45.36279296875,6575
2010-10-18,182.8000030517578,183.0,181.0,181.39999389648438,45.31279754638672,11120
2010-10-19,181.8000030517578,182.39999389648438,177.60000610351562,178.1999969482422,44.513465881347656,12515
2010-10-20,181.1999969482422,181.8000030517578,179.8000030517578,181.1999969482422,45.262855529785156,9440
2010-10-21,182.60000610351562,183.0,181.8000030517578,182.39999389648438,45.56259536743164,10670
2010-10-22,182.39999389648438,184.8000030517578,182.1999969482422,183.0,45.71245574951172,10060
2010-10-25,184.8000030517578,184.8000030517578,178.8000030517578,182.0,45.46268844604492,11685
2010-10-26,181.0,184.8000030517578,181.0,183.39999389648438,45.8123893737793,9515
2010-10-27,184.1999969482422,184.1999969482422,181.8000030517578,182.60000610351562,45.61257553100586,6545
2010-10-28,183.1999969482422,183.8000030517578,182.39999389648438,183.1999969482422,45.76243591308594,4965
2010-10-29,184.39999389648438,184.60000610351562,183.1999969482422,184.0,45.9622802734375,4890
2010-11-01,184.0,187.39999389648438,184.0,185.39999389648438,46.31196212768555,11075
2010-11-02,186.8000030517578,189.0,185.1999969482422,187.0,46.71166229248047,14070
2010-11-03,187.8000030517578,189.39999389648438,187.1999969482422,189.39999389648438,47.311195373535156,9735
2010-11-04,190.39999389648438,195.0,190.39999389648438,193.60000610351562,48.36030578613281,24275
2010-11-05,193.60000610351562,195.8000030517578,193.1999969482422,194.8000030517578,48.66004180908203,9375
2010-11-08,197.0,197.0,194.1999969482422,195.0,48.70998764038086,11575
2010-11-09,196.0,199.1999969482422,195.0,197.60000610351562,49.359474182128906,16415
2010-11-10,199.39999389648438,199.8000030517578,195.1999969482422,198.1999969482422,49.50938034057617,9540
2010-11-11,196.60000610351562,198.1999969482422,195.0,196.0,48.95982360839844,9620
2010-11-12,191.60000610351562,197.0,191.1999969482422,192.1999969482422,48.01060485839844,8785
2010-11-15,193.0,198.1999969482422,192.1999969482422,194.60000610351562,48.61009979248047,7080
2010-11-16,193.1999969482422,195.0,188.0,192.0,47.96062088012695,19630
2010-11-17,190.39999389648438,194.0,187.1999969482422,192.60000610351562,48.110504150390625,13600
2010-11-18,197.8000030517578,198.0,194.0,194.39999389648438,48.56012725830078,14520
2010-11-19,194.60000610351562,196.39999389648438,193.60000610351562,194.39999389648438,48.56012725830078,7335
2010-11-22,195.60000610351562,199.0,195.0,196.8000030517578,49.15965270996094,10455
2010-11-23,196.60000610351562,198.0,194.39999389648438,197.0,49.20960235595703,10325
2010-11-24,198.60000610351562,198.8000030517578,196.39999389648438,197.1999969482422,49.259578704833984,12665
2010-11-26,198.8000030517578,199.0,197.0,197.0,49.20960235595703,5790
2010-11-29,195.0,195.0,188.39999389648438,192.1999969482422,49.132930755615234,13790
2010-11-30,192.39999389648438,194.0,186.0,188.39999389648438,48.1614990234375,8875
2010-12-01,194.0,194.1999969482422,187.0,192.39999389648438,49.184051513671875,17310
2010-12-02,195.1999969482422,198.1999969482422,193.1999969482422,198.1999969482422,50.666748046875,12895
2010-12-03,198.60000610351562,199.0,197.1999969482422,197.1999969482422,50.41109085083008,5760
2010-12-06,197.8000030517578,198.0,197.0,197.39999389648438,50.46222686767578,9905
2010-12-07,198.60000610351562,204.1999969482422,198.1999969482422,201.39999389648438,51.484745025634766,10405
2010-12-08,200.8000030517578,201.60000610351562,199.1999969482422,200.0,51.126861572265625,10185
2010-12-09,199.8000030517578,201.0,193.39999389648438,197.1999969482422,50.41109085083008,12360
2010-12-10,199.0,203.60000610351562,198.39999389648438,202.39999389648438,51.740379333496094,10280
2010-12-13,203.0,203.0,198.0,199.1999969482422,50.92235565185547,7470
2010-12-14,198.0,200.0,196.0,200.0,51.126861572265625,10455
2010-12-15,199.60000610351562,200.39999389648438,195.1999969482422,196.1999969482422,50.15544891357422,7475
2010-12-16,198.0,200.0,195.0,196.0,50.10435104370117,8235
2010-12-17,197.60000610351562,198.0,193.8000030517578,196.0,50.10435104370117,7095
2010-12-20,191.60000610351562,198.39999389648438,191.60000610351562,193.0,49.337432861328125,6385
2010-12-21,194.8000030517578,196.39999389648438,193.8000030517578,194.39999389648438,49.69528579711914,5160
2010-12-22,194.39999389648438,199.60000610351562,194.0,199.1999969482422,50.92235565185547,9335
2010-12-23,199.39999389648438,202.0,197.60000610351562,201.1999969482422,51.43362808227539,8100
2010-12-27,200.0,201.60000610351562,199.0,200.8000030517578,51.331363677978516,4060
2010-12-28,201.60000610351562,203.8000030517578,198.1999969482422,203.8000030517578,52.09825134277344,10935
2010-12-29,203.39999389648438,204.8000030517578,200.0,204.8000030517578,52.35391616821289,4465
2010-12-30,203.8000030517578,206.60000610351562,203.0,206.60000610351562,52.81401062011719,3115
2010-12-31,205.60000610351562,210.39999389648438,205.0,210.39999389648438,53.78546142578125,4055
2011-01-03,210.0,212.60000610351562,207.1999969482422,212.60000610351562,54.34785461425781,8120
2011-01-04,212.0,212.1999969482422,206.39999389648438,206.60000610351562,52.81401062011719,6575
2011-01-05,209.0,209.0,206.1999969482422,208.8000030517578,53.37643814086914,5385
2011-01-06,209.0,209.0,205.39999389648438,207.60000610351562,53.069664001464844,10820
2011-01-07,206.0,209.0,205.8000030517578,207.0,52.916297912597656,6740
2011-01-10,208.39999389648438,209.60000610351562,207.0,209.39999389648438,53.529850006103516,5105
2011-01-11,209.8000030517578,212.60000610351562,209.0,212.0,54.19449996948242,4875
2011-01-12,214.1999969482422,215.1999969482422,211.0,211.8000030517578,54.14332962036133,7865
2011-01-13,211.8000030517578,214.0,209.1999969482422,209.39999389648438,53.529850006103516,6450
2011-01-14,209.8000030517578,216.60000610351562,209.8000030517578,214.0,54.705753326416016,8380
2011-01-18,217.1999969482422,218.0,214.60000610351562,218.0,55.728275299072266,10325
2011-01-19,217.0,219.39999389648438,216.60000610351562,218.39999389648438,55.830528259277344,10975
2011-01-20,219.0,220.0,212.8000030517578,212.8000030517578,54.39900588989258,11440
2011-01-21,212.60000610351562,216.39999389648438,208.8000030517578,212.39999389648438,54.29676055908203,10635
2011-01-24,213.8000030517578,219.8000030517578,212.1999969482422,219.39999389648438,56.08616638183594,6390
2011-01-25,218.60000610351562,221.39999389648438,216.1999969482422,217.8000030517578,55.67710876464844,6945
2011-01-26,216.39999389648438,220.1999969482422,216.0,217.1999969482422,55.523807525634766,17035
2011-01-27,214.0,215.8000030517578,212.39999389648438,213.1999969482422,55.654273986816406,5705
2011-01-28,213.0,214.0,210.8000030517578,213.60000610351562,55.75872802734375,6785
2011-01-31,215.60000610351562,215.8000030517578,212.8000030517578,215.0,56.1241455078125,4765
2011-02-01,214.8000030517578,215.8000030517578,211.60000610351562,212.8000030517578,55.549896240234375,6800
2011-02-02,210.39999389648438,213.39999389648438,210.39999389648438,212.60000610351562,55.49766540527344,6770
2011-02-03,211.60000610351562,213.8000030517578,211.0,213.8000030517578,55.81090545654297,4350
2011-02-04,212.39999389648438,213.0,209.0,210.39999389648438,54.923362731933594,3305
2011-02-07,212.1999969482422,216.1999969482422,211.60000610351562,213.60000610351562,55.75872802734375,8185
2011-02-08,214.60000610351562,215.1999969482422,212.60000610351562,214.0,55.86314010620117,5285
2011-02-09,214.0,216.60000610351562,213.0,216.60000610351562,56.541847229003906,4405
2011-02-10,215.1999969482422,216.1999969482422,213.1999969482422,215.39999389648438,56.228580474853516,4120
2011-02-11,213.39999389648438,216.0,213.1999969482422,213.8000030517578,55.81090545654297,5785
2011-02-14,213.1999969482422,214.60000610351562,211.8000030517578,212.0,55.3410530090332,6500
2011-02-15,211.60000610351562,212.60000610351562,209.60000610351562,210.1999969482422,54.871150970458984,8150
2011-02-16,210.1999969482422,213.1999969482422,208.0,208.39999389648438,54.40130615234375,12360
2011-02-17,208.0,211.8000030517578,208.0,210.8000030517578,55.02778625488281,5895
2011-02-18,212.0,217.0,212.0,216.0,56.38518142700195,9160
2011-02-22,217.60000610351562,220.60000610351562,216.39999389648438,220.1999969482422,57.4815788269043,13235
2011-02-23,219.39999389648438,222.8000030517578,216.0,221.0,57.69038772583008,10475
2011-02-24,217.0,221.1999969482422,209.39999389648438,210.60000610351562,54.975589752197266,20555
2011-02-25,199.60000610351562,205.39999389648438,199.39999389648438,205.0,53.51374435424805,199530
2011-02-28,207.0,207.60000610351562,205.0,206.1999969482422,53.826995849609375,42545
2011-03-01,206.1999969482422,206.1999969482422,203.60000610351562,204.60000610351562,53.409332275390625,31970
2011-03-02,204.60000610351562,207.8000030517578,204.1999969482422,207.8000030517578,54.2446403503418,24680
2011-03-03,208.0,209.8000030517578,207.39999389648438,208.60000610351562,54.453495025634766,20195
2011-03-04,209.0,210.1999969482422,207.60000610351562,209.0,54.55791473388672,13600
2011-03-07,210.1999969482422,210.39999389648438,207.60000610351562,209.60000610351562,54.714569091796875,11950
2011-03-08,210.0,210.1999969482422,206.60000610351562,210.0,54.81898498535156,10555
2011-03-09,208.1999969482422,209.39999389648438,207.60000610351562,208.60000610351562,54.453495025634766,10475
2011-03-10,208.0,208.0,204.1999969482422,206.1999969482422,53.826995849609375,15050
2011-03-11,204.8000030517578,206.60000610351562,204.0,205.39999389648438,53.6181640625,9325
2011-03-14,203.39999389648438,206.1999969482422,203.39999389648438,205.60000610351562,53.670379638671875,8435
2011-03-15,200.0,204.8000030517578,200.0,203.39999389648438,53.09608459472656,8580
2011-03-16,204.0,207.60000610351562,202.1999969482422,205.0,53.51374435424805,6575
2011-03-17,206.60000610351562,207.8000030517578,202.60000610351562,207.1999969482422,54.088050842285156,13925
2011-03-18,209.0,209.60000610351562,207.8000030517578,208.8000030517578,54.505699157714844,9550
2011-03-21,210.1999969482422,212.0,208.8000030517578,210.39999389648438,54.923362731933594,13535
2011-03-22,211.1999969482422,211.1999969482422,208.0,210.8000030517578,55.02778625488281,5410
2011-03-23,211.1999969482422,212.60000610351562,210.0,210.60000610351562,54.975589752197266,7765
2011-03-24,211.8000030517578,214.8000030517578,211.60000610351562,214.60000610351562,56.01976013183594,10590
2011-03-25,215.0,216.1999969482422,213.8000030517578,216.1999969482422,56.43743133544922,9300
2011-03-28,215.60000610351562,217.8000030517578,215.60000610351562,216.39999389648438,56.489654541015625,11765
2011-03-29,217.1999969482422,217.1999969482422,214.39999389648438,216.0,56.38518142700195,5080
2011-03-30,215.8000030517578,218.0,215.8000030517578,216.60000610351562,56.541847229003906,7490
2011-03-31,217.39999389648438,217.39999389648438,215.39999389648438,217.0,56.64624786376953,4265
2011-04-01,217.8000030517578,217.8000030517578,215.1999969482422,216.0,56.38518142700195,4160
2011-04-04,215.8000030517578,217.0,215.1999969482422,215.39999389648438,56.228580474853516,3155
2011-04-05,215.0,216.8000030517578,214.39999389648438,216.39999389648438,56.489654541015625,6050
2011-04-06,217.0,217.39999389648438,214.39999389648438,216.0,56.38518142700195,4525
2011-04-07,216.0,216.0,213.1999969482422,214.0,55.86314010620117,6405
2011-04-08,214.0,215.0,211.60000610351562,212.39999389648438,55.44548416137695,6765
2011-04-11,212.1999969482422,212.8000030517578,209.39999389648438,210.39999389648438,54.923362731933594,7285
2011-04-12,209.0,209.0,203.8000030517578,207.60000610351562,54.19242858886719,8810
2011-04-13,206.8000030517578,210.60000610351562,206.8000030517578,209.39999389648438,54.6623649597168,6340
2011-04-14,207.39999389648438,212.1999969482422,207.39999389648438,211.60000610351562,55.23664474487305,5795
2011-04-15,211.60000610351562,213.0,210.60000610351562,211.39999389648438,55.18442916870117,2635
2011-04-18,210.0,211.0,207.39999389648438,208.8000030517578,54.505699157714844,6345
2011-04-19,207.8000030517578,211.1999969482422,207.8000030517578,210.39999389648438,54.923362731933594,4755
2011-04-20,210.60000610351562,215.0,210.1999969482422,212.0,55.3410530090332,6805
2011-04-21,213.39999389648438,214.0,211.60000610351562,213.8000030517578,55.81090545654297,3875
2011-04-25,214.0,214.0,212.1999969482422,213.39999389648438,55.70649337768555,4270
2011-04-26,214.8000030517578,215.0,213.0,214.0,55.86314010620117,4625
2011-04-27,214.0,214.8000030517578,213.1999969482422,214.39999389648438,55.9675407409668,5415
2011-04-28,213.60000610351562,214.60000610351562,212.39999389648438,212.8000030517578,55.549896240234375,6400
2011-04-29,211.39999389648438,215.60000610351562,211.1999969482422,214.8000030517578,56.071964263916016,7200
2011-05-02,214.39999389648438,215.39999389648438,212.0,214.0,55.86314010620117,6700
2011-05-03,213.0,215.1999969482422,205.60000610351562,207.8000030517578,54.2446403503418,22865
2011-05-04,208.0,210.0,201.60000610351562,209.1999969482422,54.61013412475586,18865
2011-05-05,206.1999969482422,209.0,196.60000610351562,199.0,51.94748306274414,20825
2011-05-06,201.8000030517578,208.8000030517578,201.8000030517578,207.60000610351562,54.19242858886719,15385
2011-05-09,207.39999389648438,209.8000030517578,206.1999969482422,209.8000030517578,54.766761779785156,6750
2011-05-10,208.8000030517578,212.0,208.0,211.1999969482422,55.132205963134766,5440
2011-05-11,210.0,210.60000610351562,206.60000610351562,206.8000030517578,53.983642578125,6395
2011-05-12,205.60000610351562,208.1999969482422,203.1999969482422,207.1999969482422,54.088050842285156,8650
2011-05-13,208.1999969482422,211.0,205.60000610351562,208.1999969482422,54.34906768798828,6415
2011-05-16,210.0,212.0,208.1999969482422,209.39999389648438,54.6623649597168,7340
2011-05-17,208.1999969482422,208.39999389648438,205.8000030517578,207.39999389648438,54.1402473449707,7015
2011-05-18,207.39999389648438,213.0,206.39999389648438,211.60000610351562,55.23664474487305,5230
2011-05-19,212.39999389648438,214.0,210.1999969482422,213.8000030517578,55.81090545654297,5070
2011-05-20,214.39999389648438,215.60000610351562,212.8000030517578,215.60000610351562,56.280799865722656,5300
2011-05-23,214.8000030517578,214.8000030517578,211.1999969482422,212.8000030517578,55.549896240234375,6070
2011-05-24,212.8000030517578,214.1999969482422,212.1999969482422,212.8000030517578,55.549896240234375,8680
2011-05-25,208.60000610351562,212.1999969482422,205.8000030517578,210.1999969482422,54.871150970458984,10545
2011-05-26,208.39999389648438,211.60000610351562,205.1999969482422,207.0,54.03583526611328,11790
2011-05-27,206.8000030517578,209.60000610351562,205.39999389648438,207.39999389648438,55.34334945678711,4215
2011-05-31,211.60000610351562,211.8000030517578,208.8000030517578,210.8000030517578,56.250640869140625,5665
2011-06-01,210.8000030517578,210.8000030517578,208.0,208.8000030517578,55.716949462890625,5495
2011-06-02,209.39999389648438,210.60000610351562,208.39999389648438,209.1999969482422,55.82365417480469,3690
2011-06-03,208.39999389648438,210.1999969482422,208.0,209.60000610351562,55.930419921875,2565
2011-06-06,206.39999389648438,208.39999389648438,204.60000610351562,206.0,54.96977996826172,5885
2011-06-07,208.60000610351562,208.60000610351562,205.60000610351562,208.39999389648438,55.61021041870117,6820
2011-06-08,206.60000610351562,207.39999389648438,204.39999389648438,204.39999389648438,54.542823791503906,5140
2011-06-09,204.60000610351562,208.1999969482422,204.39999389648438,207.0,55.23664474487305,4300
2011-06-10,207.1999969482422,207.60000610351562,202.8000030517578,205.60000610351562,54.8630485534668,4470
2011-06-13,205.1999969482422,205.39999389648438,197.8000030517578,198.1999969482422,52.88839340209961,11940
2011-06-14,201.8000030517578,204.60000610351562,200.0,204.60000610351562,54.596214294433594,9120
2011-06-15,203.60000610351562,204.1999969482422,196.60000610351562,197.60000610351562,52.72830581665039,12925
2011-06-16,197.8000030517578,200.0,196.8000030517578,198.60000610351562,52.99513626098633,6830
2011-06-17,200.0,200.1999969482422,194.1999969482422,195.1999969482422,52.087860107421875,9490
2011-06-20,194.1999969482422,194.1999969482422,185.60000610351562,189.60000610351562,50.59353256225586,31600
2011-06-21,192.0,197.60000610351562,191.1999969482422,197.60000610351562,52.72830581665039,9930
2011-06-22,197.60000610351562,199.8000030517578,196.39999389648438,199.8000030517578,53.31534957885742,7290
2011-06-23,195.39999389648438,202.60000610351562,194.1999969482422,202.1999969482422,53.95578384399414,10910
2011-06-24,201.60000610351562,204.8000030517578,201.60000610351562,204.1999969482422,54.489437103271484,5440
2011-06-27,204.0,204.39999389648438,202.39999389648438,203.60000610351562,54.329368591308594,6035
2011-06-28,204.0,204.1999969482422,202.39999389648438,204.1999969482422,54.489437103271484,4135
2011-06-29,204.1999969482422,204.1999969482422,200.8000030517578,202.0,53.90243148803711,4335
2011-06-30,203.1999969482422,206.8000030517578,202.39999389648438,206.60000610351562,55.1298713684082,5470
2011-07-01,207.60000610351562,207.60000610351562,203.1999969482422,204.60000610351562,54.596214294433594,3195
2011-07-05,205.1999969482422,205.1999969482422,203.0,205.1999969482422,54.75632858276367,2405
2011-07-06,203.8000030517578,205.39999389648438,202.8000030517578,204.8000030517578,54.64958953857422,2190
2011-07-07,205.39999389648438,207.8000030517578,205.39999389648438,207.1999969482422,55.28998565673828,7150
2011-07-08,206.0,207.0,205.60000610351562,206.0,54.96977996826172,2930
2011-07-11,204.0,205.39999389648438,201.1999969482422,201.8000030517578,53.84901809692383,3875
2011-07-12,202.0,203.0,200.39999389648438,201.60000610351562,53.795677185058594,4025
2011-07-13,201.39999389648438,203.8000030517578,200.1999969482422,203.1999969482422,54.22260284423828,3775
2011-07-14,202.60000610351562,204.39999389648438,202.60000610351562,203.8000030517578,54.38273620605469,2570
2011-07-15,205.39999389648438,205.60000610351562,203.1999969482422,204.39999389648438,54.542823791503906,4985
2011-07-18,203.60000610351562,204.39999389648438,201.39999389648438,202.8000030517578,54.115882873535156,2895
2011-07-19,202.60000610351562,206.0,202.60000610351562,204.60000610351562,54.596214294433594,8075
2011-07-20,205.60000610351562,206.0,202.39999389648438,203.60000610351562,54.329368591308594,1770
2011-07-21,205.60000610351562,205.60000610351562,196.60000610351562,198.39999389648438,52.94174575805664,11980
2011-07-22,200.0,204.0,200.0,203.39999389648438,54.275997161865234,3345
2011-07-25,203.39999389648438,205.1999969482422,200.1999969482422,200.60000610351562,53.528831481933594,4135
2011-07-26,199.0,201.1999969482422,198.1999969482422,199.0,53.10185623168945,4835
2011-07-27,198.8000030517578,199.8000030517578,195.0,195.1999969482422,52.087860107421875,5110
2011-07-28,195.0,197.0,195.0,195.1999969482422,52.087860107421875,7560
2011-07-29,193.0,198.0,192.0,198.0,52.83502960205078,5695
2011-08-01,199.39999389648438,202.60000610351562,199.0,202.39999389648438,54.00914001464844,4600
2011-08-02,202.39999389648438,203.8000030517578,200.8000030517578,202.60000610351562,54.06253433227539,3910
2011-08-03,201.60000610351562,202.1999969482422,198.0,201.39999389648438,53.7422981262207,4210
2011-08-04,200.39999389648438,200.39999389648438,192.8000030517578,194.0,51.76766586303711,8470
2011-08-05,194.60000610351562,195.60000610351562,160.1999969482422,188.0,50.16659927368164,18515
2011-08-08,175.0,180.0,164.1999969482422,166.8000030517578,44.509521484375,20610
2011-08-09,170.8000030517578,193.8000030517578,170.8000030517578,193.8000030517578,51.71428298950195,16450
2011-08-10,195.0,195.0,186.39999389648438,189.1999969482422,50.486812591552734,11970
2011-08-11,189.1999969482422,200.0,189.1999969482422,200.0,53.368736267089844,5265
2011-08-12,200.0,200.0,190.39999389648438,192.60000610351562,51.394100189208984,6815
2011-08-15,196.8000030517578,197.60000610351562,192.39999389648438,197.60000610351562,52.72830581665039,5140
2011-08-16,197.1999969482422,197.8000030517578,192.0,197.0,52.56816864013672,3835
2011-08-17,197.0,199.0,195.39999389648438,197.1999969482422,52.62155532836914,3500
2011-08-18,192.0,192.60000610351562,186.60000610351562,191.8000030517578,51.18059539794922,3945
2011-08-19,192.8000030517578,195.0,185.60000610351562,185.8000030517578,49.579551696777344,3750
2011-08-22,192.60000610351562,192.60000610351562,177.1999969482422,183.8000030517578,49.04584884643555,10805
2011-08-23,184.0,191.39999389648438,184.0,189.60000610351562,50.59353256225586,6375
2011-08-24,186.1999969482422,186.1999969482422,183.1999969482422,184.1999969482422,50.34754180908203,1200
2011-08-25,184.1999969482422,185.8000030517578,181.0,181.39999389648438,49.58222198486328,2360
2011-08-26,180.39999389648438,187.1999969482422,180.39999389648438,184.39999389648438,50.40224075317383,3520
2011-08-29,187.1999969482422,189.0,184.1999969482422,187.0,51.11286544799805,7105
2011-08-30,189.0,189.0,185.1999969482422,186.1999969482422,50.894195556640625,4050
2011-08-31,185.8000030517578,188.0,184.1999969482422,187.0,51.11286544799805,6240
2011-09-01,186.60000610351562,187.1999969482422,184.0,185.1999969482422,50.62088394165039,2480
2011-09-02,185.1999969482422,185.39999389648438,180.39999389648438,185.1999969482422,50.62088394165039,5045
2011-09-06,180.0,182.0,179.8000030517578,181.60000610351562,49.636878967285156,3990
2011-09-07,185.0,185.8000030517578,182.60000610351562,185.0,50.56624221801758,3075
2011-09-08,185.0,185.39999389648438,183.0,185.0,50.56624221801758,3900
2011-09-09,184.1999969482422,184.8000030517578,182.8000030517578,184.60000610351562,50.456886291503906,4600
2011-09-12,183.8000030517578,185.60000610351562,179.8000030517578,183.0,50.01955795288086,6380
2011-09-13,184.0,186.0,182.0,183.0,50.01955795288086,6615
2011-09-14,183.0,184.39999389648438,181.0,182.0,49.746246337890625,3905
2011-09-15,184.60000610351562,185.39999389648438,182.0,183.60000610351562,50.18352508544922,1970
2011-09-16,184.39999389648438,186.0,182.0,183.8000030517578,50.23821258544922,2945
2011-09-19,183.0,186.60000610351562,182.0,186.60000610351562,51.00352096557617,4760
2011-09-20,185.39999389648438,191.0,184.60000610351562,185.39999389648438,50.67555236816406,6280
2011-09-21,187.0,189.8000030517578,182.1999969482422,185.1999969482422,50.62088394165039,3775
2011-09-22,183.39999389648438,183.39999389648438,177.0,177.60000610351562,48.5435676574707,10530
2011-09-23,175.1999969482422,178.0,175.1999969482422,177.0,48.37955856323242,5625
2011-09-26,178.0,179.60000610351562,174.0,179.60000610351562,49.090240478515625,5055
2011-09-27,182.0,186.0,180.0,180.60000610351562,49.363563537597656,3470
2011-09-28,181.8000030517578,182.60000610351562,176.1999969482422,178.0,48.65290069580078,6140
2011-09-29,180.60000610351562,181.8000030517578,174.8000030517578,177.0,48.37955856323242,4225
2011-09-30,177.0,178.1999969482422,174.39999389648438,174.8000030517578,47.778236389160156,3700
2011-10-03,173.0,174.0,168.0,169.60000610351562,46.35693359375,6295
2011-10-04,165.39999389648438,167.0,161.60000610351562,166.60000610351562,45.53693389892578,7900
2011-10-05,167.0,175.39999389648438,167.0,175.1999969482422,47.8875617980957,7550
2011-10-06,176.60000610351562,184.8000030517578,174.60000610351562,184.8000030517578,50.51154708862305,7400
2011-10-07,184.1999969482422,186.39999389648438,177.0,179.8000030517578,49.14488220214844,2540
2011-10-10,184.1999969482422,184.1999969482422,180.60000610351562,181.39999389648438,49.58222198486328,3720
2011-10-11,179.8000030517578,186.1999969482422,179.39999389648438,184.39999389648438,50.40224075317383,3425
2011-10-12,185.0,188.8000030517578,185.0,186.60000610351562,51.00352096557617,6025
2011-10-13,183.8000030517578,186.1999969482422,180.60000610351562,182.60000610351562,49.910247802734375,4105
2011-10-14,184.0,191.1999969482422,184.0,187.8000030517578,51.33155822753906,5475
2011-10-17,188.39999389648438,189.8000030517578,185.60000610351562,186.60000610351562,51.00352096557617,2440
2011-10-18,187.8000030517578,187.8000030517578,182.1999969482422,187.8000030517578,51.33155822753906,3885
2011-10-19,188.8000030517578,189.8000030517578,182.39999389648438,183.8000030517578,50.23821258544922,3285
2011-10-20,185.0,187.8000030517578,183.0,183.8000030517578,50.23821258544922,3570
2011-10-21,186.8000030517578,189.8000030517578,185.8000030517578,186.1999969482422,50.894195556640625,5605
2011-10-24,187.60000610351562,188.0,185.60000610351562,186.8000030517578,51.0582275390625,5530
2011-10-25,184.39999389648438,188.1999969482422,184.0,185.39999389648438,50.67555236816406,5290
2011-10-26,188.0,188.0,184.1999969482422,186.39999389648438,50.94887924194336,3885
2011-10-27,190.0,190.0,186.1999969482422,189.60000610351562,51.823524475097656,6705
2011-10-28,188.8000030517578,190.1999969482422,187.39999389648438,189.60000610351562,51.823524475097656,2600
2011-10-31,188.60000610351562,189.0,186.1999969482422,189.0,51.65953826904297,3000
2011-11-01,186.0,187.0,182.60000610351562,184.0,50.29286193847656,3925
2011-11-02,187.60000610351562,189.0,185.1999969482422,187.8000030517578,51.33155822753906,5365
2011-11-03,189.60000610351562,189.60000610351562,186.0,187.60000610351562,51.276859283447266,4925
2011-11-04,188.0,188.8000030517578,186.1999969482422,188.0,51.386199951171875,2385
2011-11-07,189.0,189.0,186.8000030517578,188.60000610351562,51.5501823425293,2560
2011-11-08,192.0,192.39999389648438,188.8000030517578,191.1999969482422,52.260887145996094,4735
2011-11-09,193.0,193.0,188.1999969482422,191.0,52.206199645996094,2995
2011-11-10,192.8000030517578,193.0,191.0,192.60000610351562,52.64353942871094,3160
2011-11-11,193.8000030517578,193.8000030517578,187.8000030517578,192.0,52.479522705078125,2745
2011-11-14,193.0,193.0,189.39999389648438,192.1999969482422,52.534210205078125,3110
2011-11-15,191.1999969482422,192.0,189.39999389648438,191.39999389648438,52.31551742553711,2380
2011-11-16,191.1999969482422,191.1999969482422,188.0,188.0,51.386199951171875,4460
2011-11-17,189.1999969482422,191.8000030517578,182.0,184.0,50.29286193847656,4565
2011-11-18,186.39999389648438,187.8000030517578,182.0,183.39999389648438,50.128883361816406,5765
2011-11-21,182.60000610351562,184.1999969482422,181.1999969482422,183.39999389648438,50.128883361816406,2980
2011-11-22,181.60000610351562,186.8000030517578,181.1999969482422,186.8000030517578,51.0582275390625,5800
2011-11-23,184.8000030517578,184.8000030517578,181.1999969482422,184.0,50.29286193847656,3180
2011-11-25,182.60000610351562,184.8000030517578,182.0,183.8000030517578,50.23821258544922,1700
2011-11-28,186.60000610351562,188.0,185.1999969482422,186.0,50.839542388916016,3435
2011-11-29,186.60000610351562,188.0,184.8000030517578,188.0,51.386199951171875,3205
2011-11-30,190.60000610351562,191.1999969482422,187.8000030517578,188.60000610351562,51.5501823425293,5880
2011-12-01,189.60000610351562,191.39999389648438,187.39999389648438,188.0,51.386199951171875,3810
2011-12-02,191.0,191.39999389648438,187.60000610351562,191.39999389648438,52.31551742553711,4470
2011-12-05,190.8000030517578,191.60000610351562,189.60000610351562,190.0,51.932865142822266,6195
2011-12-06,186.39999389648438,189.60000610351562,185.39999389648438,188.39999389648438,52.744773864746094,1460
2011-12-07,188.39999389648438,188.39999389648438,186.1999969482422,187.60000610351562,52.52079391479492,3945
2011-12-08,185.0,186.60000610351562,182.8000030517578,185.60000610351562,51.96087646484375,3755
2011-12-09,184.60000610351562,186.1999969482422,182.60000610351562,183.60000610351562,51.40092468261719,5105
2011-12-12,182.1999969482422,182.1999969482422,176.39999389648438,181.1999969482422,50.72903823852539,8630
2011-12-13,182.60000610351562,183.0,180.39999389648438,181.0,50.673038482666016,4305
2011-12-14,180.39999389648438,182.8000030517578,177.1999969482422,177.39999389648438,49.66518020629883,5395
2011-12-15,180.60000610351562,182.60000610351562,175.0,176.0,49.273231506347656,5290
2011-12-16,177.1999969482422,179.60000610351562,175.60000610351562,176.39999389648438,49.385215759277344,6340
2011-12-19,177.39999389648438,179.0,173.60000610351562,175.60000610351562,49.16126251220703,9955
2011-12-20,178.0,178.39999389648438,175.39999389648438,177.1999969482422,49.60918426513672,7060
2011-12-21,177.60000610351562,180.1999969482422,175.60000610351562,180.1999969482422,50.449092864990234,6545
2011-12-22,180.8000030517578,183.8000030517578,177.60000610351562,183.1999969482422,51.28896713256836,6040
2011-12-23,182.60000610351562,183.39999389648438,178.60000610351562,183.0,51.23295974731445,5440
2011-12-27,179.60000610351562,181.60000610351562,177.1999969482422,179.8000030517578,50.33708953857422,13270
2011-12-28,178.60000610351562,181.0,177.39999389648438,179.8000030517578,50.33708953857422,6195
2011-12-29,178.8000030517578,180.60000610351562,177.8000030517578,179.8000030517578,50.33708953857422,5540
2011-12-30,178.39999389648438,179.8000030517578,177.0,178.0,49.83315658569336,6865
2012-01-03,179.8000030517578,181.39999389648438,178.0,180.8000030517578,50.617061614990234,7835
2012-01-04,180.8000030517578,184.1999969482422,179.39999389648438,182.39999389648438,51.06498718261719,5495
2012-01-05,182.0,183.0,181.1999969482422,182.0,50.95302200317383,4465
2012-01-06,181.39999389648438,184.0,181.0,182.60000610351562,51.1209831237793,4120
2012-01-09,183.8000030517578,185.1999969482422,182.60000610351562,184.1999969482422,51.56892395019531,6535
2012-01-10,186.0,189.8000030517578,182.60000610351562,183.60000610351562,51.40092468261719,9990
2012-01-11,184.8000030517578,190.8000030517578,184.8000030517578,190.0,53.192684173583984,12030
2012-01-12,190.0,190.8000030517578,187.0,188.0,52.63277053833008,3355
2012-01-13,188.0,191.39999389648438,186.8000030517578,187.60000610351562,52.52079391479492,4395
2012-01-17,188.1999969482422,190.0,186.60000610351562,189.1999969482422,52.96870803833008,3345
2012-01-18,190.8000030517578,191.0,188.39999389648438,190.0,53.192684173583984,4495
2012-01-19,191.39999389648438,191.60000610351562,188.1999969482422,189.8000030517578,53.13671112060547,9210
2012-01-20,188.0,191.1999969482422,187.1999969482422,188.0,52.63277053833008,6205
2012-01-23,189.0,190.0,185.8000030517578,186.1999969482422,52.12881088256836,6665
2012-01-24,187.0,191.0,186.1999969482422,191.0,53.4726448059082,8510
2012-01-25,190.8000030517578,191.39999389648438,187.0,188.0,52.63277053833008,9435
2012-01-26,187.1999969482422,189.1999969482422,187.1999969482422,188.8000030517578,52.85675811767578,7095
2012-01-27,189.60000610351562,189.60000610351562,188.60000610351562,189.60000610351562,53.08069610595703,5515
2012-01-30,189.1999969482422,190.60000610351562,188.1999969482422,190.60000610351562,53.360694885253906,4280
2012-01-31,190.1999969482422,191.39999389648438,189.8000030517578,190.8000030517578,53.41669464111328,5335
2012-02-01,191.60000610351562,191.60000610351562,187.8000030517578,189.39999389648438,53.02474594116211,4820
2012-02-02,190.8000030517578,192.0,189.60000610351562,192.0,53.75261306762695,7720
2012-02-03,192.0,194.39999389648438,191.1999969482422,194.39999389648438,54.42451477050781,7685
2012-02-06,193.0,195.60000610351562,193.0,195.1999969482422,54.64849090576172,3965
2012-02-07,195.0,195.60000610351562,194.39999389648438,195.39999389648438,54.7044677734375,3990
2012-02-08,195.60000610351562,197.0,191.1999969482422,193.39999389648438,54.14455795288086,9595
2012-02-09,193.39999389648438,195.8000030517578,193.1999969482422,195.8000030517578,54.81646728515625,6180
2012-02-10,196.1999969482422,197.0,193.60000610351562,197.0,55.15241622924805,7195
2012-02-13,199.0,199.0,195.0,196.60000610351562,55.040435791015625,7895
2012-02-14,196.0,199.1999969482422,196.0,197.8000030517578,55.376380920410156,7650
2012-02-15,197.8000030517578,202.39999389648438,197.8000030517578,199.8000030517578,55.936317443847656,15520
2012-02-16,201.39999389648438,202.0,199.60000610351562,201.39999389648438,56.38427734375,8055
2012-02-17,203.1999969482422,204.8000030517578,200.0,204.0,57.11215591430664,8825
2012-02-21,204.39999389648438,206.1999969482422,203.0,205.60000610351562,57.560115814208984,7425
2012-02-22,206.0,208.60000610351562,203.60000610351562,206.8000030517578,57.896053314208984,10545
2012-02-23,208.8000030517578,211.39999389648438,206.60000610351562,210.60000610351562,58.959903717041016,8860
2012-02-24,213.0,213.0,205.8000030517578,206.60000610351562,57.84005355834961,15200
2012-02-27,198.39999389648438,199.60000610351562,194.60000610351562,196.39999389648438,56.2087516784668,4140
2012-02-28,196.39999389648438,199.39999389648438,196.1999969482422,199.39999389648438,57.06732177734375,6020
2012-02-29,199.8000030517578,201.39999389648438,196.1999969482422,197.39999389648438,56.49494171142578,5000
2012-03-01,196.39999389648438,200.0,196.1999969482422,199.39999389648438,57.06732177734375,8120
2012-03-02,200.39999389648438,200.39999389648438,198.8000030517578,198.8000030517578,56.895606994628906,4200
2012-03-05,198.0,199.1999969482422,196.8000030517578,199.0,56.95283508300781,4000
2012-03-06,199.0,199.0,195.0,195.60000610351562,55.97980499267578,4720
2012-03-07,195.60000610351562,198.8000030517578,195.60000610351562,198.8000030517578,56.895606994628906,3880
2012-03-08,199.60000610351562,201.1999969482422,199.0,200.60000610351562,57.41075897216797,6870
2012-03-09,201.60000610351562,205.60000610351562,201.1999969482422,203.8000030517578,58.32659149169922,6255
2012-03-12,205.1999969482422,205.8000030517578,202.0,204.39999389648438,58.49832534790039,4890
2012-03-13,205.60000610351562,206.0,202.1999969482422,204.60000610351562,58.55558395385742,5620
2012-03-14,206.0,206.0,200.39999389648438,200.60000610351562,57.41075897216797,5515
2012-03-15,199.8000030517578,200.39999389648438,198.1999969482422,198.8000030517578,56.895606994628906,3625
2012-03-16,201.0,205.0,199.39999389648438,203.1999969482422,58.154850006103516,7395
2012-03-19,204.60000610351562,206.39999389648438,201.39999389648438,206.39999389648438,59.07072448730469,5340
2012-03-20,207.0,207.0,204.1999969482422,205.1999969482422,58.72724533081055,3670
2012-03-21,205.0,206.0,203.60000610351562,205.8000030517578,58.898956298828125,2165
2012-03-22,205.39999389648438,206.0,203.0,205.0,58.670021057128906,2220
2012-03-23,204.60000610351562,205.1999969482422,203.1999969482422,203.8000030517578,58.32659149169922,3670
2012-03-26,205.1999969482422,205.8000030517578,203.8000030517578,205.1999969482422,58.72724533081055,3620
2012-03-27,207.0,207.0,202.60000610351562,203.39999389648438,58.21210479736328,6765
2012-03-28,201.0,202.60000610351562,198.1999969482422,202.0,57.81145095825195,8110
2012-03-29,200.0,200.8000030517578,199.0,199.0,56.95283508300781,3400
2012-03-30,199.0,200.0,198.1999969482422,199.1999969482422,57.01006317138672,4470
2012-04-02,200.0,201.1999969482422,198.8000030517578,200.0,57.23904037475586,4040
2012-04-03,199.8000030517578,200.1999969482422,198.1999969482422,198.60000610351562,56.83834457397461,2910
2012-04-04,197.8000030517578,198.39999389648438,194.0,194.39999389648438,55.63632583618164,5795
2012-04-05,195.1999969482422,197.39999389648438,195.1999969482422,195.60000610351562,55.97980499267578,5465
2012-04-09,194.8000030517578,196.0,193.60000610351562,194.60000610351562,55.69361114501953,3205
2012-04-10,195.0,196.60000610351562,190.0,190.39999389648438,54.49155807495117,6925
2012-04-11,192.1999969482422,194.1999969482422,190.1999969482422,190.1999969482422,54.43434143066406,3745
2012-04-12,191.0,192.8000030517578,188.60000610351562,188.60000610351562,53.97639846801758,4885
2012-04-13,188.1999969482422,191.1999969482422,186.39999389648438,187.39999389648438,53.632972717285156,3700
2012-04-16,188.60000610351562,188.60000610351562,184.39999389648438,187.1999969482422,53.575714111328125,7445
2012-04-17,187.1999969482422,190.1999969482422,186.0,187.8000030517578,53.747474670410156,5060
2012-04-18,187.1999969482422,192.1999969482422,186.60000610351562,192.0,54.949493408203125,23300
2012-04-19,191.60000610351562,191.60000610351562,184.60000610351562,188.0,53.80470275878906,8225
2012-04-20,189.0,190.39999389648438,185.0,186.1999969482422,53.289546966552734,4715
2012-04-23,186.0,188.8000030517578,186.0,187.8000030517578,53.747474670410156,4690
2012-04-24,188.8000030517578,189.1999969482422,186.1999969482422,187.39999389648438,53.632972717285156,2885
2012-04-25,187.39999389648438,189.60000610351562,187.0,187.8000030517578,53.747474670410156,3610
2012-04-26,188.60000610351562,189.1999969482422,186.1999969482422,187.8000030517578,53.747474670410156,7400
2012-04-27,188.0,192.60000610351562,188.0,192.60000610351562,55.12118911743164,3515
2012-04-30,191.0,193.60000610351562,190.60000610351562,191.60000610351562,54.834983825683594,4550
2012-05-01,192.39999389648438,194.8000030517578,192.39999389648438,193.0,55.23564529418945,3830
2012-05-02,193.0,193.1999969482422,191.60000610351562,192.0,54.949493408203125,3050
2012-05-03,192.39999389648438,193.60000610351562,188.8000030517578,190.60000610351562,54.548797607421875,4850
2012-05-04,189.0,192.0,188.39999389648438,192.0,54.949493408203125,6295
2012-05-07,190.39999389648438,192.0,189.8000030517578,189.8000030517578,54.31984329223633,4000
2012-05-08,189.1999969482422,190.0,180.0,183.39999389648438,52.48822784423828,10325
2012-05-09,183.0,183.8000030517578,181.1999969482422,183.60000610351562,52.54542922973633,5235
2012-05-10,184.39999389648438,186.8000030517578,184.39999389648438,186.8000030517578,53.461299896240234,3960
2012-05-11,186.39999389648438,186.60000610351562,184.60000610351562,185.39999389648438,53.06058883666992,2500
2012-05-14,184.60000610351562,185.8000030517578,183.8000030517578,185.0,52.94611358642578,2835
2012-05-15,183.8000030517578,185.0,183.1999969482422,183.8000030517578,52.60268783569336,3250
2012-05-16,184.1999969482422,185.8000030517578,184.0,185.0,52.94611358642578,2835
2012-05-17,185.0,185.0,182.0,182.8000030517578,52.31648254394531,3080
2012-05-18,181.60000610351562,182.39999389648438,178.0,178.0,50.9427490234375,5595
2012-05-21,178.8000030517578,181.0,178.0,179.39999389648438,51.343406677246094,8930
2012-05-22,179.8000030517578,180.39999389648438,178.8000030517578,179.1999969482422,51.28618621826172,4660
2012-05-23,179.1999969482422,180.60000610351562,178.0,180.1999969482422,51.57240676879883,6300
2012-05-24,180.1999969482422,181.60000610351562,178.1999969482422,180.0,51.51512145996094,6950
2012-05-25,180.60000610351562,182.39999389648438,179.0,180.60000610351562,51.68687057495117,6075
2012-05-29,182.60000610351562,190.1999969482422,182.60000610351562,185.8000030517578,53.17509460449219,25315
2012-05-30,185.8000030517578,185.8000030517578,174.1999969482422,177.39999389648438,50.77103805541992,37215
2012-05-31,168.60000610351562,171.0,165.1999969482422,166.8000030517578,48.97981262207031,22765
2012-06-01,162.39999389648438,166.60000610351562,160.39999389648438,166.0,48.7448844909668,15915
2012-06-04,166.0,166.1999969482422,161.39999389648438,163.8000030517578,48.09886932373047,8260
2012-06-05,162.8000030517578,166.60000610351562,162.8000030517578,165.0,48.45122528076172,7590
2012-06-06,167.0,167.8000030517578,165.0,166.0,48.7448844909668,14175
2012-06-07,167.60000610351562,169.39999389648438,165.0,167.39999389648438,49.155982971191406,8655
2012-06-08,168.1999969482422,171.8000030517578,166.60000610351562,171.60000610351562,50.38930130004883,6205
2012-06-11,174.39999389648438,175.0,170.1999969482422,171.8000030517578,50.448028564453125,6950
2012-06-12,172.60000610351562,173.0,168.8000030517578,171.8000030517578,50.448028564453125,5040
2012-06-13,171.60000610351562,172.8000030517578,171.1999969482422,172.1999969482422,50.56547164916992,4235
2012-06-14,171.60000610351562,175.0,171.60000610351562,174.0,51.09403991699219,3185
2012-06-15,173.1999969482422,174.8000030517578,170.1999969482422,171.0,50.21311950683594,3305
2012-06-18,169.8000030517578,171.8000030517578,169.39999389648438,170.60000610351562,50.095672607421875,5275
2012-06-19,170.60000610351562,175.60000610351562,170.60000610351562,174.1999969482422,51.15276336669922,4645
2012-06-20,175.60000610351562,175.8000030517578,172.0,172.8000030517578,50.741661071777344,5595
2012-06-21,171.39999389648438,171.60000610351562,162.0,163.8000030517578,48.09886932373047,16520
2012-06-22,165.1999969482422,168.0,163.0,166.8000030517578,48.97981262207031,6665
2012-06-25,167.8000030517578,167.8000030517578,163.0,164.0,48.15760040283203,4650
2012-06-26,162.39999389648438,167.8000030517578,161.0,166.60000610351562,48.92106246948242,6840
2012-06-27,166.0,172.0,166.0,171.1999969482422,50.27184295654297,4680
2012-06-28,169.60000610351562,169.60000610351562,165.0,168.60000610351562,49.5084114074707,6150
2012-06-29,170.60000610351562,174.1999969482422,161.1999969482422,162.39999389648438,47.68775939941406,14115
2012-07-02,162.60000610351562,168.8000030517578,162.60000610351562,168.1999969482422,49.39090347290039,6325
2012-07-03,169.39999389648438,169.8000030517578,167.60000610351562,169.8000030517578,49.860740661621094,3310
2012-07-05,170.0,173.1999969482422,169.1999969482422,171.0,50.21311950683594,5765
2012-07-06,170.8000030517578,172.8000030517578,170.0,172.8000030517578,50.741661071777344,4290
2012-07-09,173.39999389648438,175.0,172.8000030517578,174.1999969482422,51.15276336669922,3925
2012-07-10,174.1999969482422,175.8000030517578,171.60000610351562,171.60000610351562,50.38930130004883,6730
2012-07-11,172.1999969482422,173.60000610351562,172.0,172.39999389648438,50.62420654296875,4015
2012-07-12,171.39999389648438,175.0,171.1999969482422,174.1999969482422,51.15276336669922,3035
2012-07-13,174.60000610351562,177.0,173.8000030517578,174.39999389648438,51.21151351928711,6545
2012-07-16,174.0,176.60000610351562,174.0,174.39999389648438,51.21151351928711,2915
2012-07-17,172.8000030517578,178.0,172.60000610351562,175.0,51.3877067565918,7355
2012-07-18,175.0,180.60000610351562,175.0,180.1999969482422,52.91465377807617,8975
2012-07-19,178.60000610351562,180.8000030517578,176.0,176.60000610351562,51.85750961303711,7195
2012-07-20,176.1999969482422,179.0,176.1999969482422,178.60000610351562,52.444820404052734,3375
2012-07-23,177.1999969482422,179.0,175.39999389648438,179.0,52.562255859375,3095
2012-07-24,178.39999389648438,179.8000030517578,176.8000030517578,179.8000030517578,52.797183990478516,5300
2012-07-25,180.0,180.39999389648438,176.39999389648438,177.0,51.974998474121094,8995
2012-07-26,176.0,178.1999969482422,175.0,175.39999389648438,51.505123138427734,11515
2012-07-27,175.0,177.0,174.0,176.60000610351562,51.85750961303711,6620
2012-07-30,178.60000610351562,178.8000030517578,175.8000030517578,176.39999389648438,51.79878616333008,3975
2012-07-31,176.0,177.1999969482422,174.0,177.1999969482422,52.033695220947266,6955
2012-08-01,175.8000030517578,182.0,174.0,174.1999969482422,51.15276336669922,8785
2012-08-02,172.39999389648438,180.39999389648438,172.39999389648438,180.1999969482422,52.91465377807617,9285
2012-08-03,182.1999969482422,183.0,179.0,180.8000030517578,53.09082794189453,6000
2012-08-06,182.60000610351562,183.0,180.0,181.60000610351562,53.32572937011719,8425
2012-08-07,182.60000610351562,185.60000610351562,178.39999389648438,183.39999389648438,53.85427474975586,8220
2012-08-08,181.39999389648438,183.0,181.0,181.0,53.1495475769043,4020
2012-08-09,181.1999969482422,183.60000610351562,180.60000610351562,182.60000610351562,53.61939239501953,4445
2012-08-10,182.60000610351562,185.1999969482422,180.60000610351562,181.1999969482422,53.208290100097656,5160
2012-08-13,181.0,183.8000030517578,179.1999969482422,180.0,52.855892181396484,4775
2012-08-14,180.8000030517578,182.39999389648438,180.0,180.60000610351562,53.03207778930664,3830
2012-08-15,182.0,185.0,180.8000030517578,184.0,54.030452728271484,8210
2012-08-16,184.39999389648438,186.0,183.60000610351562,186.0,54.61776351928711,5920
2012-08-17,185.8000030517578,186.8000030517578,185.1999969482422,186.8000030517578,54.85271072387695,6780
2012-08-20,188.60000610351562,192.39999389648438,187.39999389648438,191.60000610351562,56.26216506958008,16595
2012-08-21,191.8000030517578,193.1999969482422,190.0,192.1999969482422,56.43839645385742,11740
2012-08-22,193.1999969482422,193.1999969482422,185.0,186.39999389648438,54.73520278930664,20215
2012-08-23,186.39999389648438,188.1999969482422,182.0,182.0,53.443214416503906,16060
2012-08-24,182.39999389648438,183.60000610351562,179.60000610351562,179.60000610351562,52.738460540771484,22155
2012-08-27,176.39999389648438,179.8000030517578,176.1999969482422,178.60000610351562,53.792625427246094,9490
2012-08-28,181.60000610351562,182.1999969482422,178.60000610351562,179.8000030517578,54.154052734375,7390
2012-08-29,181.1999969482422,181.1999969482422,179.1999969482422,180.0,54.214271545410156,4430
2012-08-30,179.0,180.1999969482422,178.60000610351562,179.1999969482422,53.973323822021484,4540
2012-08-31,177.1999969482422,181.60000610351562,175.39999389648438,179.8000030517578,54.154052734375,7790
2012-09-04,177.39999389648438,181.39999389648438,176.1999969482422,180.0,54.214271545410156,8005
2012-09-05,181.0,181.0,179.0,180.0,54.214271545410156,3615
2012-09-06,180.1999969482422,181.0,177.8000030517578,178.8000030517578,53.852821350097656,6090
2012-09-07,178.1999969482422,182.1999969482422,177.8000030517578,179.1999969482422,53.973323822021484,8835
2012-09-10,181.0,181.0,178.60000610351562,180.0,54.214271545410156,6855
2012-09-11,181.39999389648438,181.60000610351562,178.39999389648438,179.1999969482422,53.973323822021484,9365
2012-09-12,179.39999389648438,181.8000030517578,178.60000610351562,180.0,54.214271545410156,6000
2012-09-13,180.8000030517578,181.39999389648438,178.8000030517578,179.39999389648438,54.033531188964844,6500
2012-09-14,178.8000030517578,180.8000030517578,178.60000610351562,179.0,53.91309356689453,8320
2012-09-17,177.0,177.39999389648438,173.0,174.0,52.407135009765625,19390
2012-09-18,173.0,177.0,171.0,174.60000610351562,52.5878791809082,12485
2012-09-19,175.39999389648438,176.60000610351562,174.39999389648438,175.0,52.70832061767578,7605
2012-09-20,174.1999969482422,175.60000610351562,173.60000610351562,174.0,52.407135009765625,6095
2012-09-21,174.1999969482422,176.0,174.0,174.39999389648438,52.52760314941406,6415
2012-09-24,174.0,175.60000610351562,173.60000610351562,174.39999389648438,52.52760314941406,8230
2012-09-25,174.39999389648438,176.60000610351562,174.1999969482422,175.0,52.70832061767578,5380
2012-09-26,174.8000030517578,176.8000030517578,171.1999969482422,172.0,51.804752349853516,7455
2012-09-27,173.1999969482422,175.39999389648438,172.39999389648438,175.0,52.70832061767578,5525
2012-09-28,175.0,176.1999969482422,173.39999389648438,175.0,52.70832061767578,5400
2012-10-01,175.8000030517578,175.8000030517578,172.1999969482422,172.8000030517578,52.04573440551758,7020
2012-10-02,172.39999389648438,175.0,171.8000030517578,174.1999969482422,52.46736526489258,7080
2012-10-03,173.39999389648438,175.39999389648438,173.0,173.39999389648438,52.22643280029297,3595
2012-10-04,173.60000610351562,175.39999389648438,173.60000610351562,175.39999389648438,52.82880401611328,3135
2012-10-05,175.1999969482422,178.60000610351562,175.1999969482422,177.39999389648438,53.431209564208984,5655
2012-10-08,175.60000610351562,176.8000030517578,173.0,173.0,52.105918884277344,10205
2012-10-09,173.0,174.0,169.60000610351562,173.1999969482422,52.16617965698242,10440
2012-10-10,172.1999969482422,175.39999389648438,171.39999389648438,173.8000030517578,52.3469123840332,7835
2012-10-11,173.1999969482422,176.0,172.60000610351562,174.0,52.407135009765625,5690
2012-10-12,173.8000030517578,174.0,172.0,172.8000030517578,52.04573440551758,6025
2012-10-15,172.60000610351562,172.8000030517578,170.0,170.0,51.20236587524414,4795
2012-10-16,172.60000610351562,173.60000610351562,171.39999389648438,172.1999969482422,51.865020751953125,6420
2012-10-17,172.0,174.60000610351562,172.0,172.39999389648438,51.92523956298828,4035
2012-10-18,172.0,175.60000610351562,171.60000610351562,175.1999969482422,52.76858139038086,5875
2012-10-19,174.0,174.0,172.1999969482422,172.8000030517578,52.04573440551758,6135
2012-10-22,172.1999969482422,174.0,171.8000030517578,172.8000030517578,52.04573440551758,3490
2012-10-23,172.0,172.1999969482422,170.8000030517578,171.0,51.50355529785156,3030
2012-10-24,171.1999969482422,171.8000030517578,170.1999969482422,170.1999969482422,51.262603759765625,5205
2012-10-25,170.8000030517578,173.0,170.1999969482422,172.0,51.804752349853516,4725
2012-10-26,170.8000030517578,171.1999969482422,165.60000610351562,168.0,50.600006103515625,7495
2012-10-31,169.60000610351562,169.60000610351562,168.0,168.39999389648438,50.72048568725586,7375
2012-11-01,167.1999969482422,172.0,167.1999969482422,171.60000610351562,51.68427276611328,3730
2012-11-02,170.60000610351562,175.1999969482422,169.60000610351562,171.39999389648438,51.62401580810547,5120
2012-11-05,172.0,172.39999389648438,170.1999969482422,170.39999389648438,51.32282638549805,2540
2012-11-06,170.39999389648438,175.39999389648438,161.60000610351562,166.8000030517578,50.238582611083984,34590
2012-11-07,164.1999969482422,166.0,163.0,165.60000610351562,49.87717819213867,12370
2012-11-08,164.8000030517578,167.39999389648438,164.0,165.0,49.6963996887207,6100
2012-11-09,165.1999969482422,165.1999969482422,157.60000610351562,161.1999969482422,48.55189514160156,9750
2012-11-12,161.1999969482422,161.1999969482422,156.1999969482422,158.0,47.58808898925781,11610
2012-11-13,155.0,161.1999969482422,148.60000610351562,159.8000030517578,48.13022994995117,19475
2012-11-14,158.8000030517578,159.0,149.60000610351562,150.0,45.17856216430664,16685
2012-11-15,148.8000030517578,149.1999969482422,141.0,143.1999969482422,43.13047409057617,22950
2012-11-16,144.1999969482422,163.0,142.0,162.0,48.7928466796875,28600
2012-11-19,166.0,169.8000030517578,164.60000610351562,166.39999389648438,50.11809539794922,14965
2012-11-20,167.39999389648438,168.39999389648438,162.60000610351562,166.60000610351562,50.17832946777344,7685
2012-11-21,167.39999389648438,167.39999389648438,165.0,166.0,49.997615814208984,12010
2012-11-23,165.39999389648438,166.0,159.39999389648438,160.0,48.190460205078125,11035
2012-11-26,156.39999389648438,160.1999969482422,155.39999389648438,158.1999969482422,47.64833068847656,13185
2012-11-27,156.1999969482422,160.39999389648438,156.0,157.8000030517578,47.527835845947266,9180
2012-11-28,156.0,156.8000030517578,152.60000610351562,153.60000610351562,46.262840270996094,16145
2012-11-29,154.60000610351562,157.8000030517578,153.1999969482422,156.0,46.985721588134766,8695
2012-11-30,158.8000030517578,158.8000030517578,153.0,153.60000610351562,46.262840270996094,9005
2012-12-03,153.60000610351562,156.0,152.39999389648438,154.60000610351562,46.564029693603516,9510
2012-12-04,154.1999969482422,158.60000610351562,154.1999969482422,156.1999969482422,47.045963287353516,7455
2012-12-05,156.1999969482422,159.1999969482422,155.1999969482422,157.0,47.286895751953125,7680
2012-12-06,157.1999969482422,157.8000030517578,153.60000610351562,155.1999969482422,46.744747161865234,5465
2012-12-07,157.1999969482422,157.39999389648438,154.0,156.0,46.985721588134766,5265
2012-12-10,155.1999969482422,157.60000610351562,153.60000610351562,156.8000030517578,47.226661682128906,6400
2012-12-11,156.1999969482422,159.0,155.39999389648438,156.8000030517578,47.226661682128906,5470
2012-12-12,151.39999389648438,157.60000610351562,151.39999389648438,156.8000030517578,47.226661682128906,7210
2012-12-13,158.1999969482422,158.39999389648438,152.39999389648438,153.1999969482422,46.14237594604492,9810
2012-12-14,153.39999389648438,153.8000030517578,151.0,151.1999969482422,45.53999328613281,11920
2012-12-17,145.8000030517578,147.39999389648438,139.60000610351562,144.0,44.701839447021484,25870
2012-12-18,144.39999389648438,149.1999969482422,141.0,147.39999389648438,45.75728225708008,24660
2012-12-19,158.1999969482422,158.1999969482422,145.60000610351562,147.1999969482422,45.695186614990234,8480
2012-12-20,149.8000030517578,149.8000030517578,140.60000610351562,144.8000030517578,44.9501953125,14085
2012-12-21,145.60000610351562,146.39999389648438,142.0,143.0,44.39140701293945,15885
2012-12-24,140.1999969482422,145.0,140.1999969482422,144.60000610351562,44.888084411621094,7965
2012-12-26,143.60000610351562,145.39999389648438,142.39999389648438,143.8000030517578,44.63976287841797,6855
2012-12-27,142.39999389648438,147.0,140.0,147.0,45.633113861083984,11375
2012-12-28,141.8000030517578,143.1999969482422,140.1999969482422,143.1999969482422,44.453495025634766,12700
2012-12-31,142.0,145.39999389648438,141.0,143.39999389648438,44.51554870605469,9975
2013-01-02,148.0,151.1999969482422,147.0,150.0,46.564414978027344,14215
2013-01-03,149.0,154.0,148.1999969482422,152.39999389648438,47.309444427490234,16605
2013-01-04,152.39999389648438,152.39999389648438,149.60000610351562,151.8000030517578,47.12318420410156,13265
2013-01-07,152.39999389648438,153.0,150.60000610351562,153.0,47.49570083618164,8150
2013-01-08,152.0,152.60000610351562,150.60000610351562,151.0,46.87483596801758,10280
2013-01-09,152.1999969482422,153.60000610351562,150.8000030517578,153.60000610351562,47.681949615478516,11405
2013-01-10,154.39999389648438,154.39999389648438,152.39999389648438,153.8000030517578,47.74407196044922,9725
2013-01-11,154.0,154.60000610351562,153.39999389648438,154.60000610351562,47.99238586425781,9475
2013-01-14,154.8000030517578,156.8000030517578,153.0,156.8000030517578,48.67533493041992,8015
2013-01-15,156.1999969482422,156.1999969482422,151.1999969482422,153.0,47.49570083618164,19680
2013-01-16,153.0,154.39999389648438,152.1999969482422,154.0,47.806114196777344,7685
2013-01-17,154.1999969482422,156.0,154.0,156.0,48.42700958251953,9300
2013-01-18,156.39999389648438,158.1999969482422,155.39999389648438,157.0,48.73741912841797,7135
2013-01-22,155.8000030517578,160.60000610351562,155.8000030517578,159.8000030517578,49.606624603271484,12390
2013-01-23,160.39999389648438,161.60000610351562,160.0,160.60000610351562,49.854957580566406,6825
2013-01-24,160.1999969482422,161.60000610351562,160.0,160.60000610351562,49.854957580566406,5690
2013-01-25,161.1999969482422,163.0,161.0,162.60000610351562,50.475830078125,5295
2013-01-28,162.8000030517578,163.39999389648438,161.1999969482422,163.39999389648438,50.7241325378418,6195
2013-01-29,163.60000610351562,166.60000610351562,163.0,165.1999969482422,51.28294372558594,7960
2013-01-30,165.0,167.1999969482422,163.60000610351562,163.8000030517578,50.848323822021484,10220
2013-01-31,165.1999969482422,167.0,163.8000030517578,166.39999389648438,51.65546798706055,9030
2013-02-01,167.1999969482422,168.60000610351562,164.60000610351562,167.8000030517578,52.09004592895508,11315
2013-02-04,166.1999969482422,168.0,164.60000610351562,165.39999389648438,51.34500503540039,8340
2013-02-05,165.39999389648438,167.1999969482422,164.60000610351562,166.0,51.531288146972656,7040
2013-02-06,165.8000030517578,168.0,165.8000030517578,167.1999969482422,51.90381622314453,5840
2013-02-07,167.8000030517578,168.0,164.8000030517578,164.8000030517578,51.15878677368164,8575
2013-02-08,164.39999389648438,168.8000030517578,164.1999969482422,166.39999389648438,51.65546798706055,15995
2013-02-11,166.1999969482422,167.8000030517578,165.8000030517578,167.60000610351562,52.02800369262695,7245
2013-02-12,168.0,169.60000610351562,167.8000030517578,168.39999389648438,52.27632522583008,8880
2013-02-13,168.60000610351562,170.8000030517578,168.60000610351562,170.8000030517578,53.0213508605957,8575
2013-02-14,170.1999969482422,171.8000030517578,169.60000610351562,170.60000610351562,52.959293365478516,7525
2013-02-15,170.60000610351562,170.8000030517578,166.0,166.60000610351562,51.7175407409668,7780
2013-02-19,168.0,169.8000030517578,166.0,167.8000030517578,52.09004592895508,8200
2013-02-20,167.8000030517578,169.39999389648438,167.1999969482422,168.60000610351562,52.338401794433594,6990
2013-02-21,169.0,169.0,164.60000610351562,164.8000030517578,51.15878677368164,9445
2013-02-22,166.60000610351562,168.0,164.1999969482422,166.60000610351562,51.7175407409668,6385
2013-02-25,167.8000030517578,167.8000030517578,166.0,167.1999969482422,51.90381622314453,6595
2013-02-26,162.8000030517578,162.8000030517578,160.0,161.0,51.36147689819336,2010
2013-02-27,161.0,164.0,160.60000610351562,163.60000610351562,52.19092559814453,5350
2013-02-28,162.0,166.39999389648438,162.0,165.39999389648438,52.76512145996094,5940
2013-03-01,164.0,165.60000610351562,163.39999389648438,164.60000610351562,52.50992202758789,4905
2013-03-04,163.39999389648438,164.8000030517578,162.60000610351562,163.0,51.999515533447266,7425
2013-03-05,163.1999969482422,165.0,161.39999389648438,162.39999389648438,51.808082580566406,7010
2013-03-06,162.1999969482422,162.1999969482422,159.8000030517578,160.8000030517578,51.297645568847656,15860
2013-03-07,160.39999389648438,161.39999389648438,159.8000030517578,160.1999969482422,51.10627365112305,7925
2013-03-08,160.39999389648438,161.0,160.1999969482422,160.60000610351562,51.23387145996094,5735
2013-03-11,159.39999389648438,161.0,159.0,160.0,51.04246520996094,11720
2013-03-12,160.0,160.0,158.1999969482422,159.60000610351562,50.91487121582031,11165
2013-03-13,159.60000610351562,161.60000610351562,159.1999969482422,160.0,51.04246520996094,7870
2013-03-14,160.0,160.39999389648438,153.39999389648438,153.60000610351562,49.0007438659668,23915
2013-03-15,155.1999969482422,157.39999389648438,153.39999389648438,157.1999969482422,50.149200439453125,10165
2013-03-18,156.8000030517578,159.0,155.0,158.8000030517578,50.65963363647461,5445
2013-03-19,158.39999389648438,159.0,155.39999389648438,156.8000030517578,50.02162170410156,5730
2013-03-20,158.39999389648438,159.1999969482422,156.39999389648438,158.0,50.40443420410156,8205
2013-03-21,158.1999969482422,161.1999969482422,156.8000030517578,161.0,51.36147689819336,8095
2013-03-22,161.1999969482422,163.1999969482422,160.60000610351562,163.0,51.999515533447266,3745
2013-03-25,161.0,162.0,159.60000610351562,160.1999969482422,51.10627365112305,8860
2013-03-26,160.1999969482422,162.0,160.1999969482422,161.60000610351562,51.552894592285156,6290
2013-03-27,160.1999969482422,161.39999389648438,158.60000610351562,161.0,51.36147689819336,5125
2013-03-28,160.1999969482422,162.8000030517578,160.1999969482422,162.60000610351562,51.87190628051758,5650
2013-04-01,162.1999969482422,163.0,161.0,162.39999389648438,51.808082580566406,4525
2013-04-02,161.8000030517578,163.0,161.0,161.8000030517578,51.61669158935547,4900
2013-04-03,161.39999389648438,161.39999389648438,155.1999969482422,158.0,50.40443420410156,10355
2013-04-04,157.39999389648438,158.8000030517578,156.39999389648438,157.8000030517578,50.34059524536133,6130
2013-04-05,155.1999969482422,158.60000610351562,155.0,158.39999389648438,50.53204345703125,5630
2013-04-08,159.1999969482422,160.39999389648438,157.60000610351562,160.0,51.04246520996094,4375
2013-04-09,160.60000610351562,162.0,159.0,162.0,51.68047332763672,4015
2013-04-10,160.8000030517578,162.39999389648438,160.0,162.39999389648438,51.808082580566406,5330
2013-04-11,161.8000030517578,163.60000610351562,161.0,163.0,51.999515533447266,3595
2013-04-12,162.0,163.0,161.39999389648438,162.39999389648438,51.808082580566406,2235
2013-04-15,160.8000030517578,161.60000610351562,159.60000610351562,160.0,51.04246520996094,4205
2013-04-16,160.1999969482422,161.60000610351562,159.8000030517578,161.1999969482422,51.42526626586914,4455
2013-04-17,159.8000030517578,160.39999389648438,158.39999389648438,159.8000030517578,50.978660583496094,10505
2013-04-18,158.0,160.0,155.60000610351562,156.60000610351562,49.95785140991211,15395
2013-04-19,156.60000610351562,161.39999389648438,156.39999389648438,160.1999969482422,51.10627365112305,7105
2013-04-22,161.39999389648438,161.60000610351562,159.1999969482422,160.0,51.04246520996094,3390
2013-04-23,160.0,160.1999969482422,157.39999389648438,159.1999969482422,50.78722381591797,6685
2013-04-24,159.0,159.0,158.0,158.1999969482422,50.46824645996094,4475
2013-04-25,159.39999389648438,159.39999389648438,155.1999969482422,156.39999389648438,49.89399337768555,13735
2013-04-26,157.0,159.39999389648438,155.8000030517578,159.1999969482422,50.78722381591797,7765
2013-04-29,159.8000030517578,161.8000030517578,158.39999389648438,160.1999969482422,51.10627365112305,8820
2013-04-30,160.8000030517578,161.0,159.0,160.60000610351562,51.23387145996094,4515
2013-05-01,160.1999969482422,161.60000610351562,158.39999389648438,159.60000610351562,50.91487121582031,5190
2013-05-02,159.60000610351562,160.1999969482422,159.1999969482422,159.1999969482422,50.78722381591797,4640
2013-05-03,160.60000610351562,160.60000610351562,159.0,159.8000030517578,50.978660583496094,2960
2013-05-06,159.8000030517578,161.39999389648438,158.39999389648438,161.0,51.36147689819336,5675
2013-05-07,161.1999969482422,161.1999969482422,160.0,160.1999969482422,51.10627365112305,7045
2013-05-08,159.8000030517578,161.60000610351562,159.39999389648438,161.39999389648438,51.48906707763672,8625
2013-05-09,161.1999969482422,163.0,160.60000610351562,162.8000030517578,51.93569564819336,6010
2013-05-10,163.0,163.0,161.39999389648438,162.60000610351562,51.87190628051758,2825
2013-05-13,161.8000030517578,165.0,161.60000610351562,164.0,52.31853103637695,9305
2013-05-14,165.0,165.60000610351562,164.0,165.0,52.637516021728516,6000
2013-05-15,164.8000030517578,165.39999389648438,162.0,164.0,52.31853103637695,6260
2013-05-16,164.0,167.0,164.0,166.0,52.9565544128418,10900
2013-05-17,167.39999389648438,168.0,166.1999969482422,168.0,53.59457778930664,7500
2013-05-20,168.0,168.8000030517578,166.0,167.39999389648438,53.403167724609375,7180
2013-05-21,168.39999389648438,169.1999969482422,165.8000030517578,167.0,53.27557373046875,6120
2013-05-22,168.0,170.0,166.0,166.1999969482422,53.020355224609375,5310
2013-05-23,166.39999389648438,169.1999969482422,165.0,168.60000610351562,53.78600311279297,7735
2013-05-24,168.39999389648438,170.39999389648438,167.39999389648438,170.39999389648438,54.360198974609375,8345
2013-05-28,171.0,171.0,163.0,166.60000610351562,53.14795684814453,14685
2013-05-29,167.1999969482422,168.1999969482422,165.8000030517578,167.8000030517578,53.530765533447266,7490
2013-05-30,168.39999389648438,169.0,164.60000610351562,165.1999969482422,52.70133972167969,6405
2013-05-31,165.8000030517578,167.60000610351562,164.39999389648438,166.1999969482422,53.020355224609375,7005
2013-06-03,166.8000030517578,167.0,163.1999969482422,165.39999389648438,52.76512145996094,9615
2013-06-04,166.0,167.60000610351562,164.0,165.39999389648438,52.76512145996094,7525
2013-06-05,166.1999969482422,167.0,162.1999969482422,162.8000030517578,51.93569564819336,12300
2013-06-06,163.60000610351562,167.39999389648438,162.39999389648438,166.39999389648438,53.08416748046875,7840
2013-06-07,166.1999969482422,168.0,165.0,167.39999389648438,53.403167724609375,9075
2013-06-10,164.1999969482422,164.1999969482422,156.60000610351562,158.0,51.796810150146484,21290
2013-06-11,157.8000030517578,160.1999969482422,157.60000610351562,157.60000610351562,51.66569137573242,8510
2013-06-12,159.1999969482422,161.1999969482422,158.1999969482422,160.60000610351562,52.649166107177734,4575
2013-06-13,161.60000610351562,162.0,158.1999969482422,162.0,53.10812759399414,5725
2013-06-14,160.8000030517578,163.8000030517578,160.0,160.0,52.45246887207031,3435
2013-06-17,162.1999969482422,163.8000030517578,152.0,154.60000610351562,50.68218994140625,29555
2013-06-18,153.60000610351562,159.1999969482422,153.60000610351562,158.39999389648438,51.92794418334961,9435
2013-06-19,158.39999389648438,160.1999969482422,158.0,160.0,52.45246887207031,6315
2013-06-20,160.0,161.0,154.0,158.0,51.796810150146484,9990
2013-06-21,159.39999389648438,160.0,155.8000030517578,158.0,51.796810150146484,6030
2013-06-24,157.1999969482422,157.1999969482422,152.60000610351562,153.60000610351562,50.354373931884766,5725
2013-06-25,153.60000610351562,155.39999389648438,152.1999969482422,154.60000610351562,50.68218994140625,6120
2013-06-26,155.60000610351562,161.60000610351562,155.60000610351562,159.1999969482422,52.190189361572266,5940
2013-06-27,161.1999969482422,161.60000610351562,159.0,160.1999969482422,52.518043518066406,3250
2013-06-28,159.1999969482422,161.39999389648438,159.1999969482422,160.8000030517578,52.71470642089844,3995
2013-07-01,161.0,163.8000030517578,159.8000030517578,160.0,52.45246887207031,5760
2013-07-02,160.60000610351562,160.60000610351562,157.8000030517578,158.39999389648438,51.92794418334961,3095
2013-07-03,155.8000030517578,157.60000610351562,155.8000030517578,156.39999389648438,51.27228927612305,3060
2013-07-05,156.60000610351562,157.39999389648438,152.39999389648438,153.0,50.15764617919922,8920
2013-07-08,154.0,155.8000030517578,153.0,155.1999969482422,50.87889099121094,7460
2013-07-09,155.39999389648438,159.60000610351562,155.0,157.8000030517578,51.731224060058594,7370
2013-07-10,158.39999389648438,159.0,156.8000030517578,157.8000030517578,51.731224060058594,5840
2013-07-11,159.1999969482422,160.0,158.0,160.0,52.45246887207031,3450
2013-07-12,160.1999969482422,161.0,158.0,158.8000030517578,52.059078216552734,3080
2013-07-15,159.39999389648438,159.39999389648438,158.0,159.1999969482422,52.190189361572266,3090
2013-07-16,160.0,160.39999389648438,157.60000610351562,159.1999969482422,52.190189361572266,5860
2013-07-17,160.60000610351562,163.8000030517578,160.1999969482422,162.39999389648438,53.239253997802734,9820
2013-07-18,163.0,165.0,161.60000610351562,163.39999389648438,53.56704330444336,7360
2013-07-19,163.60000610351562,164.8000030517578,163.39999389648438,164.0,53.7637825012207,4015
2013-07-22,163.1999969482422,165.0,163.1999969482422,164.39999389648438,53.8949089050293,4085
2013-07-23,165.0,165.8000030517578,163.60000610351562,164.39999389648438,53.8949089050293,6820
2013-07-24,165.1999969482422,165.39999389648438,163.0,164.60000610351562,53.960472106933594,3770
2013-07-25,163.60000610351562,164.60000610351562,160.1999969482422,162.60000610351562,53.30482482910156,8610
2013-07-26,163.0,163.8000030517578,161.0,163.39999389648438,53.56704330444336,3615
2013-07-29,162.39999389648438,165.0,161.1999969482422,161.60000610351562,52.976993560791016,3580
2013-07-30,161.60000610351562,163.39999389648438,160.1999969482422,163.0,53.43597412109375,6115
2013-07-31,163.39999389648438,164.0,162.0,163.0,53.43597412109375,6535
2013-08-01,164.1999969482422,164.60000610351562,163.0,163.60000610351562,53.63264846801758,3085
2013-08-02,164.60000610351562,164.60000610351562,162.39999389648438,162.39999389648438,53.239253997802734,2915
2013-08-05,162.60000610351562,163.8000030517578,162.0,163.1999969482422,53.50152587890625,6380
2013-08-06,162.0,163.8000030517578,161.39999389648438,162.8000030517578,53.37038803100586,2220
2013-08-07,161.1999969482422,164.39999389648438,161.1999969482422,163.39999389648438,53.56704330444336,7615
2013-08-08,164.8000030517578,164.8000030517578,162.1999969482422,163.39999389648438,53.56704330444336,2555
2013-08-09,163.60000610351562,163.60000610351562,161.60000610351562,162.39999389648438,53.239253997802734,2570
2013-08-12,161.39999389648438,162.8000030517578,161.0,161.0,52.78030014038086,3015
2013-08-13,161.39999389648438,162.8000030517578,160.39999389648438,162.0,53.10812759399414,3495
2013-08-14,162.60000610351562,163.0,160.60000610351562,161.8000030517578,53.042564392089844,7210
2013-08-15,161.60000610351562,162.39999389648438,160.1999969482422,160.39999389648438,52.58359909057617,4570
2013-08-16,160.60000610351562,161.0,159.0,159.1999969482422,52.190189361572266,8560
2013-08-19,159.0,160.0,158.1999969482422,158.1999969482422,51.86238098144531,3480
2013-08-20,158.39999389648438,162.1999969482422,158.1999969482422,159.39999389648438,52.255775451660156,10330
2013-08-21,158.8000030517578,161.8000030517578,158.8000030517578,159.39999389648438,52.255775451660156,4315
2013-08-22,160.8000030517578,163.60000610351562,160.1999969482422,162.0,53.10812759399414,2760
2013-08-23,162.39999389648438,162.39999389648438,159.8000030517578,162.0,53.10812759399414,6335
2013-08-26,162.0,163.8000030517578,161.39999389648438,162.8000030517578,53.37038803100586,5285
2013-08-27,161.39999389648438,163.0,161.0,162.1999969482422,53.17369842529297,2170
2013-08-28,162.39999389648438,162.8000030517578,160.60000610351562,161.8000030517578,53.042564392089844,1870
2013-08-29,162.0,162.1999969482422,158.8000030517578,161.1999969482422,52.84584426879883,6455
2013-08-30,161.8000030517578,161.8000030517578,158.60000610351562,159.1999969482422,52.190189361572266,4945
2013-09-03,160.0,161.1999969482422,159.39999389648438,159.39999389648438,52.255775451660156,5570
2013-09-04,160.39999389648438,161.60000610351562,159.8000030517578,160.0,52.45246887207031,3805
2013-09-05,160.8000030517578,161.60000610351562,160.0,160.8000030517578,52.71470642089844,3650
2013-09-06,162.0,162.60000610351562,159.8000030517578,161.60000610351562,52.976993560791016,4070
2013-09-09,160.8000030517578,162.1999969482422,160.0,161.1999969482422,52.84584426879883,3900
2013-09-10,162.0,162.0,159.8000030517578,160.1999969482422,52.518043518066406,9575
2013-09-11,160.0,160.8000030517578,158.39999389648438,159.8000030517578,52.38691329956055,8610
2013-09-12,159.8000030517578,160.39999389648438,158.8000030517578,159.60000610351562,52.32136917114258,4935
2013-09-13,160.0,161.60000610351562,159.39999389648438,161.1999969482422,52.84584426879883,5360
2013-09-16,158.0,158.8000030517578,158.0,158.0,53.284278869628906,10365
2013-09-17,159.0,159.0,158.0,158.1999969482422,53.35171890258789,6780
2013-09-18,158.60000610351562,159.8000030517578,157.8000030517578,159.60000610351562,53.82386016845703,9470
2013-09-19,159.1999969482422,159.60000610351562,158.60000610351562,158.8000030517578,53.55409240722656,7450
2013-09-20,160.8000030517578,161.39999389648438,159.39999389648438,160.60000610351562,54.16111373901367,8690
2013-09-23,160.60000610351562,160.60000610351562,159.1999969482422,159.39999389648438,53.75642776489258,4960
2013-09-24,159.1999969482422,159.60000610351562,158.39999389648438,158.39999389648438,53.41917419433594,5060
2013-09-25,158.39999389648438,160.60000610351562,158.1999969482422,160.0,53.958744049072266,7315
2013-09-26,159.8000030517578,159.8000030517578,159.1999969482422,159.60000610351562,53.82386016845703,1955
2013-09-27,159.1999969482422,160.0,159.0,159.39999389648438,53.75642776489258,2985
2013-09-30,159.1999969482422,159.8000030517578,159.0,159.60000610351562,53.82386016845703,5010
2013-10-01,159.0,159.8000030517578,158.39999389648438,159.8000030517578,53.89133834838867,3235
2013-10-02,158.60000610351562,159.8000030517578,158.0,158.1999969482422,53.35171890258789,8265
2013-10-03,158.39999389648438,159.0,158.1999969482422,158.39999389648438,53.41917419433594,3215
2013-10-04,159.0,159.0,158.0,158.8000030517578,53.55409240722656,4500
2013-10-07,158.39999389648438,159.39999389648438,158.39999389648438,159.1999969482422,53.6889533996582,3505
2013-10-08,158.8000030517578,159.1999969482422,158.0,158.0,53.284278869628906,6455
2013-10-09,158.1999969482422,158.60000610351562,157.0,157.1999969482422,53.01445388793945,8335
2013-10-10,158.0,159.8000030517578,157.39999389648438,159.8000030517578,53.89133834838867,5090
2013-10-11,158.0,158.8000030517578,158.0,158.8000030517578,53.55409240722656,6405
2013-10-14,158.1999969482422,159.60000610351562,158.1999969482422,159.60000610351562,53.82386016845703,3955
2013-10-15,159.39999389648438,159.8000030517578,158.0,158.39999389648438,53.41917419433594,4165
2013-10-16,158.39999389648438,159.1999969482422,158.1999969482422,158.39999389648438,53.41917419433594,3680
2013-10-17,159.0,159.8000030517578,158.39999389648438,159.0,53.621517181396484,4290
2013-10-18,159.60000610351562,160.60000610351562,159.1999969482422,160.39999389648438,54.09367752075195,4705
2013-10-21,159.8000030517578,160.39999389648438,159.39999389648438,160.0,53.958744049072266,3325
2013-10-22,159.60000610351562,161.8000030517578,159.39999389648438,160.60000610351562,54.16111373901367,10160
2013-10-23,159.60000610351562,161.39999389648438,159.60000610351562,159.8000030517578,53.89133834838867,7015
2013-10-24,159.8000030517578,160.8000030517578,159.60000610351562,160.0,53.958744049072266,4125
2013-10-25,161.39999389648438,162.60000610351562,161.39999389648438,162.1999969482422,54.70071029663086,4050
2013-10-28,161.39999389648438,162.1999969482422,160.0,160.1999969482422,54.02621841430664,4915
2013-10-29,160.8000030517578,161.0,160.0,160.60000610351562,54.16111373901367,4775
2013-10-30,160.8000030517578,160.8000030517578,159.60000610351562,160.0,53.958744049072266,4490
2013-10-31,160.0,160.8000030517578,159.8000030517578,160.8000030517578,54.228572845458984,3390
2013-11-01,160.39999389648438,160.8000030517578,159.60000610351562,160.1999969482422,54.02621841430664,3375
2013-11-04,160.60000610351562,161.60000610351562,159.39999389648438,161.60000610351562,54.49835205078125,3855
2013-11-05,160.39999389648438,160.8000030517578,159.60000610351562,160.1999969482422,54.02621841430664,2130
2013-11-06,161.0,161.0,159.0,159.1999969482422,53.6889533996582,8665
2013-11-07,160.1999969482422,160.1999969482422,159.0,159.1999969482422,53.6889533996582,3765
2013-11-08,159.39999389648438,160.0,159.0,159.1999969482422,53.6889533996582,2320
2013-11-11,159.1999969482422,159.60000610351562,159.0,159.1999969482422,53.6889533996582,2090
2013-11-12,159.1999969482422,159.1999969482422,159.0,159.0,53.621517181396484,4755
2013-11-13,159.0,159.60000610351562,159.0,159.0,53.621517181396484,4095
2013-11-14,159.0,162.39999389648438,159.0,162.39999389648438,54.76816177368164,7050
2013-11-15,162.60000610351562,162.8000030517578,161.0,161.60000610351562,54.49835205078125,3145
2013-11-18,161.1999969482422,162.8000030517578,161.1999969482422,162.39999389648438,54.76816177368164,4145
2013-11-19,162.39999389648438,163.1999969482422,161.60000610351562,163.0,54.97047424316406,4835
2013-11-20,163.0,163.0,160.39999389648438,161.0,54.29600143432617,2630
2013-11-21,161.0,161.60000610351562,160.60000610351562,160.8000030517578,54.228572845458984,4420
2013-11-22,161.8000030517578,162.0,159.0,161.8000030517578,54.56582260131836,5505
2013-11-25,161.8000030517578,161.8000030517578,160.0,160.60000610351562,54.16111373901367,3900
2013-11-26,160.60000610351562,161.8000030517578,160.1999969482422,161.8000030517578,54.56582260131836,2665
2013-11-27,162.60000610351562,162.8000030517578,160.39999389648438,161.1999969482422,54.36346435546875,5470
2013-11-29,160.60000610351562,162.0,160.1999969482422,161.8000030517578,54.56582260131836,3265
2013-12-02,162.0,163.1999969482422,161.60000610351562,161.60000610351562,54.49835205078125,3790
2013-12-03,161.60000610351562,161.8000030517578,160.39999389648438,160.39999389648438,54.09367752075195,2810
2013-12-04,160.39999389648438,162.60000610351562,160.0,162.0,54.63322830200195,5945
2013-12-05,162.0,162.0,160.0,160.1999969482422,54.02621841430664,5180
2013-12-06,160.60000610351562,161.0,160.0,160.39999389648438,54.09367752075195,4255
2013-12-09,160.39999389648438,163.39999389648438,160.0,163.39999389648438,55.10540008544922,4440
2013-12-10,164.0,164.0,160.60000610351562,162.8000030517578,54.903038024902344,6510
2013-12-11,162.0,163.0,160.60000610351562,161.0,54.29600143432617,6025
2013-12-12,160.0,162.8000030517578,160.0,162.8000030517578,54.903038024902344,10150
2013-12-13,162.8000030517578,163.0,162.0,163.0,54.97047424316406,4995
2013-12-16,161.0,164.0,160.1999969482422,161.0,55.83753204345703,13825
2013-12-17,161.60000610351562,162.0,158.1999969482422,160.0,55.490699768066406,15185
2013-12-18,161.0,161.39999389648438,158.39999389648438,159.39999389648438,55.282630920410156,7485
2013-12-19,159.1999969482422,159.8000030517578,158.1999969482422,158.1999969482422,54.8664436340332,12795
2013-12-20,159.8000030517578,161.1999969482422,158.1999969482422,158.8000030517578,55.07455825805664,9095
2013-12-23,160.0,160.60000610351562,158.8000030517578,159.0,55.14390182495117,8705
2013-12-24,159.60000610351562,161.39999389648438,159.1999969482422,159.8000030517578,55.42137145996094,5525
2013-12-26,159.60000610351562,160.39999389648438,159.60000610351562,160.0,55.490699768066406,5965
2013-12-27,160.0,161.0,159.1999969482422,160.60000610351562,55.69881057739258,5400
2013-12-30,160.8000030517578,160.8000030517578,159.39999389648438,159.60000610351562,55.351985931396484,5505
2013-12-31,160.39999389648438,160.60000610351562,159.39999389648438,160.39999389648438,55.629459381103516,7180
2014-01-02,159.60000610351562,159.8000030517578,159.0,159.1999969482422,55.21324157714844,7795
2014-01-03,159.8000030517578,159.8000030517578,158.39999389648438,159.60000610351562,55.351985931396484,6805
2014-01-06,159.8000030517578,160.60000610351562,159.1999969482422,159.1999969482422,55.21324157714844,4245
2014-01-07,159.60000610351562,160.8000030517578,159.39999389648438,160.8000030517578,55.76818084716797,4840
2014-01-08,161.1999969482422,162.0,159.60000610351562,162.0,56.18433380126953,5930
2014-01-09,161.39999389648438,161.39999389648438,160.0,160.39999389648438,55.629459381103516,3610
2014-01-10,160.8000030517578,161.0,160.0,160.0,55.490699768066406,3300
2014-01-13,160.1999969482422,160.39999389648438,159.39999389648438,159.60000610351562,55.351985931396484,3220
2014-01-14,160.0,160.1999969482422,159.39999389648438,159.60000610351562,55.351985931396484,3330
2014-01-15,160.1999969482422,161.0,159.1999969482422,159.39999389648438,55.282630920410156,4455
2014-01-16,159.60000610351562,160.39999389648438,159.39999389648438,160.39999389648438,55.629459381103516,4625
2014-01-17,160.39999389648438,160.8000030517578,159.8000030517578,159.8000030517578,55.42137145996094,2785
2014-01-21,160.1999969482422,161.0,159.60000610351562,161.0,55.83753204345703,9605
2014-01-22,161.0,161.60000610351562,160.39999389648438,160.8000030517578,55.76818084716797,4455
2014-01-23,161.0,161.0,159.39999389648438,159.60000610351562,55.351985931396484,8370
2014-01-24,159.60000610351562,160.0,159.0,159.0,55.14390182495117,3930
2014-01-27,159.1999969482422,159.8000030517578,159.0,159.8000030517578,55.42137145996094,7345
2014-01-28,160.0,161.60000610351562,159.0,161.0,55.83753204345703,4765
2014-01-29,160.39999389648438,162.39999389648438,160.0,162.1999969482422,56.25373458862305,2850
2014-01-30,162.39999389648438,168.0,162.39999389648438,167.39999389648438,58.05714416503906,11190
2014-01-31,166.0,167.8000030517578,162.8000030517578,163.39999389648438,56.6699104309082,4700
2014-02-03,164.1999969482422,165.0,160.1999969482422,161.1999969482422,55.90690231323242,5225
2014-02-04,161.1999969482422,165.8000030517578,161.1999969482422,163.60000610351562,56.739261627197266,3825
2014-02-05,163.39999389648438,164.1999969482422,163.39999389648438,163.8000030517578,56.80860900878906,2195
2014-02-06,163.8000030517578,164.8000030517578,163.0,163.1999969482422,56.60055923461914,3225
2014-02-07,164.0,164.39999389648438,163.0,163.0,56.53115463256836,2285
2014-02-10,163.1999969482422,163.39999389648438,162.39999389648438,163.1999969482422,56.60055923461914,2205
2014-02-11,162.60000610351562,164.0,162.1999969482422,162.1999969482422,56.25373458862305,4625
2014-02-12,162.1999969482422,163.1999969482422,162.0,162.60000610351562,56.392452239990234,4635
2014-02-13,162.39999389648438,167.39999389648438,162.39999389648438,166.0,57.57161331176758,6635
2014-02-14,166.0,166.39999389648438,163.60000610351562,164.39999389648438,57.01673126220703,3645
2014-02-18,167.0,168.0,165.1999969482422,167.1999969482422,57.98778533935547,5055
2014-02-19,168.0,168.0,164.0,164.8000030517578,57.15546417236328,4670
2014-02-20,166.0,166.1999969482422,164.0,165.1999969482422,57.29417419433594,3000
2014-02-21,165.60000610351562,166.0,163.39999389648438,164.0,56.87800979614258,7260
2014-02-24,165.60000610351562,168.8000030517578,165.1999969482422,165.8000030517578,57.50225830078125,11540
2014-02-25,168.39999389648438,168.39999389648438,165.39999389648438,166.8000030517578,57.84907913208008,7145
2014-02-26,164.8000030517578,165.8000030517578,164.0,164.1999969482422,58.52629852294922,4435
2014-02-27,164.39999389648438,164.8000030517578,164.0,164.1999969482422,58.52629852294922,5115
2014-02-28,163.8000030517578,166.39999389648438,163.0,163.39999389648438,58.24113464355469,7030
2014-03-03,162.8000030517578,163.39999389648438,162.60000610351562,162.8000030517578,58.02727508544922,3625
2014-03-04,163.1999969482422,164.8000030517578,163.0,164.0,58.45500183105469,5575
2014-03-05,163.60000610351562,164.0,162.8000030517578,163.39999389648438,58.24113464355469,2705
2014-03-06,163.60000610351562,164.8000030517578,162.39999389648438,164.39999389648438,58.59758377075195,5130
2014-03-07,164.0,164.60000610351562,163.0,164.1999969482422,58.52629852294922,2685
2014-03-10,164.1999969482422,164.60000610351562,164.0,164.0,58.45500183105469,2760
2014-03-11,164.1999969482422,164.39999389648438,163.60000610351562,164.0,58.45500183105469,2255
2014-03-12,163.1999969482422,163.8000030517578,162.1999969482422,162.60000610351562,57.95602035522461,11755
2014-03-13,163.1999969482422,163.1999969482422,162.0,162.0,57.74213409423828,8060
2014-03-14,162.39999389648438,162.8000030517578,162.1999969482422,162.8000030517578,58.02727508544922,2190
2014-03-17,163.0,163.1999969482422,162.39999389648438,162.39999389648438,57.884727478027344,4655
2014-03-18,162.39999389648438,163.1999969482422,162.39999389648438,163.0,58.09857177734375,2425
2014-03-19,163.39999389648438,163.60000610351562,162.39999389648438,163.0,58.09857177734375,5800
2014-03-20,164.1999969482422,165.60000610351562,163.1999969482422,165.39999389648438,58.95404815673828,7605
2014-03-21,165.39999389648438,166.39999389648438,165.0,165.8000030517578,59.0965690612793,4815
2014-03-24,166.0,167.39999389648438,165.8000030517578,167.39999389648438,59.66688537597656,5545
2014-03-25,168.0,168.8000030517578,167.1999969482422,167.1999969482422,59.59559631347656,9505
2014-03-26,168.1999969482422,168.60000610351562,163.39999389648438,163.8000030517578,58.383705139160156,9290
2014-03-27,164.0,164.1999969482422,162.60000610351562,163.8000030517578,58.383705139160156,5185
2014-03-28,164.39999389648438,165.39999389648438,163.0,163.8000030517578,58.383705139160156,6915
2014-03-31,164.39999389648438,164.8000030517578,163.60000610351562,164.1999969482422,58.52629852294922,4775
2014-04-01,164.8000030517578,166.0,164.39999389648438,165.0,58.811424255371094,3515
2014-04-02,164.60000610351562,165.8000030517578,164.0,165.0,58.811424255371094,4445
2014-04-03,165.60000610351562,165.8000030517578,163.8000030517578,164.39999389648438,58.59758377075195,3015
2014-04-04,164.1999969482422,164.39999389648438,163.60000610351562,163.60000610351562,58.31245422363281,2160
2014-04-07,163.60000610351562,164.1999969482422,162.8000030517578,163.39999389648438,58.24113464355469,2830
2014-04-08,163.60000610351562,163.60000610351562,162.8000030517578,163.39999389648438,58.24113464355469,3480
2014-04-09,163.39999389648438,165.0,163.1999969482422,164.0,58.45500183105469,3045
2014-04-10,164.0,164.8000030517578,163.60000610351562,164.39999389648438,58.59758377075195,3390
2014-04-11,164.0,164.0,163.39999389648438,164.0,58.45500183105469,2575
2014-04-14,163.8000030517578,164.0,163.39999389648438,163.8000030517578,58.383705139160156,3530
2014-04-15,163.39999389648438,164.60000610351562,163.1999969482422,164.60000610351562,58.66886901855469,3815
2014-04-16,164.39999389648438,164.39999389648438,163.60000610351562,163.8000030517578,58.383705139160156,5150
2014-04-17,163.60000610351562,165.0,163.60000610351562,164.0,58.45500183105469,8675
2014-04-21,165.0,166.0,164.0,166.0,59.16789245605469,4340
2014-04-22,166.60000610351562,166.60000610351562,165.39999389648438,166.0,59.16789245605469,3355
2014-04-23,166.0,166.1999969482422,165.1999969482422,166.1999969482422,59.23917770385742,3815
2014-04-24,166.60000610351562,167.0,165.60000610351562,165.60000610351562,59.02530288696289,2595
2014-04-25,166.0,166.8000030517578,165.0,166.0,59.16789245605469,2335
2014-04-28,166.8000030517578,168.39999389648438,166.0,167.0,59.524330139160156,7330
2014-04-29,167.8000030517578,167.8000030517578,165.0,165.39999389648438,58.95404815673828,3475
2014-04-30,165.39999389648438,166.60000610351562,165.39999389648438,166.0,59.16789245605469,2505
2014-05-01,166.60000610351562,167.1999969482422,165.8000030517578,166.60000610351562,59.38174819946289,2030
2014-05-02,166.60000610351562,166.8000030517578,165.8000030517578,166.1999969482422,59.23917770385742,1455
2014-05-05,166.8000030517578,169.0,166.1999969482422,166.39999389648438,59.3104362487793,3655
2014-05-06,167.1999969482422,167.1999969482422,166.1999969482422,166.8000030517578,59.45306396484375,1935
2014-05-07,166.8000030517578,169.0,166.60000610351562,169.0,60.2371711730957,2415
2014-05-08,169.0,169.60000610351562,167.8000030517578,168.60000610351562,60.09458923339844,4735
2014-05-09,168.8000030517578,174.0,168.60000610351562,169.1999969482422,60.30846405029297,15825
2014-05-12,169.60000610351562,171.60000610351562,169.1999969482422,169.60000610351562,60.451053619384766,3735
2014-05-13,169.60000610351562,171.60000610351562,169.0,169.8000030517578,60.522300720214844,6895
2014-05-14,170.39999389648438,172.0,169.39999389648438,169.60000610351562,60.451053619384766,2235
2014-05-15,169.60000610351562,170.1999969482422,169.1999969482422,169.60000610351562,60.451053619384766,2760
2014-05-16,170.1999969482422,172.8000030517578,169.60000610351562,171.8000030517578,61.235198974609375,4065
2014-05-19,172.8000030517578,178.8000030517578,172.0,177.8000030517578,63.3737907409668,15310
2014-05-20,177.1999969482422,178.0,173.1999969482422,173.8000030517578,61.948089599609375,4835
2014-05-21,173.0,173.1999969482422,171.39999389648438,172.1999969482422,61.37777328491211,5080
2014-05-22,172.8000030517578,176.0,172.1999969482422,174.60000610351562,62.23316192626953,6305
2014-05-23,173.39999389648438,176.1999969482422,173.0,176.0,62.732200622558594,4895
2014-05-27,176.8000030517578,180.39999389648438,176.0,176.0,62.732200622558594,11500
2014-05-28,176.0,180.60000610351562,176.0,177.0,63.088645935058594,5395
2014-05-29,176.60000610351562,180.0,176.60000610351562,178.0,63.445064544677734,4425
2014-05-30,178.0,179.60000610351562,177.1999969482422,177.8000030517578,63.3737907409668,2955
2014-06-02,177.60000610351562,178.60000610351562,175.8000030517578,178.1999969482422,63.51637649536133,5815
2014-06-03,178.39999389648438,180.60000610351562,177.60000610351562,180.39999389648438,64.30049896240234,3220
2014-06-04,180.60000610351562,182.0,177.1999969482422,181.0,64.51435089111328,4510
2014-06-05,179.1999969482422,183.1999969482422,177.1999969482422,183.1999969482422,65.29849243164062,3335
2014-06-06,182.8000030517578,183.1999969482422,181.1999969482422,182.1999969482422,64.94210815429688,2835
2014-06-09,182.39999389648438,184.8000030517578,181.60000610351562,181.8000030517578,64.7995376586914,6190
2014-06-10,177.8000030517578,177.8000030517578,175.39999389648438,177.1999969482422,64.76297760009766,5440
2014-06-11,177.0,177.0,174.0,175.0,63.958961486816406,7120
2014-06-12,176.0,176.0,172.1999969482422,172.60000610351562,63.08180618286133,3165
2014-06-13,172.0,173.39999389648438,170.39999389648438,171.60000610351562,62.7162971496582,3275
2014-06-16,170.60000610351562,173.39999389648438,170.0,171.1999969482422,62.57008361816406,3815
2014-06-17,172.0,173.39999389648438,170.60000610351562,172.8000030517578,63.154850006103516,3225
2014-06-18,172.1999969482422,174.0,171.1999969482422,174.0,63.59345626831055,3275
2014-06-19,173.60000610351562,175.1999969482422,173.0,175.0,63.958961486816406,3170
2014-06-20,179.0,180.1999969482422,177.0,178.0,65.05535125732422,9400
2014-06-23,177.1999969482422,179.60000610351562,176.0,178.1999969482422,65.12847900390625,5325
2014-06-24,178.39999389648438,178.39999389648438,173.1999969482422,173.8000030517578,63.520347595214844,6485
2014-06-25,173.1999969482422,174.8000030517578,172.8000030517578,174.39999389648438,63.739627838134766,2990
2014-06-26,174.0,176.0,172.1999969482422,174.8000030517578,63.88579559326172,2045
2014-06-27,175.39999389648438,176.8000030517578,175.39999389648438,176.0,64.32440185546875,1015
2014-06-30,176.39999389648438,176.8000030517578,176.0,176.60000610351562,64.54369354248047,1175
2014-07-01,177.0,179.8000030517578,176.8000030517578,179.8000030517578,65.71321868896484,3175
2014-07-02,179.0,180.0,178.1999969482422,180.0,65.78631591796875,4070
2014-07-03,179.39999389648438,179.8000030517578,178.39999389648438,179.60000610351562,65.64015197753906,2415
2014-07-07,178.8000030517578,179.39999389648438,176.8000030517578,177.0,64.68986511230469,3585
2014-07-08,177.1999969482422,177.8000030517578,173.39999389648438,174.1999969482422,63.666526794433594,4365
2014-07-09,173.8000030517578,178.0,172.60000610351562,173.39999389648438,63.37412643432617,7475
2014-07-10,172.39999389648438,173.8000030517578,167.0,168.8000030517578,61.692928314208984,13455
2014-07-11,168.39999389648438,171.39999389648438,168.39999389648438,169.60000610351562,61.9853515625,9065
2014-07-14,170.1999969482422,171.39999389648438,169.8000030517578,171.0,62.49701690673828,4435
2014-07-15,171.60000610351562,173.0,170.60000610351562,172.8000030517578,63.154850006103516,4025
2014-07-16,172.8000030517578,175.60000610351562,172.8000030517578,174.8000030517578,63.88579559326172,3670
2014-07-17,174.60000610351562,176.0,173.60000610351562,174.8000030517578,63.88579559326172,3610
2014-07-18,174.1999969482422,175.60000610351562,174.0,175.0,63.958961486816406,2320
2014-07-21,174.8000030517578,176.0,174.0,176.0,64.32440185546875,2550
2014-07-22,175.1999969482422,176.8000030517578,174.60000610351562,175.60000610351562,64.17819213867188,5300
2014-07-23,175.60000610351562,176.0,175.0,175.1999969482422,64.03202056884766,1585
2014-07-24,175.0,175.60000610351562,174.1999969482422,174.39999389648438,63.739627838134766,1810
2014-07-25,174.39999389648438,174.8000030517578,173.0,173.1999969482422,63.30103302001953,2560
2014-07-28,174.0,174.39999389648438,172.60000610351562,174.39999389648438,63.739627838134766,2350
2014-07-29,174.60000610351562,177.8000030517578,174.39999389648438,175.60000610351562,64.17819213867188,4015
2014-07-30,175.60000610351562,176.39999389648438,173.1999969482422,173.39999389648438,63.37412643432617,2275
2014-07-31,171.8000030517578,174.1999969482422,169.1999969482422,171.1999969482422,62.57008361816406,6045
2014-08-01,170.1999969482422,171.60000610351562,169.1999969482422,169.1999969482422,61.839168548583984,2270
2014-08-04,170.1999969482422,171.1999969482422,169.39999389648438,169.8000030517578,62.058414459228516,2385
2014-08-05,170.0,170.60000610351562,169.1999969482422,170.39999389648438,62.277713775634766,2095
2014-08-06,170.39999389648438,172.0,170.1999969482422,172.0,62.86246109008789,2455
2014-08-07,172.0,172.60000610351562,169.39999389648438,169.8000030517578,62.058414459228516,2295
2014-08-08,169.8000030517578,172.0,169.8000030517578,171.0,62.49701690673828,1570
2014-08-11,172.39999389648438,174.60000610351562,172.0,173.60000610351562,63.447269439697266,5170
2014-08-12,174.0,176.0,172.39999389648438,175.60000610351562,64.17819213867188,4700
2014-08-13,175.0,175.8000030517578,173.8000030517578,174.8000030517578,63.88579559326172,3645
2014-08-14,174.1999969482422,175.60000610351562,174.0,174.0,63.59345626831055,2330
2014-08-15,174.0,177.0,173.60000610351562,177.0,64.68986511230469,2255
2014-08-18,178.0,178.0,176.0,176.1999969482422,64.3974609375,2905
2014-08-19,176.0,177.1999969482422,175.0,176.8000030517578,64.6167984008789,1955
2014-08-20,177.0,177.8000030517578,176.1999969482422,177.60000610351562,64.90919494628906,1205
2014-08-21,177.60000610351562,177.60000610351562,175.0,177.1999969482422,64.76297760009766,2505
2014-08-22,176.39999389648438,177.60000610351562,176.1999969482422,177.39999389648438,64.83607482910156,2595
2014-08-25,177.1999969482422,178.0,175.8000030517578,176.0,64.32440185546875,5520
2014-08-26,175.8000030517578,177.8000030517578,175.8000030517578,177.8000030517578,64.98225402832031,3395
2014-08-27,177.39999389648438,179.39999389648438,177.39999389648438,178.8000030517578,65.34773254394531,3465
2014-08-28,177.60000610351562,177.60000610351562,176.0,176.1999969482422,64.3974609375,3435
2014-08-29,176.0,179.0,176.0,177.8000030517578,64.98225402832031,3160
2014-09-02,177.8000030517578,178.39999389648438,177.39999389648438,178.39999389648438,65.2015380859375,2025
2014-09-03,178.1999969482422,179.60000610351562,178.1999969482422,179.60000610351562,65.64015197753906,4065
2014-09-04,179.39999389648438,179.60000610351562,178.1999969482422,179.1999969482422,65.49392700195312,3350
2014-09-05,178.60000610351562,178.8000030517578,177.0,178.8000030517578,65.34773254394531,3350
2014-09-08,178.0,179.1999969482422,177.39999389648438,179.0,65.42085266113281,2900
2014-09-09,178.1999969482422,179.1999969482422,178.0,178.60000610351562,65.27462768554688,1650
2014-09-10,178.0,179.1999969482422,178.0,178.8000030517578,65.34773254394531,2090
2014-09-11,177.60000610351562,179.8000030517578,177.60000610351562,179.39999389648438,65.56700897216797,4220
2014-09-12,178.60000610351562,179.39999389648438,175.8000030517578,177.1999969482422,64.76297760009766,5595
2014-09-15,179.0,179.60000610351562,174.39999389648438,179.1999969482422,65.49392700195312,6740
2014-09-16,174.0,175.60000610351562,172.1999969482422,174.39999389648438,65.38145446777344,5910
2014-09-17,175.39999389648438,175.39999389648438,171.1999969482422,174.0,65.23153686523438,3690
2014-09-18,173.8000030517578,174.1999969482422,172.39999389648438,174.0,65.23153686523438,2995
2014-09-19,174.8000030517578,174.8000030517578,172.39999389648438,173.8000030517578,65.15654754638672,3515
2014-09-22,172.60000610351562,173.39999389648438,170.0,171.39999389648438,64.25677490234375,3955
2014-09-23,176.0,176.0,170.1999969482422,171.39999389648438,64.25677490234375,8415
2014-09-24,172.60000610351562,174.0,170.39999389648438,170.39999389648438,63.88188552856445,4960
2014-09-25,170.8000030517578,171.60000610351562,169.1999969482422,171.0,64.1068344116211,6655
2014-09-26,171.39999389648438,172.1999969482422,170.0,172.1999969482422,64.55672454833984,7270
2014-09-29,171.0,173.1999969482422,171.0,172.1999969482422,64.55672454833984,3470
2014-09-30,173.0,173.60000610351562,171.60000610351562,172.60000610351562,64.70668029785156,4655
2014-10-01,172.1999969482422,173.0,170.0,170.39999389648438,63.88188552856445,5880
2014-10-02,170.8000030517578,171.8000030517578,166.1999969482422,166.60000610351562,62.457332611083984,10035
2014-10-03,167.39999389648438,168.60000610351562,165.0,165.39999389648438,62.00743103027344,11340
2014-10-06,166.1999969482422,167.39999389648438,164.0,164.1999969482422,61.55755615234375,21050
2014-10-07,164.1999969482422,164.8000030517578,163.8000030517578,164.1999969482422,61.55755615234375,9885
2014-10-08,164.0,165.1999969482422,163.8000030517578,165.1999969482422,61.932430267333984,5340
2014-10-09,165.39999389648438,165.8000030517578,163.8000030517578,164.39999389648438,61.63252258300781,8610
2014-10-10,164.0,164.39999389648438,163.0,163.0,61.10767364501953,20625
2014-10-13,163.0,164.0,162.8000030517578,163.1999969482422,61.182701110839844,9750
2014-10-14,163.60000610351562,164.0,162.39999389648438,163.1999969482422,61.182701110839844,14490
2014-10-15,162.39999389648438,167.8000030517578,162.0,167.39999389648438,62.75720977783203,25020
2014-10-16,165.1999969482422,168.1999969482422,164.1999969482422,166.39999389648438,62.382328033447266,8545
2014-10-17,167.60000610351562,172.0,167.60000610351562,169.1999969482422,63.43206024169922,5685
2014-10-20,167.8000030517578,168.1999969482422,165.60000610351562,166.1999969482422,62.30730438232422,7635
2014-10-21,167.8000030517578,169.1999969482422,167.39999389648438,168.39999389648438,63.13209915161133,5045
2014-10-22,168.1999969482422,169.1999969482422,166.1999969482422,166.60000610351562,62.457332611083984,2865
2014-10-23,167.0,169.0,166.0,166.0,62.23236083984375,4655
2014-10-24,166.0,171.8000030517578,166.0,168.60000610351562,63.20706558227539,6510
2014-10-27,168.8000030517578,170.0,166.0,166.0,62.23236083984375,2785
2014-10-28,167.1999969482422,167.39999389648438,163.60000610351562,165.0,61.85745620727539,9290
2014-10-29,165.0,165.8000030517578,164.0,164.60000610351562,61.70751953125,3630
2014-10-30,164.1999969482422,164.8000030517578,163.1999969482422,163.39999389648438,61.25760269165039,3510
2014-10-31,164.8000030517578,164.8000030517578,163.39999389648438,164.1999969482422,61.55755615234375,3060
2014-11-03,164.0,165.1999969482422,164.0,164.39999389648438,61.63252258300781,2565
2014-11-04,165.0,165.0,162.0,162.39999389648438,60.88277816772461,9555
2014-11-05,162.8000030517578,163.39999389648438,161.39999389648438,162.60000610351562,60.95771789550781,9550
2014-11-06,162.39999389648438,164.60000610351562,162.0,164.0,61.48258972167969,4220
2014-11-07,164.1999969482422,165.60000610351562,163.60000610351562,165.1999969482422,61.932430267333984,2185
2014-11-10,165.39999389648438,167.39999389648438,164.8000030517578,167.0,62.607276916503906,5110
2014-11-11,166.1999969482422,168.1999969482422,165.8000030517578,166.0,62.23236083984375,1925
2014-11-12,165.0,166.8000030517578,165.0,166.39999389648438,62.382328033447266,3040
2014-11-13,166.0,166.60000610351562,162.60000610351562,163.0,61.10767364501953,8870
2014-11-14,163.0,163.60000610351562,161.8000030517578,163.0,61.10767364501953,4135
2014-11-17,162.8000030517578,163.39999389648438,162.60000610351562,163.1999969482422,61.182701110839844,8715
2014-11-18,163.60000610351562,167.39999389648438,162.60000610351562,167.0,62.607276916503906,5320
2014-11-19,166.39999389648438,166.39999389648438,162.1999969482422,163.0,61.10767364501953,5385
2014-11-20,162.8000030517578,165.39999389648438,162.8000030517578,164.8000030517578,61.78246307373047,6665
2014-11-21,166.0,168.0,165.39999389648438,165.60000610351562,62.082435607910156,3560
2014-11-24,166.39999389648438,167.8000030517578,165.0,167.0,62.607276916503906,4205
2014-11-25,166.39999389648438,166.8000030517578,164.0,164.39999389648438,61.63252258300781,7630
2014-11-26,165.0,166.0,165.0,165.8000030517578,62.15737533569336,3525
2014-11-28,164.39999389648438,164.39999389648438,161.60000610351562,162.0,60.7327766418457,7125
2014-12-01,162.0,162.0,160.1999969482422,161.1999969482422,60.43284606933594,20685
2014-12-02,160.0,161.39999389648438,158.39999389648438,158.8000030517578,59.53313446044922,21420
2014-12-03,158.8000030517578,160.0,157.39999389648438,158.1999969482422,59.30820083618164,9430
2014-12-04,158.0,158.1999969482422,156.60000610351562,157.60000610351562,59.083274841308594,7765
2014-12-05,156.8000030517578,159.1999969482422,156.39999389648438,157.60000610351562,59.083274841308594,12715
2014-12-08,156.1999969482422,157.0,140.60000610351562,141.60000610351562,53.084957122802734,29585
2014-12-09,138.8000030517578,138.8000030517578,125.0,127.5999984741211,47.83644485473633,35095
2014-12-10,125.0,135.1999969482422,125.0,128.39999389648438,48.136348724365234,22775
2014-12-11,128.0,140.0,128.0,134.0,50.23576736450195,15525
2014-12-12,129.1999969482422,133.39999389648438,129.0,131.1999969482422,49.18604278564453,12505
2014-12-15,132.0,132.8000030517578,127.0,130.1999969482422,48.811161041259766,14030
2014-12-16,122.0,128.60000610351562,121.0,121.19999694824219,47.0637321472168,16825
2014-12-17,120.80000305175781,131.8000030517578,120.80000305175781,129.0,50.09260940551758,15445
2014-12-18,131.8000030517578,135.1999969482422,127.4000015258789,130.1999969482422,50.55857467651367,15840
2014-12-19,131.0,135.0,127.4000015258789,128.60000610351562,49.937286376953125,9115
2014-12-22,128.0,128.60000610351562,122.0,128.39999389648438,49.85960388183594,14020
2014-12-23,134.0,134.0,126.4000015258789,130.60000610351562,50.71391296386719,21720
2014-12-24,129.39999389648438,133.39999389648438,129.39999389648438,131.0,50.86923599243164,6800
2014-12-26,131.0,131.60000610351562,124.80000305175781,124.80000305175781,48.46168518066406,7940
2014-12-29,123.5999984741211,124.0,122.0,122.5999984741211,47.607391357421875,6705
2014-12-30,122.19999694824219,125.80000305175781,119.5999984741211,120.4000015258789,46.753089904785156,18150
2014-12-31,119.4000015258789,120.19999694824219,116.19999694824219,118.0,45.82115173339844,24015
2015-01-02,118.4000015258789,126.80000305175781,118.19999694824219,123.19999694824219,47.84037780761719,6880
2015-01-05,122.0,124.0,120.0,120.5999984741211,46.83076095581055,5315
2015-01-06,119.19999694824219,122.5999984741211,116.19999694824219,117.19999694824219,45.51047897338867,10990
2015-01-07,119.0,121.0,117.4000015258789,120.5999984741211,46.83076095581055,11240
2015-01-08,122.4000015258789,124.0,121.5999984741211,123.19999694824219,47.84037780761719,7725
2015-01-09,122.0,125.19999694824219,120.19999694824219,124.0,48.15105056762695,6305
2015-01-12,122.19999694824219,122.19999694824219,118.5999984741211,119.4000015258789,46.36478042602539,5660
2015-01-13,119.4000015258789,122.5999984741211,115.0,116.19999694824219,45.12216567993164,15235
2015-01-14,114.0,116.5999984741211,112.0,112.80000305175781,43.80189514160156,7860
2015-01-15,115.0,116.80000305175781,111.0,114.4000015258789,44.423213958740234,5495
2015-01-16,114.80000305175781,118.5999984741211,114.80000305175781,118.4000015258789,45.976478576660156,3120
2015-01-20,120.0,126.4000015258789,118.4000015258789,123.0,47.7627067565918,20370
2015-01-21,123.0,127.80000305175781,123.0,124.0,48.15105056762695,4675
2015-01-22,126.80000305175781,129.8000030517578,123.4000015258789,129.0,50.09260940551758,9895
2015-01-23,115.0,117.4000015258789,91.5999984741211,93.0,36.113277435302734,123485
2015-01-26,84.0,87.4000015258789,82.0,84.4000015258789,32.773746490478516,128665
2015-01-27,83.5999984741211,83.80000305175781,80.4000015258789,82.5999984741211,32.07478713989258,57480
2015-01-28,84.0,84.0,82.19999694824219,82.5999984741211,32.07478713989258,19215
2015-01-29,82.5999984741211,82.80000305175781,81.19999694824219,82.5999984741211,32.07478713989258,20890
2015-01-30,82.4000015258789,83.4000015258789,81.0,82.5999984741211,32.07478713989258,15980
2015-02-02,83.4000015258789,85.19999694824219,82.5999984741211,85.19999694824219,33.084407806396484,18875
2015-02-03,86.0,88.5999984741211,85.5999984741211,87.5999984741211,34.01637268066406,20620
2015-02-04,86.80000305175781,87.0,85.0,86.0,33.395050048828125,8775
2015-02-05,86.0,88.19999694824219,85.80000305175781,88.19999694824219,34.24936294555664,10430
2015-02-06,89.80000305175781,89.80000305175781,87.19999694824219,88.0,34.17169952392578,10260
2015-02-09,87.0,87.80000305175781,86.80000305175781,87.5999984741211,34.01637268066406,9505
2015-02-10,86.5999984741211,87.5999984741211,86.0,87.4000015258789,33.938697814941406,9960
2015-02-11,86.0,87.0,85.5999984741211,85.5999984741211,33.23975372314453,7465
2015-02-12,86.0,88.19999694824219,86.0,88.0,34.17169952392578,11400
2015-02-13,88.0,89.5999984741211,88.0,89.0,34.560020446777344,10565
2015-02-17,86.5999984741211,89.0,85.5999984741211,87.0,33.783390045166016,28730
2015-02-18,86.0,87.4000015258789,85.0,86.0,33.395050048828125,19760
2015-02-19,85.4000015258789,87.0,84.19999694824219,87.0,33.783390045166016,13460
2015-02-20,86.80000305175781,87.5999984741211,85.5999984741211,87.5999984741211,34.01637268066406,6905
2015-02-23,86.0,87.19999694824219,86.0,87.0,33.783390045166016,8030
2015-02-24,86.4000015258789,87.5999984741211,86.19999694824219,86.80000305175781,33.70572280883789,9125
2015-02-25,86.80000305175781,87.80000305175781,86.19999694824219,87.80000305175781,34.09403991699219,18735
2015-02-26,86.80000305175781,87.5999984741211,86.19999694824219,87.0,33.783390045166016,12385
2015-02-27,86.4000015258789,87.19999694824219,86.0,87.0,33.783390045166016,14920
2015-03-02,86.5999984741211,87.0,85.80000305175781,86.19999694824219,33.47271728515625,10895
2015-03-03,85.4000015258789,86.4000015258789,84.80000305175781,86.4000015258789,33.550384521484375,11140
2015-03-04,86.0,86.19999694824219,84.5999984741211,85.80000305175781,33.317413330078125,14855
2015-03-05,85.5999984741211,86.4000015258789,85.4000015258789,86.0,33.395050048828125,7140
2015-03-06,86.0,86.19999694824219,84.0,85.80000305175781,33.317413330078125,13985
2015-03-09,84.4000015258789,85.5999984741211,83.19999694824219,84.4000015258789,33.19939041137695,14520
2015-03-10,83.0,84.19999694824219,82.19999694824219,83.80000305175781,32.96337890625,9600
2015-03-11,83.4000015258789,83.4000015258789,82.4000015258789,83.19999694824219,32.727359771728516,9300
2015-03-12,83.19999694824219,83.5999984741211,81.5999984741211,82.0,32.25532531738281,16215
2015-03-13,81.5999984741211,82.0,80.19999694824219,81.80000305175781,32.17667770385742,9175
2015-03-16,83.4000015258789,83.4000015258789,79.0,81.0,32.00282669067383,20970
2015-03-17,80.0,80.80000305175781,79.4000015258789,80.5999984741211,31.844768524169922,11070
2015-03-18,79.80000305175781,82.0,79.0,81.5999984741211,32.23988342285156,10895
2015-03-19,80.5999984741211,80.80000305175781,79.4000015258789,80.5999984741211,31.844768524169922,5740
2015-03-20,81.19999694824219,81.19999694824219,80.0,81.0,32.00282669067383,9680
2015-03-23,80.5999984741211,81.80000305175781,80.0,81.80000305175781,32.318912506103516,9245
2015-03-24,81.5999984741211,81.5999984741211,80.5999984741211,81.0,32.00282669067383,8255
2015-03-25,80.80000305175781,81.4000015258789,79.4000015258789,81.4000015258789,32.160850524902344,8170
2015-03-26,81.4000015258789,81.4000015258789,80.5999984741211,81.19999694824219,32.081844329833984,10870
2015-03-27,80.5999984741211,81.0,80.0,80.4000015258789,31.765779495239258,6170
2015-03-30,80.4000015258789,81.4000015258789,80.4000015258789,81.4000015258789,32.160850524902344,6745
2015-03-31,81.5999984741211,81.80000305175781,80.5999984741211,81.19999694824219,32.081844329833984,10420
2015-04-01,81.19999694824219,81.5999984741211,80.80000305175781,81.5999984741211,32.23988342285156,7980
2015-04-02,81.19999694824219,82.0,81.19999694824219,82.0,32.39791488647461,4235
2015-04-06,81.4000015258789,82.5999984741211,81.4000015258789,82.0,32.39791488647461,11690
2015-04-07,81.80000305175781,82.5999984741211,81.80000305175781,82.4000015258789,32.55595779418945,8240
2015-04-08,82.0,82.4000015258789,81.5999984741211,82.0,32.39791488647461,6765
2015-04-09,81.80000305175781,82.4000015258789,81.5999984741211,82.0,32.39791488647461,5275
2015-04-10,82.19999694824219,82.4000015258789,81.5999984741211,82.4000015258789,32.55595779418945,18195
2015-04-13,81.80000305175781,82.4000015258789,81.4000015258789,81.80000305175781,32.318912506103516,7120
2015-04-14,81.4000015258789,82.4000015258789,81.4000015258789,82.19999694824219,32.476932525634766,10765
2015-04-15,82.4000015258789,83.4000015258789,82.0,82.80000305175781,32.857913970947266,18270
2015-04-16,82.80000305175781,83.4000015258789,82.5999984741211,83.4000015258789,33.09601593017578,10625
2015-04-17,83.4000015258789,83.4000015258789,82.19999694824219,82.80000305175781,32.857913970947266,7360
2015-04-20,82.5999984741211,83.4000015258789,82.4000015258789,82.80000305175781,32.857913970947266,6820
2015-04-21,83.0,83.19999694824219,82.19999694824219,82.80000305175781,32.857913970947266,15520
2015-04-22,83.19999694824219,83.19999694824219,82.19999694824219,82.5999984741211,32.77854919433594,5745
2015-04-23,82.4000015258789,83.4000015258789,82.4000015258789,83.19999694824219,33.01663589477539,9070
2015-04-24,83.0,83.4000015258789,82.5999984741211,83.4000015258789,33.09601593017578,12035
2015-04-27,83.19999694824219,83.4000015258789,82.5999984741211,83.0,32.93728256225586,6865
2015-04-28,82.5999984741211,83.0,82.19999694824219,82.80000305175781,32.857913970947266,4040
2015-04-29,82.0,83.5999984741211,82.0,83.4000015258789,33.09601593017578,13815
2015-04-30,83.0,83.5999984741211,83.0,83.5999984741211,33.17537307739258,5330
2015-05-01,83.4000015258789,83.80000305175781,82.80000305175781,83.80000305175781,33.254730224609375,8260
2015-05-04,83.4000015258789,83.5999984741211,83.0,83.19999694824219,33.01663589477539,6910
2015-05-05,83.4000015258789,83.5999984741211,82.80000305175781,83.0,32.93728256225586,4840
2015-05-06,82.80000305175781,83.5999984741211,81.4000015258789,82.0,32.540435791015625,9770
2015-05-07,81.5999984741211,81.5999984741211,80.4000015258789,80.80000305175781,32.06423568725586,10335
2015-05-08,81.0,81.80000305175781,80.80000305175781,81.19999694824219,32.22296142578125,10405
2015-05-11,80.5999984741211,81.0,80.4000015258789,80.80000305175781,32.06423568725586,13490
2015-05-12,80.4000015258789,82.19999694824219,80.4000015258789,82.19999694824219,32.61979675292969,37430
2015-05-13,82.5999984741211,83.5999984741211,82.0,83.19999694824219,33.01663589477539,10635
2015-05-14,83.0,83.19999694824219,82.19999694824219,83.0,32.93728256225586,7645
2015-05-15,82.4000015258789,83.0,82.0,83.0,33.080753326416016,11870
2015-05-18,82.5999984741211,83.4000015258789,82.19999694824219,82.80000305175781,33.001033782958984,5105
2015-05-19,81.4000015258789,82.5999984741211,81.4000015258789,82.19999694824219,32.76190185546875,9570
2015-05-20,82.19999694824219,82.4000015258789,81.80000305175781,82.4000015258789,32.84162521362305,10015
2015-05-21,82.4000015258789,83.0,82.19999694824219,83.0,33.080753326416016,12890
2015-05-22,82.5999984741211,83.19999694824219,82.19999694824219,83.0,33.080753326416016,7725
2015-05-26,83.0,83.0,81.80000305175781,82.19999694824219,32.76190185546875,7255
2015-05-27,81.80000305175781,82.4000015258789,81.5999984741211,82.0,32.68219757080078,5515
2015-05-28,81.80000305175781,82.0,80.80000305175781,81.4000015258789,32.443050384521484,6515
2015-05-29,81.80000305175781,81.80000305175781,81.0,81.4000015258789,32.443050384521484,5725
2015-06-01,81.0,81.4000015258789,80.5999984741211,80.80000305175781,32.203914642333984,8050
2015-06-02,80.5999984741211,81.19999694824219,80.5999984741211,80.80000305175781,32.203914642333984,2645
2015-06-03,80.5999984741211,81.0,79.5999984741211,79.5999984741211,31.72564697265625,5955
2015-06-04,79.5999984741211,79.5999984741211,78.19999694824219,78.4000015258789,31.24736213684082,8265
2015-06-05,78.0,79.0,77.80000305175781,78.4000015258789,31.24736213684082,5375
2015-06-08,78.4000015258789,79.0,77.5999984741211,77.80000305175781,31.008241653442383,4825
2015-06-09,77.80000305175781,78.4000015258789,77.4000015258789,77.80000305175781,31.008241653442383,9735
2015-06-10,78.4000015258789,78.5999984741211,77.80000305175781,78.19999694824219,31.167631149291992,7025
2015-06-11,77.80000305175781,78.0,77.5999984741211,77.5999984741211,30.928504943847656,4800
2015-06-12,77.19999694824219,77.5999984741211,76.80000305175781,77.4000015258789,30.84879493713379,6870
2015-06-15,77.0,78.0,76.80000305175781,77.19999694824219,30.912879943847656,5045
2015-06-16,77.0,77.4000015258789,76.80000305175781,77.0,30.83277702331543,5505
2015-06-17,77.19999694824219,77.5999984741211,76.80000305175781,77.19999694824219,30.912879943847656,8195
2015-06-18,76.80000305175781,77.5999984741211,76.4000015258789,77.0,30.83277702331543,3900
2015-06-19,76.5999984741211,77.0,76.0,76.80000305175781,30.75269317626953,3510
2015-06-22,77.19999694824219,77.19999694824219,76.4000015258789,76.5999984741211,30.672624588012695,4330
2015-06-23,77.0,77.5999984741211,76.5999984741211,77.19999694824219,30.912879943847656,6760
2015-06-24,77.4000015258789,77.5999984741211,76.5999984741211,76.80000305175781,30.75269317626953,4390
2015-06-25,76.80000305175781,77.0,76.19999694824219,76.5999984741211,30.672624588012695,5380
2015-06-26,76.0,76.19999694824219,75.4000015258789,76.0,30.43236541748047,5720
2015-06-29,75.19999694824219,75.5999984741211,74.19999694824219,74.5999984741211,29.87175750732422,7480
2015-06-30,75.19999694824219,75.19999694824219,72.80000305175781,73.5999984741211,29.471324920654297,19175
2015-07-01,74.4000015258789,74.4000015258789,71.80000305175781,72.5999984741211,29.07090187072754,20755
2015-07-02,73.0,73.5999984741211,72.0,72.80000305175781,29.150999069213867,11115
2015-07-06,72.4000015258789,72.4000015258789,70.5999984741211,71.4000015258789,28.590381622314453,28905
2015-07-07,71.4000015258789,72.4000015258789,69.5999984741211,71.80000305175781,28.750574111938477,22665
2015-07-08,71.5999984741211,71.80000305175781,69.5999984741211,70.0,28.029794692993164,13035
2015-07-09,70.19999694824219,70.80000305175781,69.19999694824219,70.0,28.029794692993164,8765
2015-07-10,70.0,71.0,70.0,71.0,28.430225372314453,7570
2015-07-13,70.5999984741211,71.4000015258789,70.19999694824219,70.5999984741211,28.27005386352539,9835
2015-07-14,69.5999984741211,72.0,69.5999984741211,71.0,28.430225372314453,12105
2015-07-15,69.5999984741211,71.0,69.0,69.19999694824219,27.850679397583008,20135
2015-07-16,69.19999694824219,69.80000305175781,68.5999984741211,69.0,27.770172119140625,8815
2015-07-17,68.4000015258789,69.0,68.19999694824219,68.4000015258789,27.5286922454834,9680
2015-07-20,67.80000305175781,68.0,66.0,66.19999694824219,26.643278121948242,21760
2015-07-21,65.4000015258789,67.0,65.4000015258789,66.80000305175781,26.884750366210938,19085
2015-07-22,66.80000305175781,66.80000305175781,63.79999923706055,65.0,26.160322189331055,19065
2015-07-23,64.4000015258789,65.80000305175781,64.4000015258789,65.19999694824219,26.24081039428711,15925
2015-07-24,64.5999984741211,67.80000305175781,64.5999984741211,66.19999694824219,26.643278121948242,13270
2015-07-27,65.5999984741211,66.80000305175781,65.0,66.5999984741211,26.804269790649414,12785
2015-07-28,67.19999694824219,68.19999694824219,67.0,68.0,27.36772346496582,14325
2015-07-29,68.0,70.0,67.4000015258789,69.19999694824219,27.850679397583008,14900
2015-07-30,69.19999694824219,70.0,68.4000015258789,69.4000015258789,27.9311580657959,9640
2015-07-31,69.19999694824219,70.80000305175781,67.80000305175781,69.0,27.770172119140625,17050
2015-08-03,68.4000015258789,68.5999984741211,66.5999984741211,67.4000015258789,27.126232147216797,7740
2015-08-04,66.80000305175781,68.4000015258789,66.80000305175781,67.0,26.965253829956055,6240
2015-08-05,66.5999984741211,67.5999984741211,64.0,64.0,25.757854461669922,16845
2015-08-06,63.0,64.4000015258789,61.20000076293945,64.0,25.757854461669922,13370
2015-08-07,64.4000015258789,66.5999984741211,64.19999694824219,66.5999984741211,26.804269790649414,13735
2015-08-10,66.19999694824219,67.19999694824219,65.0,66.5999984741211,26.804269790649414,12720
2015-08-11,65.80000305175781,66.19999694824219,65.19999694824219,66.0,26.562786102294922,9800
2015-08-12,65.19999694824219,69.4000015258789,65.19999694824219,68.80000305175781,27.689699172973633,15540
2015-08-13,68.4000015258789,68.4000015258789,66.80000305175781,67.19999694824219,27.04574203491211,8290
2015-08-14,66.5999984741211,68.19999694824219,66.5999984741211,68.19999694824219,27.44821548461914,5515
2015-08-17,68.80000305175781,69.19999694824219,68.0,69.0,27.917537689208984,8210
2015-08-18,68.80000305175781,69.0,67.0,68.4000015258789,27.674774169921875,8285
2015-08-19,67.4000015258789,68.0,66.5999984741211,67.4000015258789,27.270191192626953,4460
2015-08-20,65.5999984741211,66.5999984741211,65.4000015258789,65.4000015258789,26.460979461669922,8015
2015-08-21,65.0,65.19999694824219,62.79999923706055,64.4000015258789,26.056381225585938,7000
2015-08-24,59.79999923706055,63.400001525878906,56.0,62.0,25.085330963134766,16085
2015-08-25,62.79999923706055,63.400001525878906,60.599998474121094,61.0,24.68073081970215,8495
2015-08-26,62.0,62.400001525878906,59.599998474121094,62.400001525878906,25.24717903137207,8570
2015-08-27,61.79999923706055,64.5999984741211,61.79999923706055,64.5999984741211,26.137310028076172,8940
2015-08-28,64.5999984741211,67.0,63.20000076293945,67.0,27.108339309692383,13495
2015-08-31,66.4000015258789,66.4000015258789,64.0,65.80000305175781,26.62282943725586,12125
2015-09-01,64.4000015258789,64.80000305175781,62.20000076293945,64.5999984741211,26.137310028076172,13995
2015-09-02,63.79999923706055,63.79999923706055,60.79999923706055,62.0,25.085330963134766,12675
2015-09-03,61.79999923706055,62.79999923706055,60.79999923706055,62.79999923706055,25.409013748168945,13295
2015-09-04,60.599998474121094,61.79999923706055,60.599998474121094,61.599998474121094,24.923500061035156,4815
2015-09-08,62.20000076293945,62.599998474121094,60.400001525878906,61.20000076293945,24.761667251586914,9885
2015-09-09,61.0,61.0,59.20000076293945,60.20000076293945,24.35704231262207,10790
2015-09-10,59.79999923706055,60.0,58.400001525878906,59.79999923706055,24.19520378112793,10590
2015-09-11,59.0,59.20000076293945,56.79999923706055,58.20000076293945,23.547828674316406,16170
2015-09-14,58.36000061035156,59.0,56.560001373291016,56.959999084472656,23.046127319335938,14975
2015-09-15,55.36000061035156,56.63999938964844,55.119998931884766,56.400001525878906,22.964704513549805,36625
2015-09-16,56.2400016784668,57.15999984741211,56.2400016784668,56.959999084472656,23.192712783813477,23000
2015-09-17,56.79999923706055,57.84000015258789,56.0,56.400001525878906,22.964704513549805,18825
2015-09-18,55.959999084472656,56.47999954223633,55.91999816894531,56.439998626708984,22.98099708557129,10750
2015-09-21,56.20000076293945,56.439998626708984,55.36000061035156,55.79999923706055,22.720399856567383,19150
2015-09-22,53.959999084472656,55.52000045776367,53.959999084472656,55.0,22.394662857055664,34650
2015-09-23,54.560001373291016,55.15999984741211,52.2400016784668,52.63999938964844,21.43372917175293,15850
2015-09-24,52.400001525878906,52.400001525878906,49.720001220703125,51.439998626708984,20.945117950439453,32400
2015-09-25,51.91999816894531,52.0,50.119998931884766,50.31999969482422,20.48908042907715,10300
2015-09-28,49.84000015258789,50.31999969482422,46.880001068115234,47.2400016784668,19.234973907470703,27625
2015-09-29,47.20000076293945,47.2400016784668,44.47999954223633,44.47999954223633,18.11117935180664,27475
2015-09-30,44.63999938964844,47.47999954223633,44.63999938964844,47.040000915527344,19.153541564941406,19775
2015-10-01,47.119998931884766,47.68000030517578,46.2400016784668,47.47999954223633,19.33268928527832,9700
2015-10-02,47.20000076293945,48.84000015258789,46.47999954223633,48.68000030517578,19.821313858032227,10475
2015-10-05,48.84000015258789,50.52000045776367,48.84000015258789,50.15999984741211,20.423917770385742,15325
2015-10-06,50.560001373291016,51.959999084472656,50.400001525878906,51.439998626708984,20.945117950439453,17925
2015-10-07,51.7599983215332,53.0,51.400001525878906,52.0,21.173126220703125,22825
2015-10-08,52.36000061035156,53.279998779296875,50.91999816894531,52.47999954223633,21.368574142456055,22750
2015-10-09,52.84000015258789,53.2400016784668,52.47999954223633,53.20000076293945,21.661745071411133,10700
2015-10-12,53.20000076293945,53.20000076293945,51.599998474121094,52.15999984741211,21.2382869720459,8550
2015-10-13,51.599998474121094,52.400001525878906,51.599998474121094,51.880001068115234,21.1242733001709,30550
2015-10-14,51.279998779296875,52.040000915527344,50.79999923706055,51.68000030517578,21.042835235595703,8400
2015-10-15,51.47999954223633,52.47999954223633,50.599998474121094,52.400001525878906,21.485673904418945,8775
2015-10-16,52.599998474121094,52.959999084472656,52.08000183105469,52.79999923706055,21.64967918395996,8675
2015-10-19,52.599998474121094,52.84000015258789,51.720001220703125,52.119998931884766,21.37085723876953,10025
2015-10-20,51.959999084472656,52.439998626708984,51.84000015258789,52.0,21.321657180786133,5075
2015-10-21,51.880001068115234,52.119998931884766,51.2400016784668,51.400001525878906,21.075626373291016,9250
2015-10-22,51.040000915527344,51.040000915527344,49.91999816894531,50.31999969482422,20.63280487060547,12475
2015-10-23,50.2400016784668,50.47999954223633,48.959999084472656,49.279998779296875,20.206377029418945,8250
2015-10-26,49.119998931884766,49.119998931884766,47.47999954223633,47.47999954223633,19.46831512451172,11050
2015-10-27,46.959999084472656,47.52000045776367,46.52000045776367,47.31999969482422,19.402713775634766,14575
2015-10-28,47.31999969482422,49.20000076293945,47.279998779296875,49.0,20.0915584564209,8150
2015-10-29,49.0,49.959999084472656,49.0,49.63999938964844,20.353971481323242,9475
2015-10-30,49.84000015258789,49.880001068115234,49.15999984741211,49.439998626708984,20.271976470947266,15450
2015-11-02,49.439998626708984,50.880001068115234,49.439998626708984,50.63999938964844,20.764026641845703,9225
2015-11-03,50.79999923706055,52.20000076293945,50.79999923706055,52.20000076293945,21.403663635253906,13275
2015-11-04,52.400001525878906,52.63999938964844,51.36000061035156,51.959999084472656,21.305248260498047,18975
2015-11-05,51.52000045776367,51.63999938964844,50.119998931884766,50.52000045776367,20.714818954467773,8100
2015-11-06,50.040000915527344,50.119998931884766,49.31999969482422,49.599998474121094,20.33758544921875,7700
2015-11-09,49.63999938964844,49.84000015258789,48.84000015258789,49.400001525878906,20.25556755065918,13300
2015-11-10,49.279998779296875,49.439998626708984,48.720001220703125,48.959999084472656,20.075162887573242,7175
2015-11-11,48.7599983215332,48.7599983215332,47.560001373291016,47.79999923706055,19.599512100219727,9025
2015-11-12,47.279998779296875,47.279998779296875,45.79999923706055,46.0,18.861461639404297,9125
2015-11-13,45.7599983215332,46.31999969482422,44.720001220703125,46.15999984741211,18.927072525024414,9175
2015-11-16,46.119998931884766,47.08000183105469,46.119998931884766,47.08000183105469,19.456037521362305,8100
2015-11-17,47.31999969482422,47.439998626708984,46.599998474121094,46.720001220703125,19.307270050048828,18100
2015-11-18,46.959999084472656,47.880001068115234,46.91999816894531,47.400001525878906,19.588279724121094,12500
2015-11-19,47.599998474121094,47.68000030517578,46.7599983215332,46.84000015258789,19.356849670410156,6900
2015-11-20,47.040000915527344,47.560001373291016,46.040000915527344,46.31999969482422,19.141963958740234,15975
2015-11-23,46.0,46.79999923706055,45.880001068115234,46.15999984741211,19.075847625732422,11650
2015-11-24,46.47999954223633,47.08000183105469,46.20000076293945,46.959999084472656,19.406448364257812,16950
2015-11-25,46.560001373291016,47.560001373291016,46.47999954223633,47.31999969482422,19.555227279663086,11300
2015-11-27,47.20000076293945,48.439998626708984,47.20000076293945,47.7599983215332,19.737049102783203,11250
2015-11-30,47.63999938964844,48.560001373291016,47.400001525878906,48.08000183105469,19.86929702758789,14500
2015-12-01,48.20000076293945,48.63999938964844,47.720001220703125,48.279998779296875,19.951942443847656,17050
2015-12-02,48.040000915527344,48.15999984741211,46.84000015258789,47.040000915527344,19.439512252807617,27000
2015-12-03,46.959999084472656,47.400001525878906,45.040000915527344,45.040000915527344,18.61299705505371,24450
2015-12-04,44.7599983215332,45.0,42.15999984741211,42.400001525878906,17.522005081176758,36075
2015-12-07,41.599998474121094,41.599998474121094,38.2400016784668,38.63999938964844,15.968165397644043,28125
2015-12-08,36.84000015258789,39.79999923706055,36.84000015258789,38.880001068115234,16.06734848022461,20050
2015-12-09,39.08000183105469,41.20000076293945,39.08000183105469,40.2400016784668,16.629371643066406,9025
2015-12-10,40.52000045776367,41.36000061035156,40.439998626708984,40.720001220703125,16.82773780822754,12425
2015-12-11,40.36000061035156,40.36000061035156,38.599998474121094,38.599998474121094,15.951635360717773,10925
2015-12-14,38.119998931884766,38.20000076293945,36.36000061035156,36.439998626708984,15.059011459350586,20200
2015-12-15,36.599998474121094,36.91999816894531,35.279998779296875,36.7599983215332,15.342818260192871,14750
2015-12-16,36.79999923706055,38.52000045776367,36.79999923706055,38.2400016784668,15.960549354553223,12325
2015-12-17,38.0,38.15999984741211,37.47999954223633,37.91999816894531,15.826972007751465,10500
2015-12-18,38.0,39.08000183105469,36.279998779296875,37.0,15.442994117736816,15400
2015-12-21,36.68000030517578,37.08000183105469,36.0,37.0,15.442994117736816,33875
2015-12-22,37.400001525878906,40.2400016784668,37.400001525878906,40.15999984741211,16.761905670166016,15875
2015-12-23,40.79999923706055,44.0,40.79999923706055,43.79999923706055,18.28116798400879,32125
2015-12-24,44.0,44.63999938964844,42.79999923706055,42.79999923706055,17.863792419433594,7700
2015-12-28,42.79999923706055,42.79999923706055,40.599998474121094,41.279998779296875,17.2293643951416,10025
2015-12-29,42.959999084472656,42.959999084472656,40.2400016784668,40.880001068115234,17.062410354614258,20750
2015-12-30,40.47999954223633,41.400001525878906,40.15999984741211,40.52000045776367,16.912166595458984,16950
2015-12-31,40.79999923706055,42.880001068115234,40.119998931884766,42.68000030517578,17.813705444335938,12825
2016-01-04,42.400001525878906,44.15999984741211,42.400001525878906,43.91999816894531,18.33125114440918,7750
2016-01-05,43.91999816894531,44.63999938964844,43.47999954223633,44.599998474121094,18.615068435668945,4175
2016-01-06,43.79999923706055,43.959999084472656,42.040000915527344,42.119998931884766,17.579973220825195,15425
2016-01-07,41.119998931884766,41.599998474121094,40.20000076293945,40.31999969482422,16.82868766784668,6250
2016-01-08,39.720001220703125,41.400001525878906,39.720001220703125,40.20000076293945,16.778600692749023,9550
2016-01-11,40.79999923706055,40.79999923706055,37.63999938964844,38.400001525878906,16.027326583862305,7950
2016-01-12,39.119998931884766,39.20000076293945,35.84000015258789,36.959999084472656,15.426292419433594,15350
2016-01-13,37.31999969482422,37.31999969482422,34.20000076293945,34.279998779296875,14.307724952697754,13050
2016-01-14,34.2400016784668,35.560001373291016,33.52000045776367,35.31999969482422,14.741796493530273,16275
2016-01-15,33.52000045776367,34.119998931884766,33.20000076293945,33.7599983215332,14.235790252685547,10350
2016-01-19,33.84000015258789,34.68000030517578,31.239999771118164,32.15999984741211,13.561102867126465,20100
2016-01-20,30.68000030517578,30.68000030517578,27.200000762939453,29.799999237060547,12.565951347351074,23850
2016-01-21,29.84000015258789,31.1200008392334,29.520000457763672,30.920000076293945,13.038228034973145,9300
2016-01-22,31.719999313354492,34.31999969482422,31.719999313354492,34.2400016784668,14.438183784484863,9475
2016-01-25,33.7599983215332,35.47999954223633,33.560001373291016,33.880001068115234,14.286382675170898,6600
2016-01-26,35.040000915527344,36.52000045776367,33.720001220703125,35.959999084472656,15.163477897644043,11225
2016-01-27,35.599998474121094,36.08000183105469,34.7599983215332,35.560001373291016,14.994799613952637,10175
2016-01-28,36.91999816894531,38.119998931884766,36.63999938964844,37.880001068115234,15.973097801208496,11625
2016-01-29,38.20000076293945,40.720001220703125,36.84000015258789,37.84000015258789,15.95622730255127,19825
2016-02-01,37.52000045776367,37.7599983215332,36.20000076293945,37.31999969482422,15.736960411071777,9325
2016-02-02,36.79999923706055,37.52000045776367,36.040000915527344,36.36000061035156,15.332145690917969,7675
2016-02-03,37.279998779296875,37.279998779296875,35.79999923706055,36.47999954223633,15.382744789123535,5350
2016-02-04,36.91999816894531,39.119998931884766,36.91999816894531,38.720001220703125,16.32729721069336,5500
2016-02-05,38.040000915527344,38.91999816894531,36.880001068115234,37.08000183105469,15.63575267791748,5275
2016-02-08,36.63999938964844,36.63999938964844,33.400001525878906,33.400001525878906,14.083985328674316,10400
2016-02-09,32.040000915527344,32.279998779296875,31.600000381469727,31.639999389648438,13.341829299926758,13650
2016-02-10,32.08000183105469,32.63999938964844,31.479999542236328,32.47999954223633,13.696038246154785,6650
2016-02-11,32.279998779296875,32.279998779296875,30.31999969482422,31.440000534057617,13.257497787475586,13275
2016-02-12,31.84000015258789,32.439998626708984,30.959999084472656,32.400001525878906,13.662307739257812,13750
2016-02-16,32.84000015258789,33.63999938964844,32.560001373291016,33.63999938964844,14.344573974609375,9525
2016-02-17,34.400001525878906,35.7599983215332,34.36000061035156,35.560001373291016,15.163280487060547,6850
2016-02-18,35.880001068115234,35.880001068115234,35.0,35.68000030517578,15.214447975158691,3850
2016-02-19,35.040000915527344,35.439998626708984,34.79999923706055,35.439998626708984,15.112116813659668,2325
2016-02-22,36.439998626708984,37.279998779296875,36.439998626708984,37.040000915527344,15.7943754196167,3450
2016-02-23,37.15999984741211,37.15999984741211,34.91999816894531,35.119998931884766,14.975656509399414,14200
2016-02-24,34.52000045776367,36.400001525878906,34.52000045776367,35.91999816894531,15.316800117492676,9750
2016-02-25,35.52000045776367,37.2400016784668,35.52000045776367,36.79999923706055,15.692044258117676,9625
2016-02-26,37.599998474121094,38.63999938964844,37.439998626708984,37.91999816894531,16.169618606567383,6825
2016-02-29,38.52000045776367,38.880001068115234,38.20000076293945,38.52000045776367,16.42547035217285,3725
2016-03-01,38.599998474121094,38.959999084472656,38.439998626708984,38.63999938964844,16.476640701293945,1700
2016-03-02,38.31999969482422,39.91999816894531,38.31999969482422,39.599998474121094,16.885997772216797,5450
2016-03-03,39.560001373291016,41.0,39.47999954223633,41.0,17.48297882080078,8825
2016-03-04,41.119998931884766,42.63999938964844,40.68000030517578,41.20000076293945,17.568256378173828,10300
2016-03-07,41.0,42.20000076293945,41.0,41.560001373291016,17.721769332885742,24650
2016-03-08,41.47999954223633,41.47999954223633,39.79999923706055,39.79999923706055,16.971281051635742,7125
2016-03-09,40.63999938964844,40.63999938964844,40.040000915527344,40.279998779296875,17.175952911376953,2100
2016-03-10,40.040000915527344,40.08000183105469,39.47999954223633,39.599998474121094,16.885997772216797,2450
2016-03-11,40.439998626708984,40.599998474121094,40.0,40.0,17.056556701660156,3150
2016-03-14,39.880001068115234,40.15999984741211,39.720001220703125,40.15999984741211,17.124786376953125,2025
2016-03-15,39.560001373291016,39.84000015258789,39.15999984741211,39.560001373291016,16.868938446044922,3725
2016-03-16,39.599998474121094,40.880001068115234,39.599998474121094,40.79999923706055,17.557472229003906,6575
2016-03-17,41.2400016784668,42.0,40.880001068115234,41.84000015258789,18.005014419555664,5275
2016-03-18,42.0,42.0,41.36000061035156,41.7599983215332,17.9705867767334,6550
2016-03-21,41.52000045776367,41.52000045776367,40.720001220703125,40.720001220703125,17.523048400878906,2150
2016-03-22,40.52000045776367,41.20000076293945,40.439998626708984,41.040000915527344,17.66074562072754,4100
2016-03-23,40.2400016784668,40.84000015258789,39.52000045776367,39.52000045776367,17.006650924682617,3075
2016-03-24,38.959999084472656,39.68000030517578,38.439998626708984,38.959999084472656,16.765661239624023,2650
2016-03-28,39.68000030517578,39.68000030517578,38.0,38.119998931884766,16.4041805267334,7000
2016-03-29,37.68000030517578,38.040000915527344,37.439998626708984,38.040000915527344,16.3697566986084,2475
2016-03-30,38.560001373291016,39.0,38.47999954223633,38.91999816894531,16.748458862304688,2200
2016-03-31,39.0,39.47999954223633,38.880001068115234,39.47999954223633,16.98943519592285,4700
2016-04-01,39.040000915527344,39.36000061035156,38.36000061035156,38.880001068115234,16.731225967407227,4375
2016-04-04,38.880001068115234,38.880001068115234,38.20000076293945,38.2400016784668,16.45583152770996,2400
2016-04-05,38.15999984741211,38.15999984741211,37.400001525878906,37.68000030517578,16.214839935302734,3275
2016-04-06,37.91999816894531,38.400001525878906,37.79999923706055,38.31999969482422,16.49024772644043,2175
2016-04-07,38.31999969482422,38.52000045776367,37.959999084472656,38.31999969482422,16.49024772644043,1250
2016-04-08,39.31999969482422,39.84000015258789,39.2400016784668,39.36000061035156,16.937795639038086,2025
2016-04-11,40.0,40.36000061035156,39.400001525878906,39.400001525878906,16.955001831054688,10225
2016-04-12,39.52000045776367,41.52000045776367,39.52000045776367,41.52000045776367,17.8673038482666,6875
2016-04-13,41.599998474121094,41.63999938964844,41.119998931884766,41.400001525878906,17.815664291381836,8825
2016-04-14,41.400001525878906,41.400001525878906,40.91999816894531,41.040000915527344,17.815664291381836,7475
2016-04-15,40.880001068115234,41.040000915527344,40.439998626708984,40.439998626708984,17.555206298828125,4250
2016-04-18,40.040000915527344,41.20000076293945,37.439998626708984,41.20000076293945,17.88511848449707,5125
2016-04-19,41.68000030517578,43.599998474121094,41.68000030517578,43.400001525878906,18.84014892578125,8750
2016-04-20,43.36000061035156,44.880001068115234,43.36000061035156,44.400001525878906,19.274269104003906,9400
2016-04-21,44.560001373291016,45.15999984741211,44.439998626708984,44.599998474121094,19.361080169677734,4275
2016-04-22,44.7599983215332,45.47999954223633,44.7599983215332,45.119998931884766,19.586822509765625,5925
2016-04-25,45.119998931884766,45.119998931884766,44.47999954223633,44.560001373291016,19.343708038330078,3425
2016-04-26,44.91999816894531,44.91999816894531,44.279998779296875,44.63999938964844,19.378442764282227,3125
2016-04-27,45.119998931884766,45.91999816894531,44.599998474121094,45.439998626708984,19.72572135925293,6900
2016-04-28,45.63999938964844,45.880001068115234,45.08000183105469,45.279998779296875,19.65626335144043,6300
2016-04-29,45.36000061035156,46.0,44.720001220703125,45.68000030517578,19.82991600036621,5800
2016-05-02,45.400001525878906,45.720001220703125,44.7599983215332,45.279998779296875,19.65626335144043,6925
2016-05-03,44.560001373291016,44.560001373291016,43.439998626708984,43.959999084472656,19.083250045776367,4100
2016-05-04,44.15999984741211,44.439998626708984,43.52000045776367,44.08000183105469,19.135347366333008,4200
2016-05-05,45.31999969482422,45.599998474121094,44.63999938964844,44.79999923706055,19.447904586791992,4475
2016-05-06,44.79999923706055,45.20000076293945,44.68000030517578,44.959999084472656,19.51736068725586,4875
2016-05-09,44.47999954223633,44.52000045776367,43.31999969482422,44.15999984741211,19.170082092285156,6150
2016-05-10,44.08000183105469,44.720001220703125,44.08000183105469,44.2400016784668,19.204801559448242,6150
2016-05-11,44.36000061035156,44.880001068115234,43.880001068115234,44.560001373291016,19.343708038330078,9700
2016-05-12,44.68000030517578,45.15999984741211,44.63999938964844,44.959999084472656,19.51736068725586,11575
2016-05-13,44.560001373291016,45.2400016784668,44.47999954223633,44.79999923706055,19.447904586791992,5000
2016-05-16,45.279998779296875,46.959999084472656,45.279998779296875,46.959999084472656,20.385562896728516,10175
2016-05-17,46.959999084472656,47.7599983215332,46.63999938964844,47.279998779296875,20.524473190307617,6175
2016-05-18,47.08000183105469,47.08000183105469,46.0,46.560001373291016,20.366994857788086,6525
2016-05-19,45.84000015258789,47.279998779296875,45.439998626708984,47.2400016784668,20.664453506469727,3525
2016-05-20,47.52000045776367,48.0,47.20000076293945,48.0,20.996910095214844,7125
2016-05-23,47.7599983215332,48.31999969482422,47.720001220703125,48.15999984741211,21.06690788269043,3550
2016-05-24,48.400001525878906,48.47999954223633,47.91999816894531,48.47999954223633,21.206872940063477,5350
2016-05-25,48.79999923706055,49.20000076293945,48.400001525878906,48.959999084472656,21.416845321655273,8650
2016-05-26,49.31999969482422,49.36000061035156,48.08000183105469,48.720001220703125,21.311864852905273,2125
2016-05-27,48.439998626708984,48.439998626708984,47.31999969482422,48.36000061035156,21.15438461303711,4050
2016-05-31,48.47999954223633,48.7599983215332,48.0,48.20000076293945,21.084396362304688,3025
2016-06-01,47.959999084472656,49.040000915527344,47.7599983215332,49.0,21.43433952331543,9100
2016-06-02,48.31999969482422,49.439998626708984,48.31999969482422,49.400001525878906,21.60932159423828,4925
2016-06-03,49.0,49.720001220703125,48.7599983215332,49.2400016784668,21.53933334350586,5600
2016-06-06,49.68000030517578,50.52000045776367,49.68000030517578,50.47999954223633,22.081756591796875,6900
2016-06-07,50.47999954223633,51.119998931884766,50.47999954223633,50.880001068115234,22.256725311279297,6325
2016-06-08,51.119998931884766,51.439998626708984,50.599998474121094,50.84000015258789,22.239225387573242,12525
2016-06-09,50.08000183105469,51.119998931884766,50.08000183105469,50.880001068115234,22.256725311279297,8075
2016-06-10,50.08000183105469,50.439998626708984,48.91999816894531,49.20000076293945,21.52183723449707,6625
2016-06-13,48.400001525878906,48.91999816894531,47.79999923706055,47.91999816894531,20.96192169189453,6975
2016-06-14,46.880001068115234,47.31999969482422,45.720001220703125,46.84000015258789,20.64457130432129,6125
2016-06-15,46.599998474121094,47.880001068115234,46.279998779296875,47.15999984741211,20.78561782836914,6350
2016-06-16,46.959999084472656,47.119998931884766,45.31999969482422,47.0,20.71509552001953,6750
2016-06-17,47.040000915527344,47.560001373291016,47.040000915527344,47.15999984741211,20.78561782836914,3375
2016-06-20,48.400001525878906,48.400001525878906,47.52000045776367,47.7599983215332,21.05006217956543,4500
2016-06-21,47.880001068115234,48.52000045776367,47.400001525878906,48.52000045776367,21.385034561157227,4750
2016-06-22,48.599998474121094,49.15999984741211,48.20000076293945,48.63999938964844,21.43792152404785,9125
2016-06-23,49.0,49.36000061035156,48.68000030517578,49.31999969482422,21.737625122070312,10600
2016-06-24,48.0,49.36000061035156,47.599998474121094,47.84000015258789,21.0853271484375,9125
2016-06-27,46.959999084472656,48.15999984741211,45.52000045776367,46.400001525878906,20.450647354125977,8225
2016-06-28,46.68000030517578,48.08000183105469,46.47999954223633,48.08000183105469,21.191104888916016,4975
2016-06-29,48.63999938964844,49.040000915527344,48.63999938964844,48.63999938964844,21.43792152404785,8225
2016-06-30,49.0,49.47999954223633,48.31999969482422,49.15999984741211,21.66710662841797,9525
2016-07-01,49.599998474121094,49.7599983215332,49.279998779296875,49.36000061035156,21.755264282226562,7775
2016-07-05,48.599998474121094,48.79999923706055,48.15999984741211,48.79999923706055,21.508441925048828,4950
2016-07-06,48.20000076293945,48.560001373291016,47.720001220703125,48.400001525878906,21.332151412963867,5175
2016-07-07,48.68000030517578,49.119998931884766,47.63999938964844,48.119998931884766,21.208740234375,9925
2016-07-08,48.279998779296875,48.68000030517578,48.2400016784668,48.36000061035156,21.314512252807617,2900
2016-07-11,48.47999954223633,48.880001068115234,48.400001525878906,48.52000045776367,21.385034561157227,7475
2016-07-12,49.119998931884766,50.15999984741211,49.119998931884766,49.91999816894531,22.0020809173584,11775
2016-07-13,50.2400016784668,50.2400016784668,49.15999984741211,49.68000030517578,21.89629364013672,6825
2016-07-14,49.279998779296875,49.63999938964844,48.91999816894531,49.63999938964844,22.038366317749023,14475
2016-07-15,50.2400016784668,50.2400016784668,49.08000183105469,49.439998626708984,21.949569702148438,1975
2016-07-18,49.2400016784668,49.7599983215332,49.2400016784668,49.63999938964844,22.038366317749023,6025
2016-07-19,49.560001373291016,49.720001220703125,49.36000061035156,49.439998626708984,21.949569702148438,4750
2016-07-20,49.439998626708984,50.2400016784668,49.2400016784668,50.15999984741211,22.269227981567383,4400
2016-07-21,50.279998779296875,50.7599983215332,50.040000915527344,50.439998626708984,22.393543243408203,17575
2016-07-22,50.15999984741211,50.68000030517578,50.15999984741211,50.599998474121094,22.464580535888672,3075
2016-07-25,50.31999969482422,50.439998626708984,49.7599983215332,49.880001068115234,22.144914627075195,4250
2016-07-26,50.15999984741211,50.31999969482422,49.2400016784668,49.439998626708984,21.949569702148438,5400
2016-07-27,49.720001220703125,49.959999084472656,49.040000915527344,49.040000915527344,21.771995544433594,2725
2016-07-28,48.79999923706055,49.439998626708984,48.720001220703125,49.040000915527344,21.771995544433594,3425
2016-07-29,48.63999938964844,49.79999923706055,48.52000045776367,49.68000030517578,22.056127548217773,5500
2016-08-01,49.63999938964844,49.63999938964844,48.15999984741211,48.47999954223633,21.523372650146484,6250
2016-08-02,48.63999938964844,48.959999084472656,47.63999938964844,47.959999084472656,21.29251480102539,4275
2016-08-03,48.119998931884766,49.560001373291016,48.08000183105469,49.31999969482422,21.896291732788086,15200
2016-08-04,49.52000045776367,50.400001525878906,49.15999984741211,49.84000015258789,22.12715721130371,9350
2016-08-05,50.15999984741211,50.2400016784668,49.91999816894531,50.15999984741211,22.269227981567383,6225
2016-08-08,50.63999938964844,50.959999084472656,50.2400016784668,50.599998474121094,22.464580535888672,6675
2016-08-09,51.0,51.0,49.84000015258789,50.119998931884766,22.251462936401367,5300
2016-08-10,50.15999984741211,50.15999984741211,49.31999969482422,49.7599983215332,22.091636657714844,7050
2016-08-11,49.7599983215332,50.15999984741211,49.68000030517578,49.959999084472656,22.18044090270996,6100
2016-08-12,50.2400016784668,50.959999084472656,50.2400016784668,50.880001068115234,22.588884353637695,8775
2016-08-15,50.91999816894531,51.2400016784668,50.68000030517578,51.119998931884766,22.85715675354004,4175
2016-08-16,50.84000015258789,51.63999938964844,50.84000015258789,51.63999938964844,23.08966636657715,6875
2016-08-17,51.79999923706055,51.79999923706055,51.040000915527344,51.279998779296875,22.928707122802734,6825
2016-08-18,51.31999969482422,52.040000915527344,51.31999969482422,52.0,23.25062370300293,11175
2016-08-19,52.20000076293945,52.20000076293945,51.52000045776367,51.7599983215332,23.14332389831543,6850
2016-08-22,51.0,52.040000915527344,50.7599983215332,51.84000015258789,23.179088592529297,20025
2016-08-23,51.63999938964844,52.20000076293945,51.63999938964844,52.119998931884766,23.304285049438477,14850
2016-08-24,52.279998779296875,52.279998779296875,51.47999954223633,51.79999923706055,23.16120719909668,5100
2016-08-25,51.400001525878906,51.7599983215332,51.31999969482422,51.439998626708984,23.000244140625,3675
2016-08-26,51.79999923706055,52.2400016784668,51.36000061035156,51.36000061035156,22.964466094970703,5050
2016-08-29,51.599998474121094,51.68000030517578,51.31999969482422,51.560001373291016,23.053897857666016,2800
2016-08-30,51.560001373291016,51.63999938964844,51.2400016784668,51.52000045776367,23.036012649536133,4900
2016-08-31,51.08000183105469,51.2400016784668,50.63999938964844,51.20000076293945,22.89292335510254,2025
2016-09-01,50.91999816894531,51.31999969482422,50.720001220703125,51.119998931884766,22.85715675354004,3000
2016-09-02,51.599998474121094,52.439998626708984,51.36000061035156,52.439998626708984,23.447359085083008,7375
2016-09-06,52.36000061035156,52.880001068115234,52.279998779296875,52.84000015258789,23.626220703125,7550
2016-09-07,53.0,53.36000061035156,52.880001068115234,53.20000076293945,23.787193298339844,6825
2016-09-08,53.84000015258789,54.31999969482422,53.52000045776367,54.279998779296875,24.270095825195312,10100
2016-09-09,53.880001068115234,54.15999984741211,53.36000061035156,53.47999954223633,23.91238784790039,9550
2016-09-12,52.959999084472656,53.439998626708984,52.599998474121094,52.959999084472656,23.679880142211914,15100
2016-09-13,52.279998779296875,52.279998779296875,50.400001525878906,50.959999084472656,22.78561782836914,6200
2016-09-14,50.599998474121094,51.119998931884766,50.31999969482422,50.439998626708984,22.5531005859375,4875
2016-09-15,50.040000915527344,50.279998779296875,49.79999923706055,50.040000915527344,22.535104751586914,2350
2016-09-16,49.560001373291016,50.0,48.7599983215332,49.84000015258789,22.445039749145508,5700
2016-09-19,49.7599983215332,50.68000030517578,49.560001373291016,50.400001525878906,22.697216033935547,5375
2016-09-20,50.279998779296875,50.959999084472656,50.119998931884766,50.439998626708984,22.715232849121094,6925
2016-09-21,50.79999923706055,51.959999084472656,50.720001220703125,51.959999084472656,23.399749755859375,3400
2016-09-22,52.63999938964844,53.15999984741211,51.91999816894531,53.15999984741211,23.940174102783203,2850
2016-09-23,52.79999923706055,53.720001220703125,52.79999923706055,53.20000076293945,23.95818328857422,1775
2016-09-26,53.15999984741211,53.2400016784668,52.560001373291016,52.720001220703125,23.742019653320312,1850
2016-09-27,52.439998626708984,52.63999938964844,51.880001068115234,52.400001525878906,23.597902297973633,4625
2016-09-28,52.52000045776367,53.439998626708984,51.63999938964844,53.31999969482422,24.012218475341797,2325
2016-09-29,53.439998626708984,53.599998474121094,51.63999938964844,51.7599983215332,23.309690475463867,13025
2016-09-30,51.880001068115234,53.7599983215332,51.7599983215332,52.31999969482422,23.561874389648438,5225
2016-10-03,52.20000076293945,52.36000061035156,51.52000045776367,51.63999938964844,23.255645751953125,15075
2016-10-04,51.599998474121094,52.2400016784668,50.7599983215332,50.959999084472656,22.94940757751465,3700
2016-10-05,51.2400016784668,51.599998474121094,51.119998931884766,51.119998931884766,23.021469116210938,8600
2016-10-06,51.52000045776367,51.599998474121094,50.84000015258789,51.119998931884766,23.021469116210938,12250
2016-10-07,50.84000015258789,51.279998779296875,50.84000015258789,50.84000015258789,22.895383834838867,2325
2016-10-10,51.400001525878906,51.560001373291016,51.0,51.400001525878906,23.147567749023438,3900
2016-10-11,51.31999969482422,51.31999969482422,50.560001373291016,50.720001220703125,22.841333389282227,6450
2016-10-12,50.400001525878906,50.63999938964844,50.2400016784668,50.560001373291016,22.769271850585938,6725
2016-10-13,50.20000076293945,50.400001525878906,49.91999816894531,49.959999084472656,22.499082565307617,7200
2016-10-14,50.08000183105469,50.15999984741211,49.79999923706055,50.119998931884766,22.571125030517578,15000
2016-10-17,49.599998474121094,49.7599983215332,49.36000061035156,49.68000030517578,22.534841537475586,2675
2016-10-18,49.959999084472656,50.400001525878906,49.79999923706055,50.15999984741211,22.752567291259766,2800
2016-10-19,50.2400016784668,51.2400016784668,50.2400016784668,50.720001220703125,23.00658416748047,10125
2016-10-20,50.279998779296875,50.880001068115234,50.279998779296875,50.79999923706055,23.04287338256836,7700
2016-10-21,50.79999923706055,51.31999969482422,50.720001220703125,50.959999084472656,23.115447998046875,2600
2016-10-24,50.959999084472656,51.36000061035156,50.84000015258789,51.31999969482422,23.27873992919922,8475
2016-10-25,51.0,51.0,50.52000045776367,50.599998474121094,22.9521484375,3850
2016-10-26,50.0,50.36000061035156,49.68000030517578,50.15999984741211,22.752567291259766,6825
2016-10-27,50.31999969482422,50.52000045776367,50.0,50.2400016784668,22.788850784301758,2675
2016-10-28,50.119998931884766,50.2400016784668,49.63999938964844,49.68000030517578,22.534841537475586,1500
2016-10-31,49.560001373291016,49.79999923706055,48.31999969482422,48.560001373291016,22.02680778503418,5150
2016-11-01,48.599998474121094,48.63999938964844,47.84000015258789,48.119998931884766,21.827224731445312,6625
2016-11-02,47.91999816894531,47.91999816894531,46.400001525878906,46.880001068115234,21.264759063720703,11625
2016-11-03,47.119998931884766,47.119998931884766,45.84000015258789,45.959999084472656,20.847440719604492,11575
2016-11-04,45.79999923706055,45.84000015258789,45.36000061035156,45.560001373291016,20.666013717651367,2700
2016-11-07,46.0,46.31999969482422,45.68000030517578,46.0,20.865596771240234,4400
2016-11-08,45.63999938964844,46.400001525878906,45.63999938964844,46.119998931884766,20.920026779174805,2950
2016-11-09,46.08000183105469,48.15999984741211,46.08000183105469,47.720001220703125,21.645788192749023,7475
2016-11-10,47.84000015258789,49.0,47.84000015258789,48.84000015258789,22.1538028717041,7200
2016-11-11,48.439998626708984,48.439998626708984,47.79999923706055,48.20000076293945,21.863513946533203,3075
2016-11-14,47.84000015258789,48.720001220703125,47.720001220703125,48.599998474121094,22.044952392578125,7075
2016-11-15,49.0,49.36000061035156,48.2400016784668,49.36000061035156,22.55677032470703,9225
2016-11-16,48.959999084472656,49.720001220703125,48.880001068115234,48.91999816894531,22.355701446533203,5850
2016-11-17,48.91999816894531,49.560001373291016,48.880001068115234,49.20000076293945,22.483661651611328,9700
2016-11-18,49.63999938964844,49.63999938964844,49.0,49.599998474121094,22.666446685791016,2175
2016-11-21,50.47999954223633,50.63999938964844,49.7599983215332,50.63999938964844,23.1417179107666,5150
2016-11-22,50.880001068115234,50.91999816894531,50.20000076293945,50.79999923706055,23.214832305908203,13225
2016-11-23,50.880001068115234,51.0,50.279998779296875,51.0,23.30621910095215,4075
2016-11-25,51.08000183105469,51.20000076293945,50.79999923706055,51.15999984741211,23.379350662231445,2050
2016-11-28,50.91999816894531,51.119998931884766,50.2400016784668,50.2400016784668,22.95891571044922,9500
2016-11-29,49.63999938964844,49.63999938964844,48.20000076293945,49.040000915527344,22.410541534423828,8900
2016-11-30,50.560001373291016,51.08000183105469,50.20000076293945,50.7599983215332,23.196565628051758,9425
2016-12-01,51.880001068115234,51.959999084472656,50.7599983215332,51.20000076293945,23.397621154785156,15800
2016-12-02,50.7599983215332,51.52000045776367,50.720001220703125,51.0,23.30621910095215,4075
2016-12-05,51.63999938964844,51.63999938964844,50.7599983215332,51.2400016784668,23.415910720825195,3525
2016-12-06,51.15999984741211,51.15999984741211,50.84000015258789,50.84000015258789,23.233116149902344,5950
2016-12-07,51.119998931884766,51.2400016784668,50.7599983215332,51.15999984741211,23.379350662231445,8125
2016-12-08,51.0,51.47999954223633,50.959999084472656,51.15999984741211,23.379350662231445,7375
2016-12-09,51.400001525878906,51.439998626708984,51.119998931884766,51.400001525878906,23.489025115966797,7150
2016-12-12,52.63999938964844,52.63999938964844,51.47999954223633,51.68000030517578,23.61697769165039,9400
2016-12-13,52.20000076293945,52.20000076293945,51.279998779296875,51.63999938964844,23.59869956970215,6000
2016-12-14,51.2400016784668,51.720001220703125,50.959999084472656,50.959999084472656,23.28795051574707,5475
2016-12-15,50.52000045776367,50.84000015258789,50.2400016784668,50.599998474121094,23.287944793701172,3450
2016-12-16,50.439998626708984,51.0,50.400001525878906,50.880001068115234,23.416818618774414,4175
2016-12-19,51.0,52.0,51.0,51.720001220703125,23.803422927856445,15650
2016-12-20,52.15999984741211,52.599998474121094,51.959999084472656,52.599998474121094,24.208431243896484,14625
2016-12-21,53.08000183105469,53.439998626708984,52.599998474121094,53.119998931884766,24.44774627685547,13275
2016-12-22,53.47999954223633,54.52000045776367,53.47999954223633,54.0,24.852754592895508,4950
2016-12-23,53.599998474121094,54.47999954223633,53.599998474121094,54.439998626708984,25.055259704589844,8450
2016-12-27,54.7599983215332,54.959999084472656,54.560001373291016,54.7599983215332,25.20252799987793,4025
2016-12-28,54.560001373291016,55.31999969482422,54.15999984741211,54.2400016784668,24.963212966918945,8350
2016-12-29,54.0,55.31999969482422,53.91999816894531,54.119998931884766,24.90797996520996,7250
2016-12-30,54.08000183105469,54.36000061035156,53.2400016784668,54.36000061035156,25.018436431884766,9025
2017-01-03,54.52000045776367,55.20000076293945,54.31999969482422,55.0,25.312986373901367,5600
2017-01-04,55.15999984741211,55.880001068115234,55.119998931884766,55.84000015258789,25.699586868286133,8725
2017-01-05,55.599998474121094,56.20000076293945,55.599998474121094,56.040000915527344,25.79163932800293,2700
2017-01-06,56.36000061035156,56.439998626708984,55.84000015258789,56.2400016784668,25.883684158325195,3550
2017-01-09,56.279998779296875,56.400001525878906,55.7599983215332,55.79999923706055,25.681175231933594,6825
2017-01-10,55.63999938964844,55.63999938964844,54.79999923706055,54.79999923706055,25.220937728881836,5175
2017-01-11,54.84000015258789,55.2400016784668,54.400001525878906,55.20000076293945,25.405031204223633,6225
2017-01-12,55.79999923706055,55.79999923706055,54.91999816894531,55.119998931884766,25.368209838867188,3475
2017-01-13,55.08000183105469,55.439998626708984,54.880001068115234,55.0,25.312986373901367,4325
2017-01-17,55.599998474121094,55.7599983215332,55.20000076293945,55.439998626708984,25.515485763549805,4075
2017-01-18,55.08000183105469,55.15999984741211,54.439998626708984,54.959999084472656,25.459897994995117,5150
2017-01-19,54.68000030517578,55.279998779296875,54.439998626708984,54.7599983215332,25.367265701293945,15950
2017-01-20,54.91999816894531,55.400001525878906,54.91999816894531,55.20000076293945,25.571090698242188,3500
2017-01-23,55.20000076293945,55.31999969482422,54.880001068115234,55.2400016784668,25.589609146118164,1750
2017-01-24,55.36000061035156,56.439998626708984,55.36000061035156,56.279998779296875,26.071382522583008,9625
2017-01-25,56.68000030517578,57.439998626708984,56.68000030517578,57.400001525878906,26.590229034423828,12925
2017-01-26,57.91999816894531,58.36000061035156,57.68000030517578,57.959999084472656,26.849624633789062,12475
2017-01-27,58.0,58.0,57.20000076293945,57.720001220703125,26.738449096679688,5975
2017-01-30,57.119998931884766,57.119998931884766,56.439998626708984,56.63999938964844,26.2381534576416,5900
2017-01-31,57.119998931884766,57.119998931884766,56.400001525878906,56.91999816894531,26.367856979370117,5950
2017-02-01,57.400001525878906,58.040000915527344,57.400001525878906,58.0,26.868167877197266,7100
2017-02-02,58.31999969482422,58.560001373291016,57.79999923706055,58.560001373291016,27.127586364746094,7350
2017-02-03,59.2400016784668,59.560001373291016,58.79999923706055,59.439998626708984,27.53523063659668,8975
2017-02-06,59.47999954223633,59.7599983215332,59.47999954223633,59.63999938964844,27.627883911132812,13525
2017-02-07,59.560001373291016,59.560001373291016,58.79999923706055,59.36000061035156,27.49818992614746,10625
2017-02-08,59.36000061035156,59.439998626708984,58.31999969482422,59.08000183105469,27.368471145629883,6025
2017-02-09,59.439998626708984,59.84000015258789,59.2400016784668,59.79999923706055,27.702007293701172,8625
2017-02-10,60.08000183105469,60.31999969482422,59.720001220703125,59.84000015258789,27.720537185668945,10050
2017-02-13,59.79999923706055,59.79999923706055,59.15999984741211,59.439998626708984,27.53523063659668,8850
2017-02-14,60.0,60.0,59.279998779296875,59.79999923706055,27.702007293701172,11050
2017-02-15,59.63999938964844,59.7599983215332,59.279998779296875,59.560001373291016,27.757938385009766,6450
2017-02-16,59.52000045776367,60.0,58.599998474121094,58.68000030517578,27.347808837890625,10825
2017-02-17,58.63999938964844,58.63999938964844,58.0,58.279998779296875,27.1613826751709,7775
2017-02-21,59.08000183105469,59.20000076293945,58.84000015258789,59.0,27.496952056884766,6125
2017-02-22,58.63999938964844,59.0,58.20000076293945,58.20000076293945,27.124116897583008,4475
2017-02-23,58.959999084472656,59.0,57.91999816894531,58.119998931884766,27.086816787719727,4300
2017-02-24,58.0,58.08000183105469,57.20000076293945,57.279998779296875,26.695341110229492,4650
2017-02-27,57.84000015258789,57.84000015258789,57.08000183105469,57.400001525878906,26.75126075744629,11475
2017-02-28,57.47999954223633,57.599998474121094,57.2400016784668,57.599998474121094,26.844482421875,7125
2017-03-01,58.2400016784668,58.560001373291016,57.7599983215332,57.959999084472656,27.012248992919922,7675
2017-03-02,57.84000015258789,58.20000076293945,57.84000015258789,57.959999084472656,27.012248992919922,4000
2017-03-03,58.36000061035156,58.36000061035156,58.119998931884766,58.119998931884766,27.086816787719727,1950
2017-03-06,58.20000076293945,58.20000076293945,57.7599983215332,57.84000015258789,26.956323623657227,13475
2017-03-07,57.79999923706055,58.040000915527344,57.63999938964844,57.84000015258789,26.956323623657227,2800
2017-03-08,57.63999938964844,57.959999084472656,56.52000045776367,56.84000015258789,26.49028968811035,6200
2017-03-09,56.560001373291016,56.560001373291016,53.880001068115234,55.400001525878906,25.819164276123047,13675
2017-03-10,55.599998474121094,55.599998474121094,54.47999954223633,55.08000183105469,25.670040130615234,8150
2017-03-13,55.31999969482422,55.599998474121094,54.63999938964844,55.20000076293945,25.7259521484375,4200
2017-03-14,54.79999923706055,54.880001068115234,53.880001068115234,54.279998779296875,25.297195434570312,7950
2017-03-15,54.2400016784668,56.47999954223633,54.2400016784668,55.36000061035156,25.800521850585938,8075
2017-03-16,55.439998626708984,55.439998626708984,54.7599983215332,54.959999084472656,25.781755447387695,2775
2017-03-17,55.08000183105469,55.2400016784668,54.79999923706055,54.84000015258789,25.7254638671875,3725
2017-03-20,54.68000030517578,54.79999923706055,54.2400016784668,54.439998626708984,25.53782081604004,3675
2017-03-21,54.959999084472656,54.959999084472656,53.47999954223633,53.68000030517578,25.18130111694336,3550
2017-03-22,53.599998474121094,53.599998474121094,53.20000076293945,53.400001525878906,25.04996109008789,5400
2017-03-23,53.52000045776367,54.20000076293945,53.31999969482422,53.720001220703125,25.2000675201416,7575
2017-03-24,54.040000915527344,54.36000061035156,53.880001068115234,54.31999969482422,25.481536865234375,3650
2017-03-27,54.2400016784668,54.2400016784668,53.47999954223633,53.79999923706055,25.237594604492188,3250
2017-03-28,53.959999084472656,54.400001525878906,53.91999816894531,54.31999969482422,25.481536865234375,3900
2017-03-29,54.560001373291016,55.52000045776367,54.36000061035156,55.36000061035156,25.96939468383789,3250
2017-03-30,55.68000030517578,55.68000030517578,55.15999984741211,55.279998779296875,25.9318790435791,3900
2017-03-31,55.400001525878906,55.91999816894531,55.400001525878906,55.84000015258789,26.1945743560791,4175
2017-04-03,56.119998931884766,56.36000061035156,55.439998626708984,56.040000915527344,26.28838539123535,5100
2017-04-04,55.7599983215332,56.52000045776367,55.7599983215332,56.36000061035156,26.438499450683594,4300
2017-04-05,57.400001525878906,57.400001525878906,56.20000076293945,56.47999954223633,26.49479866027832,6225
2017-04-06,56.84000015258789,57.20000076293945,56.720001220703125,57.15999984741211,26.813793182373047,2475
2017-04-07,57.63999938964844,57.63999938964844,57.279998779296875,57.52000045776367,26.982654571533203,3325
2017-04-10,57.7599983215332,57.79999923706055,57.47999954223633,57.68000030517578,27.057706832885742,3700
2017-04-11,58.0,58.0,57.2400016784668,57.560001373291016,27.001428604125977,5775
2017-04-12,57.31999969482422,57.31999969482422,56.47999954223633,56.68000030517578,26.755950927734375,4525
2017-04-13,56.880001068115234,56.959999084472656,56.15999984741211,56.439998626708984,26.642656326293945,4200
2017-04-17,56.279998779296875,56.36000061035156,55.400001525878906,55.560001373291016,26.227249145507812,5500
2017-04-18,55.47999954223633,55.720001220703125,55.279998779296875,55.560001373291016,26.227249145507812,3575
2017-04-19,55.91999816894531,55.91999816894531,55.52000045776367,55.52000045776367,26.208370208740234,1425
2017-04-20,55.68000030517578,55.68000030517578,55.040000915527344,55.119998931884766,26.019548416137695,3125
2017-04-21,55.0,55.0,54.599998474121094,54.63999938964844,25.792953491210938,2775
2017-04-24,54.959999084472656,55.20000076293945,54.720001220703125,55.20000076293945,26.057315826416016,1400
2017-04-25,55.36000061035156,55.63999938964844,55.279998779296875,55.52000045776367,26.208370208740234,4850
2017-04-26,55.400001525878906,55.959999084472656,55.400001525878906,55.63999938964844,26.265018463134766,4025
2017-04-27,55.68000030517578,55.68000030517578,55.20000076293945,55.63999938964844,26.265018463134766,4200
2017-04-28,55.79999923706055,55.880001068115234,55.47999954223633,55.47999954223633,26.18949317932129,4625
2017-05-01,55.599998474121094,55.720001220703125,55.400001525878906,55.68000030517578,26.283899307250977,3200
2017-05-02,55.91999816894531,55.959999084472656,55.2400016784668,55.439998626708984,26.170602798461914,5050
2017-05-03,55.63999938964844,55.63999938964844,54.20000076293945,54.279998779296875,25.623023986816406,5000
2017-05-04,54.2400016784668,54.2400016784668,52.400001525878906,52.400001525878906,24.735553741455078,7950
2017-05-05,52.279998779296875,53.31999969482422,52.279998779296875,52.52000045776367,24.79220199584961,9525
2017-05-08,52.52000045776367,53.400001525878906,52.36000061035156,53.31999969482422,25.169849395751953,10400
2017-05-09,52.91999816894531,53.47999954223633,52.84000015258789,53.040000915527344,25.03766441345215,11175
2017-05-10,53.47999954223633,53.880001068115234,52.84000015258789,53.560001373291016,25.283143997192383,8725
2017-05-11,54.0,54.0,53.439998626708984,53.47999954223633,25.245378494262695,4475
2017-05-12,53.84000015258789,53.84000015258789,53.52000045776367,53.599998474121094,25.30202293395996,6025
2017-05-15,54.36000061035156,54.599998474121094,53.959999084472656,54.2400016784668,25.604141235351562,8075
2017-05-16,54.560001373291016,54.560001373291016,53.79999923706055,53.79999923706055,25.39643096923828,7925
2017-05-17,53.47999954223633,53.52000045776367,52.560001373291016,52.63999938964844,25.016250610351562,6575
2017-05-18,52.63999938964844,54.400001525878906,52.20000076293945,52.439998626708984,24.92120933532715,19100
2017-05-19,52.599998474121094,53.2400016784668,52.599998474121094,52.880001068115234,25.130311965942383,8100
2017-05-22,53.20000076293945,53.400001525878906,52.7599983215332,53.2400016784668,25.30139923095703,4250
2017-05-23,53.040000915527344,53.79999923706055,53.040000915527344,53.79999923706055,25.5675106048584,7675
2017-05-24,53.84000015258789,53.91999816894531,53.279998779296875,53.31999969482422,25.339405059814453,7225
2017-05-25,53.47999954223633,53.84000015258789,52.720001220703125,53.040000915527344,25.206336975097656,10425
2017-05-26,53.08000183105469,53.119998931884766,52.84000015258789,53.08000183105469,25.22535514831543,2400
2017-05-30,53.08000183105469,53.08000183105469,52.08000183105469,52.08000183105469,24.750118255615234,4475
2017-05-31,52.0,52.040000915527344,51.439998626708984,51.599998474121094,24.52200698852539,4875
2017-06-01,51.79999923706055,52.20000076293945,51.599998474121094,52.040000915527344,24.731107711791992,5350
2017-06-02,51.79999923706055,52.040000915527344,51.2400016784668,51.2400016784668,24.35092544555664,4450
2017-06-05,51.20000076293945,51.599998474121094,51.119998931884766,51.20000076293945,24.33191680908203,5025
2017-06-06,51.08000183105469,51.599998474121094,51.040000915527344,51.47999954223633,24.46498680114746,3475
2017-06-07,51.119998931884766,51.439998626708984,50.20000076293945,50.20000076293945,23.856689453125,5000
2017-06-08,49.959999084472656,49.959999084472656,49.040000915527344,49.439998626708984,23.495500564575195,5475
2017-06-09,49.79999923706055,50.15999984741211,49.47999954223633,49.63999938964844,23.590557098388672,6250
2017-06-12,50.08000183105469,50.15999984741211,49.7599983215332,49.7599983215332,23.647581100463867,5825
2017-06-13,49.68000030517578,50.040000915527344,49.599998474121094,49.880001068115234,23.704608917236328,3250
2017-06-14,49.68000030517578,49.68000030517578,48.560001373291016,48.68000030517578,23.302515029907227,7250
2017-06-15,48.439998626708984,48.439998626708984,47.15999984741211,47.2400016784668,22.613204956054688,6450
2017-06-16,47.63999938964844,48.08000183105469,46.52000045776367,47.400001525878906,22.689794540405273,14525
2017-06-19,47.68000030517578,47.79999923706055,47.15999984741211,47.439998626708984,22.70894432067871,5600
2017-06-20,46.63999938964844,46.63999938964844,45.2400016784668,45.560001373291016,21.809009552001953,9150
2017-06-21,45.959999084472656,46.0,44.599998474121094,45.20000076293945,21.636686325073242,13125
2017-06-22,45.52000045776367,46.20000076293945,44.959999084472656,45.7599983215332,21.904747009277344,6625
2017-06-23,45.880001068115234,46.560001373291016,45.439998626708984,46.52000045776367,22.268545150756836,5025
2017-06-26,46.279998779296875,47.68000030517578,46.279998779296875,47.68000030517578,22.823827743530273,11125
2017-06-27,47.52000045776367,48.400001525878906,47.36000061035156,47.84000015258789,22.90041160583496,4500
2017-06-28,48.279998779296875,48.91999816894531,48.040000915527344,48.84000015258789,23.37909698486328,9150
2017-06-29,48.79999923706055,49.279998779296875,48.68000030517578,49.08000183105469,23.493982315063477,2625
2017-06-30,49.52000045776367,49.52000045776367,49.0,49.08000183105469,23.493982315063477,7875
2017-07-03,49.15999984741211,49.599998474121094,48.880001068115234,49.52000045776367,23.704601287841797,6250
2017-07-05,49.279998779296875,49.79999923706055,48.880001068115234,48.880001068115234,23.39825439453125,3300
2017-07-06,49.31999969482422,49.439998626708984,48.68000030517578,48.880001068115234,23.39825439453125,6500
2017-07-07,48.52000045776367,49.20000076293945,48.119998931884766,48.959999084472656,23.436552047729492,3650
2017-07-10,48.91999816894531,49.279998779296875,48.63999938964844,48.63999938964844,23.28336524963379,5275
2017-07-11,48.36000061035156,48.880001068115234,48.15999984741211,48.439998626708984,23.187633514404297,2875
2017-07-12,48.880001068115234,49.20000076293945,48.720001220703125,49.08000183105469,23.493982315063477,4150
2017-07-13,49.31999969482422,49.36000061035156,49.119998931884766,49.31999969482422,23.608869552612305,3500
2017-07-14,48.959999084472656,49.880001068115234,48.91999816894531,49.880001068115234,24.052505493164062,1750
2017-07-17,49.91999816894531,50.439998626708984,49.439998626708984,50.040000915527344,24.129657745361328,1925
2017-07-18,50.119998931884766,50.720001220703125,50.040000915527344,50.2400016784668,24.226091384887695,2950
2017-07-19,50.20000076293945,50.63999938964844,49.91999816894531,50.15999984741211,24.18752098083496,6000
2017-07-20,50.439998626708984,50.439998626708984,49.880001068115234,50.119998931884766,24.168231964111328,2675
2017-07-21,50.119998931884766,50.119998931884766,49.63999938964844,49.68000030517578,23.956069946289062,2225
2017-07-24,49.68000030517578,49.68000030517578,49.47999954223633,49.599998474121094,23.917482376098633,3325
2017-07-25,49.79999923706055,49.79999923706055,49.599998474121094,49.7599983215332,23.99463653564453,3325
2017-07-26,50.119998931884766,50.119998931884766,49.560001373291016,49.720001220703125,23.97534942626953,2975
2017-07-27,49.560001373291016,49.560001373291016,49.08000183105469,49.119998931884766,23.686031341552734,4925
2017-07-28,49.31999969482422,49.7599983215332,49.119998931884766,49.7599983215332,23.99463653564453,2325
2017-07-31,49.31999969482422,49.7599983215332,49.31999969482422,49.599998474121094,23.917482376098633,2950
2017-08-01,49.79999923706055,49.84000015258789,49.599998474121094,49.79999923706055,24.01392936706543,4775
2017-08-02,49.79999923706055,49.79999923706055,49.279998779296875,49.63999938964844,23.936777114868164,3350
2017-08-03,49.52000045776367,49.68000030517578,48.84000015258789,48.84000015258789,23.551000595092773,6825
2017-08-04,49.15999984741211,49.15999984741211,48.599998474121094,48.599998474121094,23.435279846191406,3325
2017-08-07,48.599998474121094,48.599998474121094,48.0,48.400001525878906,23.338838577270508,5400
2017-08-08,48.0,48.52000045776367,47.63999938964844,47.68000030517578,22.991647720336914,14925
2017-08-09,47.91999816894531,48.2400016784668,47.599998474121094,47.880001068115234,23.088083267211914,5450
2017-08-10,47.79999923706055,47.880001068115234,46.040000915527344,47.31999969482422,22.818056106567383,7425
2017-08-11,47.52000045776367,47.52000045776367,46.08000183105469,46.20000076293945,22.277984619140625,7075
2017-08-14,46.279998779296875,47.0,46.279998779296875,46.63999938964844,22.490150451660156,4375
2017-08-15,46.040000915527344,46.040000915527344,45.15999984741211,45.720001220703125,22.218015670776367,7075
2017-08-16,45.720001220703125,46.279998779296875,45.63999938964844,46.0,22.35408592224121,7400
2017-08-17,46.119998931884766,46.119998931884766,45.63999938964844,46.040000915527344,22.37352180480957,6250
2017-08-18,45.68000030517578,45.91999816894531,44.720001220703125,45.2400016784668,21.984756469726562,10925
2017-08-21,45.47999954223633,46.0,44.599998474121094,45.20000076293945,21.965320587158203,10725
2017-08-22,45.63999938964844,46.400001525878906,45.63999938964844,46.119998931884766,22.412389755249023,9425
2017-08-23,45.7599983215332,47.15999984741211,45.7599983215332,46.52000045776367,22.60677719116211,9025
2017-08-24,46.31999969482422,47.0,46.31999969482422,46.880001068115234,22.78173065185547,6550
2017-08-25,47.119998931884766,47.20000076293945,46.7599983215332,47.15999984741211,22.91779327392578,4275
2017-08-28,46.880001068115234,47.15999984741211,46.47999954223633,46.7599983215332,22.723403930664062,6250
2017-08-29,46.63999938964844,47.15999984741211,46.20000076293945,47.040000915527344,22.859485626220703,5350
2017-08-30,46.7599983215332,47.15999984741211,46.720001220703125,47.15999984741211,22.91779327392578,7450
2017-08-31,47.20000076293945,47.959999084472656,47.08000183105469,47.959999084472656,23.30655860900879,8725
2017-09-01,47.720001220703125,48.79999923706055,47.720001220703125,48.31999969482422,23.481510162353516,4875
2017-09-05,48.400001525878906,48.79999923706055,47.63999938964844,47.68000030517578,23.170490264892578,6150
2017-09-06,48.08000183105469,48.08000183105469,47.63999938964844,47.720001220703125,23.18992805480957,6425
2017-09-07,47.720001220703125,47.79999923706055,47.439998626708984,47.599998474121094,23.131622314453125,8800
2017-09-08,47.36000061035156,47.52000045776367,46.68000030517578,46.68000030517578,22.684528350830078,5525
2017-09-11,46.68000030517578,47.20000076293945,46.68000030517578,47.08000183105469,22.87891960144043,7350
2017-09-12,47.15999984741211,47.279998779296875,46.880001068115234,47.15999984741211,22.91779327392578,5875
2017-09-13,47.15999984741211,47.720001220703125,46.84000015258789,47.68000030517578,23.170490264892578,7550
2017-09-14,47.599998474121094,48.400001525878906,47.31999969482422,47.31999969482422,22.99555206298828,6725
2017-09-15,47.15999984741211,47.36000061035156,46.20000076293945,46.63999938964844,22.838844299316406,12875
2017-09-18,46.880001068115234,47.15999984741211,46.560001373291016,46.91999816894531,22.975963592529297,13650
2017-09-19,47.15999984741211,47.400001525878906,46.52000045776367,47.08000183105469,23.05430793762207,8225
2017-09-20,47.400001525878906,47.47999954223633,47.119998931884766,47.20000076293945,23.113082885742188,7900
2017-09-21,47.36000061035156,47.36000061035156,46.560001373291016,46.560001373291016,22.799671173095703,6825
2017-09-22,46.720001220703125,47.119998931884766,46.560001373291016,46.91999816894531,22.975963592529297,3250
2017-09-25,47.279998779296875,48.52000045776367,47.20000076293945,48.52000045776367,23.75945472717285,7125
2017-09-26,47.959999084472656,48.20000076293945,47.84000015258789,48.119998931884766,23.563575744628906,9400
2017-09-27,48.15999984741211,48.31999969482422,47.52000045776367,47.880001068115234,23.446054458618164,5850
2017-09-28,48.20000076293945,48.2400016784668,47.68000030517578,47.79999923706055,23.406883239746094,6050
2017-09-29,47.599998474121094,48.31999969482422,47.599998474121094,48.2400016784668,23.622337341308594,2850
2017-10-02,48.08000183105469,48.52000045776367,47.63999938964844,48.36000061035156,23.681102752685547,6925
2017-10-03,48.36000061035156,48.720001220703125,48.2400016784668,48.720001220703125,23.857393264770508,4875
2017-10-04,48.7599983215332,48.84000015258789,48.31999969482422,48.63999938964844,23.818214416503906,7925
2017-10-05,48.84000015258789,49.0,48.720001220703125,48.91999816894531,23.955324172973633,4175
2017-10-06,48.7599983215332,48.7599983215332,48.400001525878906,48.560001373291016,23.7790470123291,1950
2017-10-09,48.79999923706055,49.08000183105469,48.52000045776367,48.599998474121094,23.798625946044922,3575
2017-10-10,48.63999938964844,49.040000915527344,48.560001373291016,48.63999938964844,23.818214416503906,5000
2017-10-11,48.560001373291016,49.08000183105469,48.560001373291016,48.84000015258789,23.91614532470703,5800
2017-10-12,48.63999938964844,48.91999816894531,48.36000061035156,48.84000015258789,23.91614532470703,8200
2017-10-13,49.560001373291016,49.560001373291016,48.880001068115234,49.0,23.994510650634766,5900
2017-10-16,49.400001525878906,49.400001525878906,48.47999954223633,48.63999938964844,23.818214416503906,7225
2017-10-17,48.08000183105469,48.08000183105469,47.279998779296875,47.400001525878906,23.384082794189453,5725
2017-10-18,47.47999954223633,48.08000183105469,46.560001373291016,46.560001373291016,22.96967124938965,5575
2017-10-19,46.2400016784668,46.720001220703125,46.2400016784668,46.63999938964844,23.00914764404297,5675
2017-10-20,46.439998626708984,46.47999954223633,45.880001068115234,46.08000183105469,22.732872009277344,7425
2017-10-23,46.400001525878906,46.400001525878906,44.959999084472656,44.959999084472656,22.180341720581055,11775
2017-10-24,44.959999084472656,45.08000183105469,44.400001525878906,45.040000915527344,22.21981430053711,15150
2017-10-25,44.7599983215332,44.7599983215332,43.20000076293945,43.400001525878906,21.410737991333008,9700
2017-10-26,43.400001525878906,44.279998779296875,43.20000076293945,43.7599983215332,21.588333129882812,11450
2017-10-27,44.040000915527344,45.47999954223633,44.040000915527344,44.63999938964844,22.022480010986328,14975
2017-10-30,44.91999816894531,45.439998626708984,44.279998779296875,44.63999938964844,22.022480010986328,10250
2017-10-31,44.439998626708984,44.720001220703125,43.959999084472656,44.279998779296875,21.84487533569336,7000
2017-11-01,44.599998474121094,45.279998779296875,44.599998474121094,44.91999816894531,22.16061019897461,13300
2017-11-02,44.68000030517578,45.0,43.15999984741211,43.79999923706055,21.60807228088379,16300
2017-11-03,43.439998626708984,44.36000061035156,43.439998626708984,44.08000183105469,21.746212005615234,12975
2017-11-06,44.79999923706055,44.79999923706055,44.119998931884766,44.560001373291016,21.98301124572754,16950
2017-11-07,44.7599983215332,45.0,44.560001373291016,44.720001220703125,22.06195068359375,18850
2017-11-08,44.720001220703125,44.91999816894531,43.959999084472656,44.08000183105469,21.746212005615234,21150
2017-11-09,43.84000015258789,44.279998779296875,43.599998474121094,43.720001220703125,21.5686092376709,9775
2017-11-10,43.79999923706055,44.15999984741211,43.119998931884766,43.2400016784668,21.33180809020996,13100
2017-11-13,43.47999954223633,43.47999954223633,42.36000061035156,42.400001525878906,20.91741180419922,18500
2017-11-14,42.400001525878906,42.52000045776367,41.31999969482422,41.52000045776367,20.48326873779297,19125
2017-11-15,41.040000915527344,41.20000076293945,40.0,41.08000183105469,20.443466186523438,21425
2017-11-16,41.08000183105469,41.20000076293945,40.560001373291016,40.68000030517578,20.244401931762695,12600
2017-11-17,40.880001068115234,41.31999969482422,40.63999938964844,41.279998779296875,20.542987823486328,11650
2017-11-20,41.119998931884766,41.52000045776367,40.560001373291016,41.47999954223633,20.642518997192383,14050
2017-11-21,41.79999923706055,41.79999923706055,40.79999923706055,41.47999954223633,20.642518997192383,10700
2017-11-22,41.79999923706055,41.79999923706055,40.79999923706055,41.63999938964844,20.72213363647461,7950
2017-11-24,42.040000915527344,42.439998626708984,41.91999816894531,42.439998626708984,21.12026596069336,4500
2017-11-27,42.560001373291016,42.560001373291016,41.36000061035156,41.599998474121094,20.70223617553711,12250
2017-11-28,41.63999938964844,41.63999938964844,40.560001373291016,40.68000030517578,20.244401931762695,19775
2017-11-29,41.0,41.0,40.08000183105469,40.720001220703125,20.264310836791992,22550
2017-11-30,40.63999938964844,43.36000061035156,40.63999938964844,42.91999816894531,21.359128952026367,26875
2017-12-01,43.599998474121094,44.91999816894531,43.20000076293945,44.720001220703125,22.254913330078125,27325
2017-12-04,44.720001220703125,45.0,44.119998931884766,44.119998931884766,21.956323623657227,18625
2017-12-05,44.36000061035156,44.36000061035156,43.279998779296875,43.52000045776367,21.6577205657959,8425
2017-12-06,43.560001373291016,43.560001373291016,41.91999816894531,42.040000915527344,20.921199798583984,11400
2017-12-07,42.08000183105469,43.0,41.7599983215332,42.880001068115234,21.339223861694336,11975
2017-12-08,43.15999984741211,43.79999923706055,43.15999984741211,43.560001373291016,21.677629470825195,9800
2017-12-11,43.7599983215332,45.36000061035156,43.7599983215332,45.36000061035156,22.57340431213379,10150
2017-12-12,45.36000061035156,46.959999084472656,45.15999984741211,46.560001373291016,23.170578002929688,9000
2017-12-13,46.52000045776367,47.439998626708984,44.79999923706055,45.20000076293945,22.49378204345703,21500
2017-12-14,45.400001525878906,46.36000061035156,45.400001525878906,45.439998626708984,22.613216400146484,10525
2017-12-15,45.36000061035156,45.439998626708984,44.84000015258789,44.84000015258789,22.492828369140625,5075
2017-12-18,45.15999984741211,45.959999084472656,45.15999984741211,45.560001373291016,22.85399055480957,10150
2017-12-19,45.68000030517578,46.119998931884766,45.599998474121094,45.91999816894531,23.034576416015625,14975
2017-12-20,46.0,46.0,45.31999969482422,45.52000045776367,22.83392333984375,11825
2017-12-21,45.560001373291016,46.20000076293945,45.560001373291016,46.0,23.074716567993164,7225
2017-12-22,46.20000076293945,46.400001525878906,45.63999938964844,46.400001525878906,23.275352478027344,11025
2017-12-26,46.52000045776367,47.15999984741211,46.400001525878906,47.08000183105469,23.616458892822266,16600
2017-12-27,47.20000076293945,47.20000076293945,46.47999954223633,47.15999984741211,23.65658950805664,7325
2017-12-28,47.279998779296875,47.7599983215332,47.08000183105469,47.599998474121094,23.87731170654297,11475
2017-12-29,47.68000030517578,48.31999969482422,47.52000045776367,47.7599983215332,23.95755386352539,9050
2018-01-02,48.08000183105469,49.36000061035156,48.040000915527344,48.79999923706055,24.479244232177734,13450
2018-01-03,49.040000915527344,51.20000076293945,48.47999954223633,51.20000076293945,25.683147430419922,20650
2018-01-04,51.20000076293945,51.279998779296875,50.63999938964844,51.2400016784668,25.703216552734375,11050
2018-01-05,51.439998626708984,51.560001373291016,50.68000030517578,51.560001373291016,25.863731384277344,11200
2018-01-08,51.2400016784668,51.2400016784668,50.20000076293945,50.279998779296875,25.221654891967773,23875
2018-01-09,50.63999938964844,50.63999938964844,49.63999938964844,49.79999923706055,24.980876922607422,13250
2018-01-10,49.63999938964844,50.20000076293945,49.2400016784668,49.31999969482422,24.74009895324707,15750
2018-01-11,49.599998474121094,50.84000015258789,49.599998474121094,50.84000015258789,25.5025634765625,26850
2018-01-12,50.84000015258789,51.400001525878906,50.7599983215332,51.400001525878906,25.78348159790039,14000
2018-01-16,51.36000061035156,52.20000076293945,50.400001525878906,50.47999954223633,25.321990966796875,15975
2018-01-17,50.720001220703125,50.720001220703125,49.91999816894531,50.040000915527344,25.10126304626465,12300
2018-01-18,49.880001068115234,49.880001068115234,48.720001220703125,48.880001068115234,24.697057723999023,16800
2018-01-19,48.880001068115234,49.599998474121094,48.439998626708984,49.36000061035156,24.93959617614746,15925
2018-01-22,49.47999954223633,51.040000915527344,49.47999954223633,51.040000915527344,25.788429260253906,18600
2018-01-23,51.560001373291016,51.79999923706055,50.880001068115234,51.36000061035156,25.950111389160156,17850
2018-01-24,51.91999816894531,52.20000076293945,51.08000183105469,51.08000183105469,25.808624267578125,16925
2018-01-25,51.439998626708984,51.91999816894531,51.08000183105469,51.08000183105469,25.808624267578125,15250
2018-01-26,51.439998626708984,51.68000030517578,51.119998931884766,51.68000030517578,26.111785888671875,11425
2018-01-29,51.599998474121094,51.599998474121094,50.31999969482422,50.36000061035156,25.44484519958496,17575
2018-01-30,50.119998931884766,50.91999816894531,49.15999984741211,50.91999816894531,25.727781295776367,12175
2018-01-31,51.20000076293945,51.20000076293945,49.52000045776367,51.119998931884766,25.828828811645508,14950
2018-02-01,50.400001525878906,51.599998474121094,50.400001525878906,51.31999969482422,25.92987823486328,4550
2018-02-02,51.119998931884766,51.119998931884766,50.040000915527344,50.31999969482422,25.424638748168945,4400
2018-02-05,49.91999816894531,50.08000183105469,48.31999969482422,48.63999938964844,24.575794219970703,9825
2018-02-06,48.0,50.20000076293945,46.400001525878906,50.20000076293945,25.36400032043457,11725
2018-02-07,50.52000045776367,50.560001373291016,48.79999923706055,49.52000045776367,25.020423889160156,14775
2018-02-08,49.439998626708984,50.47999954223633,47.36000061035156,47.36000061035156,23.9290714263916,10125
2018-02-09,47.720001220703125,47.720001220703125,45.20000076293945,46.560001373291016,23.52485466003418,10150
2018-02-12,46.63999938964844,48.0,46.63999938964844,47.52000045776367,24.00990867614746,9225
2018-02-13,47.52000045776367,48.31999969482422,47.439998626708984,47.91999816894531,24.212013244628906,2450
2018-02-14,47.52000045776367,48.439998626708984,47.52000045776367,48.08000183105469,24.292850494384766,3375
2018-02-15,48.119998931884766,48.31999969482422,47.63999938964844,47.79999923706055,24.333572387695312,5050
2018-02-16,47.7599983215332,49.560001373291016,47.119998931884766,48.599998474121094,24.740835189819336,8975
2018-02-20,48.2400016784668,48.279998779296875,46.91999816894531,46.91999816894531,23.885604858398438,5975
2018-02-21,46.79999923706055,46.880001068115234,45.31999969482422,45.31999969482422,23.071083068847656,12125
2018-02-22,45.439998626708984,46.279998779296875,45.2400016784668,45.47999954223633,23.15254020690918,6775
2018-02-23,46.20000076293945,46.79999923706055,45.439998626708984,46.20000076293945,23.519071578979492,8525
2018-02-26,46.63999938964844,46.63999938964844,45.599998474121094,45.599998474121094,23.21361541748047,7075
2018-02-27,45.7599983215332,45.91999816894531,45.2400016784668,45.599998474121094,23.21361541748047,5125
2018-02-28,45.880001068115234,45.959999084472656,45.15999984741211,45.720001220703125,23.27471160888672,6050
2018-03-01,45.720001220703125,45.84000015258789,44.560001373291016,44.91999816894531,22.867454528808594,2000
2018-03-02,44.91999816894531,44.91999816894531,43.84000015258789,44.47999954223633,22.643468856811523,6550
2018-03-05,44.0,44.79999923706055,43.880001068115234,44.08000183105469,22.43983268737793,9700
2018-03-06,44.36000061035156,44.599998474121094,44.040000915527344,44.2400016784668,22.52128791809082,4000
2018-03-07,44.2400016784668,44.560001373291016,43.91999816894531,44.400001525878906,22.602750778198242,7025
2018-03-08,44.2400016784668,45.68000030517578,44.0,44.400001525878906,22.602750778198242,3375
2018-03-09,45.15999984741211,45.599998474121094,44.47999954223633,44.91999816894531,22.867454528808594,14175
2018-03-12,45.0,45.959999084472656,44.560001373291016,45.15999984741211,22.98964500427246,5775
2018-03-13,45.20000076293945,45.599998474121094,45.15999984741211,45.599998474121094,23.21361541748047,3200
2018-03-14,45.84000015258789,45.84000015258789,45.040000915527344,45.560001373291016,23.193265914916992,2975
2018-03-15,45.959999084472656,45.959999084472656,42.400001525878906,43.959999084472656,22.378746032714844,14250
2018-03-16,44.599998474121094,44.599998474121094,43.68000030517578,43.84000015258789,22.501928329467773,12475
2018-03-19,43.959999084472656,43.959999084472656,42.0,42.599998474121094,21.865474700927734,7500
2018-03-20,43.20000076293945,43.36000061035156,42.20000076293945,42.560001373291016,21.844945907592773,6125
2018-03-21,43.040000915527344,43.439998626708984,42.560001373291016,43.400001525878906,22.276092529296875,5150
2018-03-22,42.959999084472656,43.560001373291016,42.7599983215332,42.91999816894531,22.02971649169922,5550
2018-03-23,43.2400016784668,43.79999923706055,42.439998626708984,42.560001373291016,21.844945907592773,6800
2018-03-26,43.20000076293945,43.279998779296875,41.599998474121094,42.0,21.557514190673828,9725
2018-03-27,42.400001525878906,42.599998474121094,40.36000061035156,41.0,21.04422950744629,14825
2018-03-28,41.119998931884766,42.36000061035156,41.08000183105469,41.400001525878906,21.249547958374023,3225
2018-03-29,41.279998779296875,41.959999084472656,41.08000183105469,41.63999938964844,21.372726440429688,9225
2018-04-02,41.560001373291016,42.560001373291016,41.36000061035156,42.2400016784668,21.680696487426758,18025
2018-04-03,42.400001525878906,42.880001068115234,41.79999923706055,42.880001068115234,22.009185791015625,8450
2018-04-04,42.15999984741211,43.119998931884766,41.880001068115234,43.119998931884766,22.132375717163086,3325
2018-04-05,43.119998931884766,43.959999084472656,43.119998931884766,43.959999084472656,22.563526153564453,1000
2018-04-06,44.0,44.0,43.119998931884766,43.720001220703125,22.44034194946289,3825
2018-04-09,44.119998931884766,44.119998931884766,43.560001373291016,43.63999938964844,22.399276733398438,4225
2018-04-10,44.279998779296875,44.63999938964844,43.959999084472656,44.599998474121094,22.892019271850586,5100
2018-04-11,44.36000061035156,45.08000183105469,44.36000061035156,45.040000915527344,23.117868423461914,4875
2018-04-12,44.400001525878906,46.0,43.599998474121094,43.63999938964844,22.579761505126953,10975
2018-04-13,44.47999954223633,44.47999954223633,43.2400016784668,43.560001373291016,22.538375854492188,4025
2018-04-16,43.84000015258789,44.7599983215332,43.439998626708984,44.7599983215332,23.159259796142578,6150
2018-04-17,44.63999938964844,45.79999923706055,44.63999938964844,45.439998626708984,23.511091232299805,6175
2018-04-18,45.91999816894531,46.0,45.63999938964844,45.79999923706055,23.69736099243164,4350
2018-04-19,45.880001068115234,46.15999984741211,45.63999938964844,45.959999084472656,23.7801456451416,7650
2018-04-20,46.119998931884766,46.20000076293945,45.599998474121094,46.0,23.800846099853516,2175
2018-04-23,45.68000030517578,47.08000183105469,45.36000061035156,47.0,24.318252563476562,6100
2018-04-24,46.599998474121094,47.36000061035156,45.880001068115234,46.040000915527344,23.82154083251953,5225
2018-04-25,46.31999969482422,46.31999969482422,45.439998626708984,46.15999984741211,23.883630752563477,1550
2018-04-26,46.47999954223633,46.7599983215332,46.47999954223633,46.720001220703125,24.173376083374023,3950
2018-04-27,46.79999923706055,47.0,46.720001220703125,46.79999923706055,24.214767456054688,3525
2018-04-30,46.959999084472656,46.959999084472656,46.599998474121094,46.959999084472656,24.297561645507812,12150
2018-05-01,46.79999923706055,46.880001068115234,46.2400016784668,46.7599983215332,24.194074630737305,3550
2018-05-02,46.52000045776367,46.959999084472656,46.47999954223633,46.68000030517578,24.152681350708008,1875
2018-05-03,46.79999923706055,46.79999923706055,46.08000183105469,46.560001373291016,24.09059715270996,7550
2018-05-04,46.63999938964844,46.7599983215332,46.560001373291016,46.68000030517578,24.152681350708008,4325
2018-05-07,46.84000015258789,47.400001525878906,46.84000015258789,47.20000076293945,24.42173194885254,3425
2018-05-08,47.08000183105469,47.439998626708984,47.08000183105469,47.439998626708984,24.545917510986328,2800
2018-05-09,47.47999954223633,48.31999969482422,47.47999954223633,47.84000015258789,24.752872467041016,9475
2018-05-10,47.84000015258789,48.2400016784668,47.720001220703125,47.959999084472656,24.81496238708496,3975
2018-05-11,48.279998779296875,48.560001373291016,48.2400016784668,48.560001373291016,25.12542152404785,3725
2018-05-14,48.7599983215332,49.119998931884766,48.560001373291016,48.79999923706055,25.249584197998047,6625
2018-05-15,48.63999938964844,48.959999084472656,48.2400016784668,48.599998474121094,25.146100997924805,5500
2018-05-16,48.47999954223633,48.84000015258789,48.31999969482422,48.720001220703125,25.208200454711914,3875
2018-05-17,48.47999954223633,49.15999984741211,48.47999954223633,49.040000915527344,25.562650680541992,6525
2018-05-18,48.91999816894531,48.91999816894531,48.560001373291016,48.7599983215332,25.41670036315918,700
2018-05-21,49.15999984741211,49.15999984741211,48.47999954223633,48.63999938964844,25.35413932800293,5450
2018-05-22,49.20000076293945,49.20000076293945,48.2400016784668,48.47999954223633,25.270753860473633,5000
2018-05-23,48.47999954223633,48.47999954223633,47.79999923706055,48.08000183105469,25.062244415283203,3500
2018-05-24,48.040000915527344,48.040000915527344,47.31999969482422,47.31999969482422,24.666088104248047,4550
2018-05-25,47.20000076293945,47.20000076293945,46.040000915527344,46.91999816894531,24.45758628845215,5900
2018-05-29,46.84000015258789,47.2400016784668,46.31999969482422,47.040000915527344,24.5201358795166,2525
2018-05-30,47.119998931884766,48.63999938964844,47.119998931884766,48.36000061035156,25.208208084106445,7275
2018-05-31,48.599998474121094,48.599998474121094,47.84000015258789,48.560001373291016,25.312458038330078,5775
2018-06-01,48.15999984741211,48.560001373291016,48.0,48.119998931884766,25.08308219909668,4350
2018-06-04,48.31999969482422,48.400001525878906,47.959999084472656,48.08000183105469,25.062244415283203,4125
2018-06-05,47.91999816894531,48.2400016784668,47.880001068115234,48.2400016784668,25.145645141601562,4075
2018-06-06,47.91999816894531,47.959999084472656,47.36000061035156,47.36000061035156,24.686941146850586,1225
2018-06-07,47.68000030517578,48.040000915527344,47.560001373291016,47.959999084472656,24.99968719482422,5125
2018-06-08,48.040000915527344,48.36000061035156,47.720001220703125,48.36000061035156,25.208208084106445,3225
2018-06-11,48.040000915527344,48.68000030517578,47.880001068115234,48.36000061035156,25.208208084106445,1650
2018-06-12,48.63999938964844,49.31999969482422,48.63999938964844,48.880001068115234,25.479265213012695,5675
2018-06-13,48.599998474121094,49.279998779296875,48.20000076293945,48.31999969482422,25.18735122680664,2375
2018-06-14,48.47999954223633,49.20000076293945,48.439998626708984,48.599998474121094,25.523460388183594,9550
2018-06-15,48.63999938964844,49.08000183105469,47.7599983215332,48.31999969482422,25.376420974731445,4800
2018-06-18,47.91999816894531,48.15999984741211,47.040000915527344,47.47999954223633,24.935272216796875,3075
2018-06-19,47.2400016784668,47.560001373291016,46.880001068115234,47.439998626708984,24.914247512817383,4125
2018-06-20,47.959999084472656,48.400001525878906,47.52000045776367,48.31999969482422,25.376420974731445,3925
2018-06-21,48.31999969482422,48.31999969482422,47.2400016784668,47.31999969482422,24.851228713989258,8100
2018-06-22,48.0,48.63999938964844,47.720001220703125,47.7599983215332,25.082304000854492,7200
2018-06-25,47.7599983215332,47.7599983215332,46.720001220703125,46.959999084472656,24.662181854248047,4775
2018-06-26,47.0,47.84000015258789,46.79999923706055,47.79999923706055,25.103317260742188,3575
2018-06-27,48.040000915527344,48.040000915527344,47.0,47.040000915527344,24.704185485839844,3550
2018-06-28,47.279998779296875,48.0,47.0,48.0,25.208362579345703,4900
2018-06-29,47.599998474121094,47.79999923706055,47.20000076293945,47.68000030517578,25.04030418395996,4000
2018-07-02,47.31999969482422,47.52000045776367,46.599998474121094,46.599998474121094,24.473106384277344,15600
2018-07-03,46.959999084472656,47.52000045776367,46.959999084472656,47.31999969482422,24.851228713989258,1850
2018-07-05,47.63999938964844,47.84000015258789,47.400001525878906,47.47999954223633,24.935272216796875,7125
2018-07-06,47.31999969482422,47.91999816894531,47.31999969482422,47.599998474121094,24.998275756835938,5300
2018-07-09,48.040000915527344,48.119998931884766,47.68000030517578,47.880001068115234,25.14534568786621,3475
2018-07-10,47.91999816894531,48.20000076293945,47.439998626708984,47.560001373291016,24.977277755737305,3775
2018-07-11,47.20000076293945,47.79999923706055,47.0,47.2400016784668,24.80922508239746,6275
2018-07-12,47.2400016784668,47.63999938964844,46.91999816894531,47.63999938964844,25.01929473876953,10225
2018-07-13,47.279998779296875,47.52000045776367,47.279998779296875,47.400001525878906,25.082801818847656,2625
2018-07-16,47.400001525878906,47.439998626708984,46.400001525878906,46.68000030517578,24.7017879486084,11650
2018-07-17,46.84000015258789,46.84000015258789,46.36000061035156,46.439998626708984,24.574783325195312,2450
2018-07-18,46.20000076293945,47.20000076293945,46.08000183105469,46.79999923706055,24.765287399291992,7550
2018-07-19,48.15999984741211,48.36000061035156,47.63999938964844,48.20000076293945,25.506134033203125,9700
2018-07-20,48.20000076293945,48.20000076293945,47.20000076293945,47.20000076293945,24.976957321166992,5575
2018-07-23,47.599998474121094,47.599998474121094,46.959999084472656,47.36000061035156,25.061622619628906,4050
2018-07-24,47.63999938964844,47.91999816894531,47.439998626708984,47.599998474121094,25.18861961364746,5925
2018-07-25,47.599998474121094,48.15999984741211,47.599998474121094,48.0,25.400306701660156,6125
2018-07-26,48.0,48.63999938964844,48.0,48.63999938964844,25.738962173461914,7325
2018-07-27,48.439998626708984,48.439998626708984,47.15999984741211,47.20000076293945,24.976957321166992,3950
2018-07-30,47.7599983215332,48.20000076293945,47.599998474121094,48.20000076293945,25.506134033203125,3900
2018-07-31,48.20000076293945,48.720001220703125,48.20000076293945,48.439998626708984,25.633129119873047,3100
2018-08-01,48.36000061035156,48.36000061035156,47.959999084472656,48.36000061035156,25.590795516967773,14750
2018-08-02,48.439998626708984,49.20000076293945,48.15999984741211,49.15999984741211,26.014137268066406,8000
2018-08-03,49.400001525878906,49.400001525878906,48.91999816894531,49.20000076293945,26.035306930541992,9075
2018-08-06,49.79999923706055,49.79999923706055,49.36000061035156,49.68000030517578,26.289306640625,7000
2018-08-07,50.119998931884766,50.31999969482422,49.20000076293945,49.279998779296875,26.077634811401367,7000
2018-08-08,49.36000061035156,49.439998626708984,48.880001068115234,49.279998779296875,26.077634811401367,5775
2018-08-09,49.36000061035156,49.84000015258789,49.36000061035156,49.560001373291016,26.225811004638672,6400
2018-08-10,49.599998474121094,50.15999984741211,49.599998474121094,49.63999938964844,26.268146514892578,5900
2018-08-13,50.15999984741211,50.15999984741211,48.68000030517578,48.68000030517578,25.7601375579834,6125
2018-08-14,49.20000076293945,49.36000061035156,48.880001068115234,49.040000915527344,25.950632095336914,3975
2018-08-15,49.47999954223633,49.47999954223633,47.439998626708984,48.20000076293945,25.506134033203125,7900
2018-08-16,47.959999084472656,48.63999938964844,47.959999084472656,48.119998931884766,25.65540885925293,4250
2018-08-17,48.20000076293945,48.599998474121094,48.119998931884766,48.599998474121094,25.911331176757812,6350
2018-08-20,49.0,49.279998779296875,48.31999969482422,49.279998779296875,26.27387046813965,3500
2018-08-21,49.52000045776367,49.52000045776367,48.880001068115234,49.0,26.124589920043945,6875
2018-08-22,49.2400016784668,49.31999969482422,48.439998626708984,49.0,26.124589920043945,7975
2018-08-23,48.959999084472656,49.040000915527344,48.79999923706055,48.79999923706055,26.01795768737793,4450
2018-08-24,49.2400016784668,49.2400016784668,48.84000015258789,49.15999984741211,26.209897994995117,1675
2018-08-27,49.20000076293945,49.599998474121094,48.7599983215332,49.47999954223633,26.38050079345703,21925
2018-08-28,49.880001068115234,49.880001068115234,48.720001220703125,48.720001220703125,25.97530174255371,16575
2018-08-29,49.08000183105469,49.31999969482422,48.720001220703125,49.08000183105469,26.167238235473633,10950
2018-08-30,49.119998931884766,49.119998931884766,48.560001373291016,48.599998474121094,25.911331176757812,4925
2018-08-31,48.20000076293945,48.560001373291016,48.15999984741211,48.47999954223633,25.847362518310547,5825
2018-09-04,48.599998474121094,48.84000015258789,48.15999984741211,48.560001373291016,25.890010833740234,8850
2018-09-05,48.439998626708984,48.439998626708984,48.0,48.279998779296875,25.74072265625,7325
2018-09-06,48.47999954223633,48.52000045776367,47.91999816894531,47.91999816894531,25.54878044128418,5600
2018-09-07,47.91999816894531,48.119998931884766,47.68000030517578,47.68000030517578,25.42083168029785,3075
2018-09-10,48.15999984741211,48.47999954223633,47.880001068115234,48.0,25.591442108154297,4750
2018-09-11,47.880001068115234,48.79999923706055,47.7599983215332,48.040000915527344,25.612762451171875,8450
2018-09-12,48.36000061035156,48.7599983215332,48.36000061035156,48.36000061035156,25.783369064331055,5875
2018-09-13,48.47999954223633,48.47999954223633,48.08000183105469,48.119998931884766,25.65540885925293,8300
2018-09-14,47.959999084472656,47.959999084472656,47.279998779296875,47.599998474121094,25.569459915161133,3200
2018-09-17,47.439998626708984,47.7599983215332,47.439998626708984,47.599998474121094,25.569459915161133,3875
2018-09-18,47.720001220703125,47.84000015258789,47.68000030517578,47.68000030517578,25.612445831298828,4450
2018-09-19,47.7599983215332,47.7599983215332,47.47999954223633,47.63999938964844,25.590957641601562,3825
2018-09-20,48.15999984741211,48.279998779296875,47.68000030517578,47.79999923706055,25.676897048950195,9150
2018-09-21,48.040000915527344,48.08000183105469,47.68000030517578,47.7599983215332,25.655405044555664,4250
2018-09-24,48.040000915527344,48.2400016784668,47.439998626708984,47.560001373291016,25.547977447509766,5450
2018-09-25,47.52000045776367,47.52000045776367,46.91999816894531,47.119998931884766,25.311616897583008,7375
2018-09-26,47.279998779296875,47.279998779296875,46.63999938964844,46.720001220703125,25.096752166748047,5050
2018-09-27,47.0,47.0,46.84000015258789,46.880001068115234,25.182703018188477,3925
2018-09-28,47.040000915527344,47.52000045776367,47.040000915527344,47.400001525878906,25.4620418548584,9575
2018-10-01,47.279998779296875,48.15999984741211,47.279998779296875,48.0,25.78434181213379,20975
2018-10-02,48.400001525878906,48.400001525878906,47.560001373291016,47.720001220703125,25.633928298950195,14225
2018-10-03,47.52000045776367,48.279998779296875,47.52000045776367,47.68000030517578,25.612445831298828,19725
2018-10-04,48.040000915527344,48.119998931884766,47.15999984741211,47.31999969482422,25.419048309326172,3775
2018-10-05,47.2400016784668,47.959999084472656,47.20000076293945,47.7599983215332,25.655405044555664,4700
2018-10-08,47.36000061035156,48.439998626708984,47.08000183105469,48.439998626708984,26.02069091796875,9450
2018-10-09,47.880001068115234,48.040000915527344,47.400001525878906,47.720001220703125,25.633928298950195,8550
2018-10-10,47.47999954223633,47.63999938964844,45.79999923706055,46.31999969482422,24.881887435913086,15450
2018-10-11,45.79999923706055,46.119998931884766,44.79999923706055,44.84000015258789,24.08686065673828,12625
2018-10-12,45.439998626708984,45.68000030517578,44.040000915527344,44.959999084472656,24.151330947875977,3575
2018-10-15,44.91999816894531,45.36000061035156,44.91999816894531,45.279998779296875,24.323225021362305,5575
2018-10-16,45.08000183105469,46.400001525878906,45.08000183105469,46.0,24.70998764038086,4900
2018-10-17,46.15999984741211,46.15999984741211,45.47999954223633,45.52000045776367,24.452138900756836,8350
2018-10-18,45.2400016784668,45.68000030517578,45.119998931884766,45.560001373291016,24.66872215270996,3100
2018-10-19,45.880001068115234,46.08000183105469,45.040000915527344,45.279998779296875,24.517114639282227,5750
2018-10-22,45.560001373291016,45.880001068115234,44.400001525878906,44.439998626708984,24.062294006347656,4325
2018-10-23,43.959999084472656,44.040000915527344,42.91999816894531,43.959999084472656,23.80238914489746,8675
2018-10-24,43.959999084472656,43.959999084472656,42.599998474121094,42.79999923706055,23.174312591552734,6725
2018-10-25,43.36000061035156,43.400001525878906,42.63999938964844,43.119998931884766,23.34756851196289,4850
2018-10-26,43.0,43.0,41.36000061035156,42.560001373291016,23.04435920715332,11825
2018-10-29,42.959999084472656,42.959999084472656,41.439998626708984,41.79999923706055,22.63286018371582,7875
2018-10-30,41.52000045776367,41.560001373291016,40.68000030517578,41.08000183105469,22.243003845214844,11900
2018-10-31,41.279998779296875,42.279998779296875,41.279998779296875,41.7599983215332,22.611188888549805,3250
2018-11-01,42.20000076293945,42.959999084472656,42.0,42.400001525878906,22.95772361755371,6375
2018-11-02,42.2400016784668,42.2400016784668,41.720001220703125,41.84000015258789,22.654502868652344,3650
2018-11-05,42.20000076293945,42.68000030517578,42.20000076293945,42.68000030517578,23.109331130981445,2525
2018-11-06,42.439998626708984,42.720001220703125,42.040000915527344,42.439998626708984,22.97937774658203,9200
2018-11-07,42.68000030517578,43.31999969482422,42.68000030517578,43.08000183105469,23.325918197631836,5550
2018-11-08,43.08000183105469,43.720001220703125,43.040000915527344,43.08000183105469,23.325918197631836,5800
2018-11-09,42.91999816894531,42.91999816894531,42.0,42.439998626708984,22.97937774658203,3900
2018-11-12,43.119998931884766,43.119998931884766,41.7599983215332,41.959999084472656,22.719491958618164,2800
2018-11-13,42.040000915527344,42.040000915527344,40.2400016784668,40.47999954223633,21.918127059936523,11000
2018-11-14,40.880001068115234,41.0,40.040000915527344,40.2400016784668,21.788177490234375,7675
2018-11-15,39.63999938964844,40.15999984741211,39.63999938964844,40.040000915527344,21.875593185424805,5825
2018-11-16,40.400001525878906,40.439998626708984,39.7599983215332,39.84000015258789,21.766326904296875,6000
2018-11-19,39.91999816894531,40.400001525878906,39.31999969482422,39.599998474121094,21.635210037231445,15475
2018-11-20,38.959999084472656,39.279998779296875,37.400001525878906,38.2400016784668,20.89217185974121,14025
2018-11-21,38.2400016784668,39.52000045776367,38.119998931884766,39.36000061035156,21.50408172607422,14575
2018-11-23,38.36000061035156,38.63999938964844,38.08000183105469,38.08000183105469,20.804767608642578,1125
2018-11-26,38.52000045776367,38.7599983215332,38.08000183105469,38.08000183105469,20.804767608642578,4650
2018-11-27,38.279998779296875,38.599998474121094,38.20000076293945,38.400001525878906,20.979589462280273,9050
2018-11-28,38.720001220703125,38.720001220703125,38.08000183105469,38.47999954223633,21.023300170898438,19375
2018-11-29,38.279998779296875,39.08000183105469,38.279998779296875,38.63999938964844,21.1107120513916,21725
2018-11-30,38.68000030517578,39.0,37.7599983215332,38.880001068115234,21.24183464050293,11200
2018-12-03,39.84000015258789,40.439998626708984,39.400001525878906,40.439998626708984,22.094120025634766,14775
2018-12-04,40.2400016784668,40.2400016784668,39.08000183105469,39.560001373291016,21.61334991455078,9925
2018-12-06,38.7599983215332,38.959999084472656,37.47999954223633,37.79999923706055,20.651784896850586,13400
2018-12-07,38.400001525878906,39.63999938964844,37.599998474121094,37.599998474121094,20.542518615722656,19800
2018-12-10,38.08000183105469,38.2400016784668,36.599998474121094,37.0,20.214710235595703,10400
2018-12-11,37.47999954223633,37.599998474121094,36.7599983215332,37.119998931884766,20.280275344848633,9050
2018-12-12,37.400001525878906,37.880001068115234,37.279998779296875,37.400001525878906,20.43324851989746,15575
2018-12-13,37.31999969482422,38.15999984741211,36.84000015258789,38.040000915527344,20.782913208007812,12325
2018-12-14,37.279998779296875,38.0,37.15999984741211,37.2400016784668,20.540220260620117,14100
2018-12-17,37.400001525878906,37.400001525878906,35.15999984741211,35.52000045776367,19.59153175354004,25375
2018-12-18,35.560001373291016,36.0,34.47999954223633,34.720001220703125,19.150279998779297,10625
2018-12-19,35.040000915527344,35.400001525878906,34.279998779296875,34.599998474121094,19.08409881591797,13300
2018-12-20,34.36000061035156,34.63999938964844,32.47999954223633,33.400001525878906,18.422216415405273,16750
2018-12-21,33.47999954223633,33.79999923706055,32.7599983215332,32.79999923706055,18.09128189086914,25425
2018-12-24,32.91999816894531,32.91999816894531,31.600000381469727,31.600000381469727,17.42940330505371,29525
2018-12-26,31.84000015258789,34.08000183105469,31.84000015258789,33.880001068115234,18.68697166442871,20225
2018-12-27,33.68000030517578,33.7599983215332,32.040000915527344,33.439998626708984,18.444278717041016,31950
2018-12-28,33.47999954223633,34.439998626708984,32.91999816894531,33.84000015258789,18.6649112701416,26100
2018-12-31,34.08000183105469,34.20000076293945,33.880001068115234,34.040000915527344,18.77521514892578,22850
2019-01-02,33.68000030517578,35.2400016784668,33.31999969482422,34.63999938964844,19.106157302856445,12725
2019-01-03,34.959999084472656,35.439998626708984,34.599998474121094,35.20000076293945,19.415035247802734,11425
2019-01-04,35.599998474121094,37.0,35.599998474121094,36.79999923706055,20.29753303527832,16225
2019-01-07,37.31999969482422,38.52000045776367,37.2400016784668,38.52000045776367,21.246219635009766,19150
2019-01-08,39.08000183105469,39.31999969482422,38.720001220703125,39.279998779296875,21.665403366088867,12350
2019-01-09,39.560001373291016,39.79999923706055,39.119998931884766,39.52000045776367,21.79778289794922,6925
2019-01-10,39.560001373291016,39.560001373291016,39.040000915527344,39.08000183105469,21.555105209350586,7775
2019-01-11,38.84000015258789,39.040000915527344,38.84000015258789,38.91999816894531,21.46685791015625,6400
2019-01-14,38.91999816894531,39.2400016784668,38.79999923706055,38.880001068115234,21.444782257080078,6700
2019-01-15,39.15999984741211,39.400001525878906,38.720001220703125,39.400001525878906,21.731597900390625,4100
2019-01-16,39.2400016784668,39.68000030517578,39.2400016784668,39.52000045776367,21.79778289794922,6675
2019-01-17,39.0,39.279998779296875,39.0,39.119998931884766,21.77552032470703,3950
2019-01-18,39.439998626708984,39.79999923706055,39.36000061035156,39.63999938964844,22.064971923828125,5200
2019-01-22,39.47999954223633,39.720001220703125,38.2400016784668,38.2400016784668,21.28567886352539,4500
2019-01-23,39.0,39.119998931884766,38.31999969482422,38.52000045776367,21.44154167175293,12600
2019-01-24,38.2400016784668,39.0,38.119998931884766,39.0,21.708717346191406,5425
2019-01-25,39.20000076293945,39.2400016784668,38.84000015258789,39.08000183105469,21.753257751464844,7500
2019-01-28,38.599998474121094,38.91999816894531,38.279998779296875,38.68000030517578,21.530597686767578,4925
2019-01-29,39.20000076293945,39.400001525878906,38.91999816894531,39.15999984741211,21.79778289794922,13275
2019-01-30,39.52000045776367,40.0,39.439998626708984,39.959999084472656,22.243083953857422,11800
2019-01-31,39.959999084472656,40.36000061035156,39.84000015258789,40.08000183105469,22.309892654418945,6350
2019-02-01,39.84000015258789,40.91999816894531,39.84000015258789,40.91999816894531,22.777462005615234,6225
2019-02-04,40.959999084472656,41.0,40.599998474121094,40.68000030517578,22.64386558532715,10925
2019-02-05,40.63999938964844,40.91999816894531,40.36000061035156,40.560001373291016,22.577075958251953,8000
2019-02-06,40.560001373291016,40.91999816894531,39.84000015258789,39.84000015258789,22.17629623413086,7325
2019-02-07,39.84000015258789,39.959999084472656,39.0,39.20000076293945,21.820056915283203,7025
2019-02-08,39.47999954223633,39.47999954223633,38.560001373291016,39.279998779296875,21.864578247070312,5400
2019-02-11,39.119998931884766,39.2400016784668,38.880001068115234,39.15999984741211,21.79778289794922,3825
2019-02-12,39.68000030517578,39.68000030517578,39.36000061035156,39.560001373291016,22.02044105529785,8975
2019-02-13,39.560001373291016,40.15999984741211,39.560001373291016,39.91999816894531,22.220827102661133,8225
2019-02-14,39.47999954223633,40.279998779296875,39.36000061035156,40.20000076293945,22.580318450927734,7025
2019-02-15,40.47999954223633,40.7599983215332,40.15999984741211,40.599998474121094,22.80499839782715,4250
2019-02-19,40.720001220703125,41.599998474121094,40.599998474121094,41.599998474121094,23.366695404052734,7425
2019-02-20,41.7599983215332,41.7599983215332,40.880001068115234,40.91999816894531,22.984737396240234,11625
2019-02-21,41.040000915527344,41.119998931884766,40.20000076293945,40.279998779296875,22.625253677368164,10500
2019-02-22,40.599998474121094,40.79999923706055,40.20000076293945,40.439998626708984,22.71512222290039,4625
2019-02-25,40.36000061035156,40.47999954223633,40.20000076293945,40.47999954223633,22.737590789794922,32300
2019-02-26,40.439998626708984,40.560001373291016,39.68000030517578,39.720001220703125,22.310697555541992,3700
2019-02-27,39.959999084472656,40.0,39.52000045776367,39.91999816894531,22.42304039001465,7375
2019-02-28,40.2400016784668,40.2400016784668,39.720001220703125,39.880001068115234,22.400577545166016,5700
2019-03-01,40.0,40.0,39.400001525878906,39.79999923706055,22.355634689331055,5175
2019-03-04,39.959999084472656,40.2400016784668,39.560001373291016,40.119998931884766,22.535375595092773,9000
2019-03-05,40.31999969482422,40.31999969482422,40.08000183105469,40.08000183105469,22.512914657592773,2725
2019-03-06,40.20000076293945,40.20000076293945,39.63999938964844,39.720001220703125,22.310697555541992,13225
2019-03-07,40.0,40.20000076293945,39.880001068115234,40.15999984741211,22.557851791381836,3250
2019-03-08,39.560001373291016,39.880001068115234,39.52000045776367,39.84000015258789,22.378108978271484,6350
2019-03-11,40.119998931884766,41.0,40.119998931884766,40.68000030517578,22.849937438964844,7800
2019-03-12,41.0,41.0,40.52000045776367,40.68000030517578,22.849937438964844,4700
2019-03-13,40.959999084472656,41.0,40.599998474121094,40.68000030517578,22.849937438964844,4325
2019-03-14,40.7599983215332,41.15999984741211,40.7599983215332,41.15999984741211,23.119548797607422,7200
2019-03-15,41.119998931884766,41.119998931884766,40.79999923706055,41.0,23.232879638671875,8000
2019-03-18,41.08000183105469,41.47999954223633,40.880001068115234,41.47999954223633,23.504871368408203,9700
2019-03-19,41.68000030517578,41.91999816894531,41.68000030517578,41.720001220703125,23.64087677001953,8500
2019-03-20,41.63999938964844,41.91999816894531,41.52000045776367,41.63999938964844,23.595548629760742,10150
2019-03-21,41.63999938964844,42.20000076293945,41.63999938964844,41.79999923706055,23.686208724975586,5525
2019-03-22,41.52000045776367,41.91999816894531,41.119998931884766,41.119998931884766,23.30086898803711,5875
2019-03-25,41.119998931884766,41.2400016784668,40.68000030517578,40.959999084472656,23.210206985473633,8475
2019-03-26,41.31999969482422,41.959999084472656,41.08000183105469,41.400001525878906,23.459548950195312,10275
2019-03-27,41.31999969482422,41.47999954223633,41.0,41.15999984741211,23.323549270629883,3550
2019-03-28,41.2400016784668,41.84000015258789,41.20000076293945,41.720001220703125,23.64087677001953,6100
2019-03-29,42.08000183105469,42.08000183105469,41.560001373291016,41.7599983215332,23.663530349731445,5050
2019-04-01,42.119998931884766,42.599998474121094,42.0,42.400001525878906,24.026199340820312,5175
2019-04-02,42.400001525878906,42.400001525878906,42.15999984741211,42.279998779296875,23.958202362060547,6275
2019-04-03,42.400001525878906,42.52000045776367,42.20000076293945,42.439998626708984,24.048858642578125,10000
2019-04-04,42.20000076293945,42.400001525878906,41.599998474121094,41.91999816894531,23.754194259643555,12125
2019-04-05,41.880001068115234,42.47999954223633,41.880001068115234,42.47999954223633,24.07152557373047,4000
2019-04-08,42.52000045776367,42.79999923706055,42.0,42.47999954223633,24.07152557373047,12325
2019-04-09,42.599998474121094,42.720001220703125,41.959999084472656,42.040000915527344,23.82221221923828,9400
2019-04-10,42.119998931884766,42.31999969482422,41.560001373291016,41.91999816894531,23.754194259643555,21975
2019-04-11,41.599998474121094,41.79999923706055,41.15999984741211,41.47999954223633,23.70847511291504,9225
2019-04-12,42.15999984741211,42.15999984741211,41.599998474121094,42.0,24.005691528320312,11825
2019-04-15,42.2400016784668,42.2400016784668,41.7599983215332,41.79999923706055,23.891368865966797,7775
2019-04-16,41.84000015258789,41.84000015258789,41.2400016784668,41.36000061035156,23.6398868560791,5875
2019-04-17,41.63999938964844,41.63999938964844,41.040000915527344,41.119998931884766,23.50270652770996,8825
2019-04-18,41.08000183105469,41.08000183105469,40.47999954223633,40.63999938964844,23.228364944458008,11200
2019-04-22,41.0,41.439998626708984,41.0,41.439998626708984,23.685619354248047,4075
2019-04-23,41.52000045776367,41.63999938964844,41.36000061035156,41.36000061035156,23.6398868560791,6750
2019-04-24,41.560001373291016,41.560001373291016,41.31999969482422,41.31999969482422,23.617027282714844,5675
2019-04-25,41.36000061035156,41.47999954223633,41.20000076293945,41.439998626708984,23.685619354248047,9575
2019-04-26,41.20000076293945,41.560001373291016,41.15999984741211,41.47999954223633,23.70847511291504,10175
2019-04-29,41.63999938964844,41.79999923706055,41.36000061035156,41.79999923706055,23.891368865966797,8750
2019-04-30,41.79999923706055,41.959999084472656,41.2400016784668,41.439998626708984,23.685619354248047,8275
2019-05-01,41.400001525878906,41.599998474121094,41.20000076293945,41.20000076293945,23.548446655273438,4900
2019-05-02,41.15999984741211,41.15999984741211,40.36000061035156,40.36000061035156,23.068328857421875,12575
2019-05-03,40.720001220703125,40.84000015258789,40.439998626708984,40.52000045776367,23.15978240966797,15550
2019-05-06,40.31999969482422,40.400001525878906,40.040000915527344,40.279998779296875,23.022600173950195,7750
2019-05-07,40.0,40.279998779296875,39.7599983215332,40.15999984741211,22.95401382446289,11175
2019-05-08,40.279998779296875,40.439998626708984,39.84000015258789,39.959999084472656,22.83969497680664,10475
2019-05-09,39.84000015258789,39.84000015258789,39.31999969482422,39.68000030517578,22.679672241210938,4050
2019-05-10,40.08000183105469,40.599998474121094,39.880001068115234,40.599998474121094,23.20549964904785,4925
2019-05-13,40.20000076293945,40.400001525878906,40.040000915527344,40.15999984741211,22.95401382446289,5350
2019-05-14,40.52000045776367,41.20000076293945,40.52000045776367,41.040000915527344,23.45699691772461,5100
2019-05-15,40.959999084472656,41.7599983215332,40.63999938964844,41.400001525878906,23.662752151489258,4200
2019-05-16,41.31999969482422,41.599998474121094,41.119998931884766,41.47999954223633,23.916444778442383,5125
2019-05-17,41.560001373291016,41.68000030517578,41.20000076293945,41.20000076293945,23.754993438720703,4775
2019-05-20,41.36000061035156,41.52000045776367,41.040000915527344,41.36000061035156,23.84726333618164,4775
2019-05-21,41.36000061035156,41.91999816894531,41.36000061035156,41.91999816894531,24.170141220092773,1825
2019-05-22,41.720001220703125,41.720001220703125,41.040000915527344,41.15999984741211,23.731948852539062,3425
2019-05-23,40.68000030517578,40.68000030517578,39.880001068115234,40.040000915527344,23.0861759185791,6925
2019-05-24,40.279998779296875,40.439998626708984,40.08000183105469,40.15999984741211,23.155363082885742,3925
2019-05-28,40.560001373291016,40.560001373291016,39.7599983215332,39.7599983215332,22.924739837646484,3950
2019-05-29,39.599998474121094,39.599998474121094,39.0,39.400001525878906,22.717164993286133,7175
2019-05-30,39.439998626708984,40.0,39.15999984741211,39.2400016784668,22.62491226196289,6250
2019-05-31,39.08000183105469,39.279998779296875,38.720001220703125,38.880001068115234,22.41733741760254,6200
2019-06-03,39.279998779296875,39.52000045776367,38.84000015258789,39.119998931884766,22.555723190307617,5275
2019-06-04,39.36000061035156,40.52000045776367,39.36000061035156,40.0,23.063112258911133,5725
2019-06-05,40.31999969482422,40.31999969482422,39.439998626708984,39.720001220703125,22.901670455932617,5475
2019-06-06,39.560001373291016,40.0,39.560001373291016,39.68000030517578,22.87860870361328,2200
2019-06-07,39.880001068115234,40.20000076293945,39.63999938964844,40.040000915527344,23.0861759185791,5300
2019-06-10,40.0,40.20000076293945,39.959999084472656,40.040000915527344,23.0861759185791,3850
2019-06-11,40.20000076293945,40.63999938964844,40.0,40.63999938964844,23.432111740112305,3700
2019-06-12,40.63999938964844,40.63999938964844,40.040000915527344,40.08000183105469,23.10923957824707,18925
2019-06-13,40.08000183105469,40.08000183105469,39.52000045776367,39.599998474121094,23.039417266845703,6175
2019-06-14,39.84000015258789,39.91999816894531,39.47999954223633,39.47999954223633,22.969606399536133,2725
2019-06-17,39.439998626708984,39.560001373291016,39.15999984741211,39.15999984741211,22.783428192138672,3775
2019-06-18,39.52000045776367,39.68000030517578,39.439998626708984,39.63999938964844,23.062694549560547,2675
2019-06-19,39.52000045776367,39.959999084472656,39.439998626708984,39.52000045776367,22.99287986755371,3150
2019-06-20,40.040000915527344,40.7599983215332,40.040000915527344,40.47999954223633,23.55140495300293,6250
2019-06-21,40.279998779296875,40.84000015258789,40.279998779296875,40.52000045776367,23.57468032836914,5800
2019-06-24,40.68000030517578,40.79999923706055,40.400001525878906,40.599998474121094,23.62122344970703,2600
2019-06-25,40.599998474121094,40.7599983215332,40.08000183105469,40.439998626708984,23.52813720703125,2125
2019-06-26,40.439998626708984,41.040000915527344,40.400001525878906,40.68000030517578,23.667770385742188,5875
2019-06-27,40.959999084472656,40.959999084472656,40.560001373291016,40.720001220703125,23.691043853759766,2700
2019-06-28,40.91999816894531,41.20000076293945,40.84000015258789,40.84000015258789,23.760860443115234,2525
2019-07-01,40.84000015258789,41.279998779296875,40.79999923706055,40.79999923706055,23.737592697143555,7800
2019-07-02,40.84000015258789,41.31999969482422,40.720001220703125,41.08000183105469,23.900489807128906,13600
2019-07-03,41.20000076293945,41.599998474121094,41.20000076293945,41.31999969482422,24.04012107849121,3500
2019-07-05,41.52000045776367,42.040000915527344,41.279998779296875,42.040000915527344,24.459016799926758,3350
2019-07-08,41.959999084472656,42.20000076293945,41.79999923706055,42.040000915527344,24.459016799926758,8500
2019-07-09,42.31999969482422,42.36000061035156,42.0,42.31999969482422,24.621931076049805,4950
2019-07-10,42.599998474121094,42.7599983215332,42.15999984741211,42.63999938964844,24.808101654052734,8675
2019-07-11,42.79999923706055,42.959999084472656,42.63999938964844,42.79999923706055,24.901187896728516,7050
2019-07-12,42.720001220703125,42.720001220703125,42.400001525878906,42.63999938964844,25.018535614013672,2700
2019-07-15,42.7599983215332,42.880001068115234,42.52000045776367,42.560001373291016,24.971601486206055,4900
2019-07-16,42.52000045776367,42.52000045776367,42.36000061035156,42.47999954223633,24.924667358398438,7175
2019-07-17,42.47999954223633,42.47999954223633,42.119998931884766,42.2400016784668,24.783843994140625,6300
2019-07-18,42.119998931884766,42.20000076293945,41.84000015258789,42.0,24.643028259277344,6375
2019-07-19,42.0,42.15999984741211,41.959999084472656,41.959999084472656,24.61956024169922,6175
2019-07-22,42.15999984741211,42.15999984741211,42.040000915527344,42.15999984741211,24.736902236938477,3925
2019-07-23,42.119998931884766,42.36000061035156,42.0,42.0,24.643028259277344,7600
2019-07-24,42.119998931884766,42.400001525878906,42.08000183105469,42.31999969482422,24.83078384399414,5900
2019-07-25,42.599998474121094,42.599998474121094,42.20000076293945,42.2400016784668,24.783843994140625,5225
2019-07-26,42.36000061035156,42.36000061035156,41.79999923706055,41.880001068115234,24.572616577148438,3725
2019-07-29,42.0,42.0,41.599998474121094,41.720001220703125,24.478744506835938,3350
2019-07-30,41.599998474121094,41.720001220703125,41.119998931884766,41.599998474121094,24.408329010009766,5800
2019-07-31,41.63999938964844,42.0,41.439998626708984,41.7599983215332,24.5022029876709,8475
2019-08-01,41.79999923706055,42.36000061035156,40.119998931884766,40.119998931884766,23.53995704650879,18600
2019-08-02,40.52000045776367,41.2400016784668,40.040000915527344,40.2400016784668,23.610376358032227,5275
2019-08-05,40.0,40.2400016784668,38.68000030517578,39.36000061035156,23.094038009643555,13650
2019-08-06,39.68000030517578,40.15999984741211,38.84000015258789,39.400001525878906,23.117515563964844,13175
2019-08-07,39.31999969482422,39.91999816894531,37.68000030517578,38.79999923706055,22.765464782714844,36625
2019-08-08,38.91999816894531,39.36000061035156,38.720001220703125,38.880001068115234,22.812402725219727,16925
2019-08-09,39.0,40.2400016784668,39.0,39.279998779296875,23.047103881835938,5625
2019-08-12,39.439998626708984,39.63999938964844,38.119998931884766,38.400001525878906,22.530778884887695,15050
2019-08-13,38.52000045776367,39.400001525878906,38.52000045776367,39.15999984741211,22.976686477661133,5500
2019-08-14,38.79999923706055,39.2400016784668,38.47999954223633,38.599998474121094,22.648109436035156,4600
2019-08-15,38.2400016784668,39.20000076293945,38.08000183105469,38.08000183105469,22.5533504486084,4625
2019-08-16,38.400001525878906,38.7599983215332,38.279998779296875,38.400001525878906,22.74288558959961,1800
2019-08-19,38.880001068115234,39.439998626708984,38.08000183105469,39.279998779296875,23.264074325561523,5600
2019-08-20,39.2400016784668,39.31999969482422,38.84000015258789,38.84000015258789,23.00347137451172,3350
2019-08-21,39.2400016784668,39.79999923706055,38.7599983215332,39.08000183105469,23.145618438720703,3375
2019-08-22,39.279998779296875,39.68000030517578,38.52000045776367,39.08000183105469,23.145618438720703,4350
2019-08-23,38.959999084472656,39.040000915527344,37.439998626708984,37.880001068115234,22.434898376464844,5875
2019-08-26,38.040000915527344,38.2400016784668,37.15999984741211,37.36000061035156,22.126924514770508,5925
2019-08-27,37.279998779296875,37.439998626708984,36.79999923706055,37.040000915527344,21.937397003173828,4900
2019-08-28,37.31999969482422,37.959999084472656,37.0,37.880001068115234,22.434898376464844,9050
2019-08-29,38.0,38.31999969482422,37.91999816894531,38.040000915527344,22.5296630859375,1300
2019-08-30,38.400001525878906,38.47999954223633,38.2400016784668,38.400001525878906,22.74288558959961,4000
2019-09-03,38.08000183105469,38.31999969482422,38.0,38.119998931884766,22.577037811279297,3250
2019-09-04,38.52000045776367,38.79999923706055,38.52000045776367,38.68000030517578,22.908714294433594,2450
2019-09-05,38.79999923706055,39.15999984741211,38.79999923706055,38.79999923706055,22.97978401184082,8525
2019-09-06,38.880001068115234,39.439998626708984,38.599998474121094,39.279998779296875,23.264074325561523,5450
2019-09-09,39.560001373291016,39.959999084472656,39.560001373291016,39.720001220703125,23.524673461914062,2800
2019-09-10,39.880001068115234,40.20000076293945,39.880001068115234,40.15999984741211,23.785261154174805,4000
2019-09-11,40.0,41.91999816894531,39.91999816894531,40.0,23.690502166748047,17700
2019-09-12,40.040000915527344,41.0,40.040000915527344,40.79999923706055,24.164306640625,7625
2019-09-13,40.47999954223633,40.880001068115234,40.400001525878906,40.400001525878906,24.14040184020996,2100
2019-09-16,41.2400016784668,41.2400016784668,40.400001525878906,40.47999954223633,24.188209533691406,20350
2019-09-17,40.400001525878906,40.400001525878906,39.880001068115234,40.20000076293945,24.020885467529297,7575
2019-09-18,40.0,40.08000183105469,39.84000015258789,40.040000915527344,23.925310134887695,2475
2019-09-19,40.0,40.400001525878906,40.0,40.0,23.901391983032227,2250
2019-09-20,40.279998779296875,40.47999954223633,40.0,40.0,23.901391983032227,3550
2019-09-23,40.08000183105469,40.2400016784668,40.0,40.119998931884766,23.973098754882812,1200
2019-09-24,40.119998931884766,40.2400016784668,39.880001068115234,39.880001068115234,23.829687118530273,8100
2019-09-25,39.7599983215332,39.7599983215332,39.36000061035156,39.560001373291016,23.638465881347656,3200
2019-09-26,39.720001220703125,39.720001220703125,39.20000076293945,39.36000061035156,23.518964767456055,3850
2019-09-27,39.47999954223633,39.959999084472656,39.47999954223633,39.959999084472656,23.877487182617188,2350
2019-09-30,40.040000915527344,40.279998779296875,40.0,40.040000915527344,23.925310134887695,1525
2019-10-01,40.0,41.20000076293945,39.439998626708984,39.880001068115234,23.829687118530273,5175
2019-10-02,39.599998474121094,39.599998474121094,39.20000076293945,39.400001525878906,23.542871475219727,2250
2019-10-03,39.20000076293945,39.20000076293945,38.119998931884766,38.959999084472656,23.27995491027832,13250
2019-10-04,39.20000076293945,40.20000076293945,39.20000076293945,39.52000045776367,23.614580154418945,600
2019-10-07,39.47999954223633,40.20000076293945,39.36000061035156,39.400001525878906,23.542871475219727,4375
2019-10-08,39.439998626708984,39.439998626708984,38.79999923706055,39.0,23.303852081298828,3175
2019-10-09,39.119998931884766,39.720001220703125,38.880001068115234,39.08000183105469,23.351655960083008,1725
2019-10-10,39.0,39.119998931884766,38.20000076293945,38.560001373291016,23.040945053100586,4125
2019-10-11,38.68000030517578,39.040000915527344,38.560001373291016,39.040000915527344,23.3277645111084,9150
2019-10-14,38.91999816894531,39.36000061035156,38.52000045776367,38.959999084472656,23.27995491027832,4475
2019-10-15,39.279998779296875,40.400001525878906,38.68000030517578,39.15999984741211,23.39946174621582,11025
2019-10-16,39.279998779296875,39.279998779296875,38.439998626708984,38.52000045776367,23.01703453063965,8250
2019-10-17,38.15999984741211,38.400001525878906,37.52000045776367,38.2400016784668,23.06529426574707,13625
2019-10-18,38.279998779296875,38.63999938964844,37.91999816894531,38.36000061035156,23.13767433166504,14175
2019-10-21,38.439998626708984,38.63999938964844,37.7599983215332,38.2400016784668,23.06529426574707,10025
2019-10-22,38.20000076293945,38.52000045776367,37.91999816894531,38.08000183105469,22.968788146972656,6300
2019-10-23,38.2400016784668,38.400001525878906,38.0,38.20000076293945,23.041166305541992,6175
2019-10-24,38.279998779296875,38.52000045776367,37.84000015258789,38.15999984741211,23.017032623291016,5425
2019-10-25,38.279998779296875,38.31999969482422,37.52000045776367,37.880001068115234,22.84815788269043,10150
2019-10-28,38.0,38.439998626708984,37.560001373291016,37.560001373291016,22.655136108398438,11875
2019-10-29,37.439998626708984,37.84000015258789,37.31999969482422,37.52000045776367,22.63101577758789,9275
2019-10-30,37.720001220703125,38.040000915527344,37.599998474121094,37.63999938964844,22.703380584716797,2000
2019-10-31,37.880001068115234,38.0,37.31999969482422,37.47999954223633,22.60688591003418,6850
2019-11-01,37.7599983215332,38.20000076293945,37.599998474121094,38.20000076293945,23.041166305541992,8575
2019-11-04,38.400001525878906,39.040000915527344,38.400001525878906,38.560001373291016,23.258310317993164,8825
2019-11-05,38.7599983215332,38.880001068115234,38.279998779296875,38.36000061035156,23.13767433166504,3025
2019-11-06,38.560001373291016,38.599998474121094,37.84000015258789,38.040000915527344,22.944656372070312,4575
2019-11-07,38.400001525878906,38.400001525878906,37.68000030517578,38.36000061035156,23.13767433166504,5650
2019-11-08,38.040000915527344,38.36000061035156,37.880001068115234,38.119998931884766,22.992918014526367,5350
2019-11-11,38.279998779296875,38.84000015258789,37.47999954223633,37.47999954223633,22.60688591003418,9575
2019-11-12,37.880001068115234,37.959999084472656,37.36000061035156,37.880001068115234,22.84815788269043,11625
2019-11-13,37.84000015258789,38.119998931884766,37.63999938964844,37.91999816894531,22.87228012084961,15850
2019-11-14,37.63999938964844,37.68000030517578,37.119998931884766,37.119998931884766,22.604339599609375,5000
2019-11-15,37.47999954223633,37.47999954223633,37.15999984741211,37.20000076293945,22.65305519104004,6225
2019-11-18,37.040000915527344,37.47999954223633,36.79999923706055,37.279998779296875,22.701772689819336,7225
2019-11-19,37.52000045776367,37.560001373291016,37.20000076293945,37.31999969482422,22.726137161254883,7100
2019-11-20,37.2400016784668,37.68000030517578,36.84000015258789,37.68000030517578,22.945354461669922,7850
2019-11-21,37.880001068115234,38.599998474121094,37.880001068115234,38.119998931884766,23.213287353515625,2775
2019-11-22,38.400001525878906,38.400001525878906,37.91999816894531,38.0,23.140220642089844,4775
2019-11-25,37.7599983215332,37.959999084472656,37.119998931884766,37.52000045776367,22.847923278808594,9500
2019-11-26,37.79999923706055,37.880001068115234,37.20000076293945,37.20000076293945,22.65305519104004,6050
2019-11-27,37.36000061035156,37.720001220703125,36.880001068115234,37.68000030517578,22.945354461669922,6750
2019-11-29,37.47999954223633,37.84000015258789,37.31999969482422,37.84000015258789,23.042789459228516,1475
2019-12-02,38.15999984741211,38.15999984741211,37.560001373291016,37.880001068115234,23.0671443939209,3300
2019-12-03,37.84000015258789,38.36000061035156,37.560001373291016,38.36000061035156,23.35943603515625,4150
2019-12-04,38.15999984741211,38.279998779296875,37.91999816894531,38.279998779296875,23.31072235107422,5225
2019-12-05,38.279998779296875,38.36000061035156,38.08000183105469,38.15999984741211,23.237640380859375,10400
2019-12-06,38.119998931884766,39.0,37.720001220703125,39.0,23.74917221069336,13825
2019-12-09,38.91999816894531,40.91999816894531,38.47999954223633,39.959999084472656,24.33377456665039,12250
2019-12-10,40.040000915527344,40.36000061035156,39.279998779296875,39.279998779296875,23.919675827026367,7625
2019-12-11,39.279998779296875,39.52000045776367,39.15999984741211,39.20000076293945,23.870962142944336,3525
2019-12-12,38.959999084472656,39.68000030517578,38.959999084472656,39.52000045776367,24.06583023071289,6600
2019-12-13,39.20000076293945,39.20000076293945,38.599998474121094,38.720001220703125,23.795419692993164,3400
2019-12-16,39.040000915527344,39.68000030517578,38.880001068115234,39.599998474121094,24.336233139038086,5000
2019-12-17,39.439998626708984,40.08000183105469,39.400001525878906,39.599998474121094,24.336233139038086,10875
2019-12-18,39.400001525878906,39.959999084472656,39.2400016784668,39.720001220703125,24.409975051879883,8350
2019-12-19,39.7599983215332,40.15999984741211,39.68000030517578,39.91999816894531,24.53289031982422,4500
2019-12-20,40.119998931884766,40.400001525878906,39.84000015258789,40.08000183105469,24.631216049194336,10325
2019-12-23,40.119998931884766,40.2400016784668,39.599998474121094,39.63999938964844,24.360815048217773,6425
2019-12-24,39.63999938964844,40.2400016784668,39.63999938964844,40.08000183105469,24.631216049194336,4450
2019-12-26,40.439998626708984,40.880001068115234,40.08000183105469,40.52000045776367,24.901615142822266,11400
2019-12-27,40.79999923706055,41.0,39.599998474121094,39.959999084472656,24.557476043701172,11800
2019-12-30,39.91999816894531,40.36000061035156,39.2400016784668,39.84000015258789,24.48372459411621,10500
2019-12-31,40.47999954223633,40.959999084472656,40.119998931884766,40.91999816894531,25.147430419921875,8800
2020-01-02,41.439998626708984,41.880001068115234,40.959999084472656,41.63999938964844,25.58991050720215,23875
2020-01-03,41.84000015258789,42.0,40.880001068115234,41.119998931884766,25.270339965820312,11425
2020-01-06,41.439998626708984,41.880001068115234,41.439998626708984,41.84000015258789,25.71282196044922,2900
2020-01-07,41.880001068115234,42.0,41.47999954223633,41.720001220703125,25.639076232910156,3825
2020-01-08,41.880001068115234,41.959999084472656,40.880001068115234,40.959999084472656,25.17203140258789,4675
2020-01-09,41.040000915527344,41.36000061035156,40.959999084472656,41.0,25.19659996032715,4650
2020-01-10,41.279998779296875,41.279998779296875,40.720001220703125,40.79999923706055,25.073694229125977,1975
2020-01-13,40.84000015258789,41.08000183105469,40.63999938964844,40.91999816894531,25.147430419921875,5850
2020-01-14,40.880001068115234,41.2400016784668,40.84000015258789,41.08000183105469,25.24576187133789,11525
2020-01-15,41.08000183105469,41.720001220703125,41.08000183105469,41.36000061035156,25.4178466796875,4250
2020-01-16,41.0,41.560001373291016,40.84000015258789,40.880001068115234,25.343446731567383,7025
2020-01-17,40.84000015258789,40.959999084472656,40.36000061035156,40.400001525878906,25.045866012573242,7750
2020-01-21,40.36000061035156,40.68000030517578,39.84000015258789,40.20000076293945,24.921873092651367,7250
2020-01-22,40.08000183105469,40.08000183105469,39.560001373291016,39.79999923706055,24.67389678955078,7125
2020-01-23,39.47999954223633,39.84000015258789,39.2400016784668,39.84000015258789,24.698699951171875,10750
2020-01-24,40.0,40.720001220703125,38.400001525878906,38.84000015258789,24.078754425048828,16300
2020-01-27,38.36000061035156,38.36000061035156,37.880001068115234,37.880001068115234,23.483606338500977,10275
2020-01-28,38.47999954223633,38.52000045776367,38.040000915527344,38.08000183105469,23.607595443725586,9175
2020-01-29,38.47999954223633,38.880001068115234,38.08000183105469,38.31999969482422,23.756378173828125,12775
2020-01-30,38.119998931884766,38.31999969482422,37.63999938964844,38.0,23.557994842529297,8750
2020-01-31,38.040000915527344,38.040000915527344,37.2400016784668,37.36000061035156,23.161226272583008,7425
2020-02-03,37.400001525878906,37.79999923706055,37.279998779296875,37.560001373291016,23.285221099853516,8075
2020-02-04,38.15999984741211,38.560001373291016,37.959999084472656,38.279998779296875,23.73158073425293,3075
2020-02-05,38.599998474121094,39.119998931884766,38.599998474121094,39.0,24.17794418334961,7400
2020-02-06,39.15999984741211,39.15999984741211,38.7599983215332,38.7599983215332,24.029159545898438,2825
2020-02-07,38.84000015258789,39.36000061035156,38.68000030517578,38.68000030517578,23.979562759399414,6775
2020-02-10,38.68000030517578,38.880001068115234,38.15999984741211,38.2400016784668,23.706789016723633,3450
2020-02-11,38.63999938964844,38.91999816894531,38.560001373291016,38.560001373291016,23.905174255371094,6250
2020-02-12,39.08000183105469,39.599998474121094,39.08000183105469,39.08000183105469,24.227535247802734,4925
2020-02-13,38.79999923706055,38.880001068115234,38.31999969482422,38.36000061035156,24.002283096313477,11175
2020-02-14,38.91999816894531,38.91999816894531,38.08000183105469,38.439998626708984,24.052343368530273,5250
2020-02-18,38.36000061035156,38.7599983215332,38.31999969482422,38.63999938964844,24.177478790283203,2700
2020-02-19,38.959999084472656,39.15999984741211,38.959999084472656,39.08000183105469,24.452796936035156,4025
2020-02-20,39.2400016784668,39.79999923706055,39.2400016784668,39.599998474121094,24.778169631958008,4550
2020-02-21,39.63999938964844,39.63999938964844,39.2400016784668,39.2400016784668,24.55291175842285,5150
2020-02-24,38.31999969482422,38.47999954223633,37.959999084472656,38.2400016784668,23.927194595336914,9825
2020-02-25,38.599998474121094,38.599998474121094,37.15999984741211,37.279998779296875,23.326520919799805,24100
2020-02-26,36.84000015258789,37.2400016784668,36.599998474121094,36.599998474121094,22.901031494140625,10300
2020-02-27,35.959999084472656,35.959999084472656,32.720001220703125,34.36000061035156,21.499431610107422,15250
2020-02-28,34.119998931884766,35.68000030517578,32.2400016784668,35.63999938964844,22.30034828186035,28575
2020-03-02,35.20000076293945,36.15999984741211,34.279998779296875,35.119998931884766,21.974985122680664,16300
2020-03-03,35.720001220703125,36.400001525878906,34.91999816894531,34.959999084472656,21.87486457824707,9675
2020-03-04,35.36000061035156,35.47999954223633,35.20000076293945,35.2400016784668,22.050073623657227,6250
2020-03-05,35.0,35.7599983215332,34.119998931884766,34.560001373291016,21.624588012695312,9800
2020-03-06,34.31999969482422,34.31999969482422,32.63999938964844,33.08000183105469,20.698532104492188,15425
2020-03-09,31.760000228881836,31.760000228881836,26.559999465942383,27.719999313354492,17.3447208404541,36275
2020-03-10,30.760000228881836,31.040000915527344,22.0,23.760000228881836,14.866900444030762,47275
2020-03-11,23.360000610351562,25.360000610351562,20.719999313354492,21.520000457763672,13.465310096740723,20325
2020-03-12,20.0,20.520000457763672,14.079999923706055,15.520000457763672,9.711042404174805,42775
2020-03-13,16.040000915527344,17.68000030517578,16.040000915527344,17.600000381469727,11.274030685424805,30250
2020-03-16,16.200000762939453,16.200000762939453,13.0,14.0,8.967978477478027,23300
2020-03-17,15.15999984741211,15.15999984741211,12.039999961853027,12.680000305175781,8.122424125671387,30425
2020-03-18,13.640000343322754,13.640000343322754,6.0,7.920000076293945,5.073314189910889,65350
2020-03-19,8.239999771118164,15.5600004196167,8.239999771118164,11.399999618530273,7.30249547958374,28500
2020-03-20,12.15999984741211,15.119999885559082,12.0,13.039999961853027,8.35303020477295,31775
2020-03-23,13.920000076293945,13.920000076293945,9.960000038146973,9.960000038146973,6.380075454711914,39675
2020-03-24,10.920000076293945,12.800000190734863,10.84000015258789,11.4399995803833,7.328118801116943,22975
2020-03-25,11.880000114440918,15.399999618530273,11.800000190734863,15.199999809265137,9.736662864685059,30150
2020-03-26,16.0,16.1200008392334,13.800000190734863,14.359999656677246,9.198582649230957,18600
2020-03-27,14.640000343322754,14.640000343322754,13.720000267028809,13.920000076293945,8.916736602783203,8275
2020-03-30,14.399999618530273,14.399999618530273,12.5600004196167,13.800000190734863,8.839861869812012,9450
2020-03-31,14.479999542236328,15.039999961853027,13.84000015258789,14.119999885559082,9.044848442077637,13950
2020-04-01,14.079999923706055,15.239999771118164,13.920000076293945,14.5600004196167,9.326696395874023,26775
2020-04-02,14.880000114440918,17.360000610351562,14.600000381469727,15.279999732971191,9.787907600402832,13325
2020-04-03,15.600000381469727,15.880000114440918,14.0,15.880000114440918,10.172247886657715,12650
2020-04-06,16.760000228881836,17.079999923706055,14.960000038146973,15.359999656677246,9.839152336120605,2825
2020-04-07,16.280000686645508,17.200000762939453,15.520000457763672,16.079999923706055,10.300365447998047,12975
2020-04-08,15.84000015258789,17.799999237060547,15.84000015258789,17.1200008392334,10.966560363769531,21975
2020-04-09,18.15999984741211,19.360000610351562,16.280000686645508,17.1200008392334,10.966560363769531,18200
2020-04-13,18.280000686645508,19.15999984741211,17.200000762939453,18.360000610351562,11.760863304138184,19150
2020-04-14,19.15999984741211,19.15999984741211,16.760000228881836,17.639999389648438,11.299651145935059,10350
2020-04-15,17.719999313354492,18.399999618530273,16.31999969482422,18.399999618530273,11.78648853302002,15350
2020-04-16,18.079999923706055,18.1200008392334,17.399999618530273,17.8799991607666,11.453388214111328,6650
2020-04-17,17.8799991607666,19.360000610351562,17.559999465942383,17.760000228881836,11.376521110534668,7175
2020-04-20,17.0,18.920000076293945,16.799999237060547,18.200000762939453,11.658373832702637,13550
2020-04-21,17.639999389648438,19.440000534057617,17.639999389648438,19.079999923706055,12.22206974029541,7000
2020-04-22,19.079999923706055,20.440000534057617,18.360000610351562,20.239999771118164,12.965129852294922,17375
2020-04-23,20.479999542236328,21.520000457763672,20.280000686645508,20.8799991607666,13.37509536743164,12075
2020-04-24,20.920000076293945,20.920000076293945,19.31999969482422,19.920000076293945,12.760150909423828,9650
2020-04-27,19.8799991607666,20.0,18.200000762939453,18.31999969482422,11.735238075256348,15675
2020-04-28,18.760000228881836,19.600000381469727,18.479999542236328,18.600000381469727,11.91460132598877,6775
2020-04-29,18.920000076293945,20.1200008392334,18.920000076293945,20.0,12.811395645141602,8800
2020-04-30,20.1200008392334,20.639999389648438,18.639999389648438,18.719999313354492,11.991467475891113,17200
2020-05-01,19.0,19.0,17.8799991607666,18.31999969482422,11.735238075256348,5875
2020-05-04,17.479999542236328,18.0,16.760000228881836,17.920000076293945,11.479015350341797,14975
2020-05-05,18.280000686645508,18.600000381469727,18.040000915527344,18.040000915527344,11.555878639221191,15100
2020-05-06,18.31999969482422,18.31999969482422,17.68000030517578,17.959999084472656,11.504632949829102,13675
2020-05-07,18.479999542236328,18.959999084472656,18.280000686645508,18.84000015258789,12.068336486816406,10850
2020-05-08,18.920000076293945,18.920000076293945,18.399999618530273,18.559999465942383,11.888976097106934,7325
2020-05-11,18.040000915527344,18.760000228881836,18.040000915527344,18.559999465942383,11.888976097106934,6875
2020-05-12,19.0,19.440000534057617,18.920000076293945,18.920000076293945,12.11958122253418,8875
2020-05-13,18.719999313354492,19.0,17.760000228881836,17.760000228881836,11.376521110534668,4625
2020-05-14,17.760000228881836,17.920000076293945,17.079999923706055,17.84000015258789,11.427765846252441,5675
2020-05-15,17.520000457763672,18.600000381469727,17.520000457763672,18.600000381469727,11.91460132598877,4925
2020-05-18,19.079999923706055,19.479999542236328,18.719999313354492,19.399999618530273,12.427054405212402,8775
2020-05-19,18.8799991607666,19.799999237060547,18.719999313354492,19.200000762939453,12.298944473266602,10825
2020-05-20,19.239999771118164,19.8799991607666,19.239999771118164,19.84000015258789,12.708906173706055,6800
2020-05-21,19.959999084472656,20.15999984741211,19.399999618530273,19.559999465942383,12.529546737670898,11700
2020-05-22,19.760000228881836,19.799999237060547,19.239999771118164,19.799999237060547,12.683279037475586,5450
2020-05-26,20.1200008392334,20.520000457763672,19.719999313354492,19.799999237060547,12.683279037475586,8050
2020-05-27,19.799999237060547,20.360000610351562,19.719999313354492,19.920000076293945,12.760150909423828,10625
2020-05-28,19.719999313354492,20.399999618530273,19.719999313354492,19.760000228881836,12.657663345336914,6675
2020-05-29,19.68000030517578,20.399999618530273,19.68000030517578,20.31999969482422,13.016377449035645,5975
2020-06-01,20.1200008392334,21.959999084472656,20.1200008392334,21.8799991607666,14.015664100646973,19700
2020-06-02,21.959999084472656,21.959999084472656,21.200000762939453,21.68000030517578,13.887553215026855,12925
2020-06-03,21.920000076293945,22.479999542236328,21.799999237060547,22.31999969482422,14.29751968383789,17450
2020-06-04,22.399999618530273,23.31999969482422,22.239999771118164,22.559999465942383,14.451255798339844,25950
2020-06-05,23.399999618530273,24.639999389648438,22.920000076293945,24.399999618530273,15.629899024963379,40300
2020-06-08,25.639999389648438,26.0,25.1200008392334,25.520000457763672,16.34734344482422,44900
2020-06-09,25.959999084472656,25.959999084472656,24.600000381469727,25.0,16.014244079589844,26750
2020-06-10,25.040000915527344,25.280000686645508,24.399999618530273,25.0,16.014244079589844,30625
2020-06-11,24.0,24.600000381469727,22.239999771118164,24.559999465942383,15.732394218444824,35225
2020-06-12,24.360000610351562,24.360000610351562,22.040000915527344,22.84000015258789,15.102882385253906,18200
2020-06-15,22.18000030517578,22.799999237060547,21.219999313354492,22.510000228881836,14.884675025939941,21300
2020-06-16,22.850000381469727,23.270000457763672,21.520000457763672,21.520000457763672,14.230040550231934,26600
2020-06-17,21.06999969482422,21.469999313354492,20.25,20.389999389648438,13.482833862304688,29000
2020-06-18,19.81999969482422,20.299999237060547,19.81999969482422,20.010000228881836,13.231562614440918,25100
2020-06-19,20.049999237060547,20.309999465942383,19.68000030517578,19.709999084472656,13.033185958862305,19200
2020-06-22,19.719999313354492,19.8799991607666,19.649999618530273,19.670000076293945,13.006731986999512,19700
2020-06-23,19.790000915527344,19.969999313354492,19.510000228881836,19.510000228881836,12.900938987731934,13900
2020-06-24,19.5,19.5,18.0,18.270000457763672,12.0809907913208,40000
2020-06-25,18.329999923706055,18.8700008392334,18.31999969482422,18.31999969482422,12.11404800415039,23200
2020-06-26,18.479999542236328,18.479999542236328,17.40999984741211,17.65999984741211,11.677627563476562,18500
2020-06-29,17.559999465942383,18.040000915527344,17.549999237060547,18.040000915527344,11.928900718688965,29400
2020-06-30,18.040000915527344,18.440000534057617,17.989999771118164,18.239999771118164,12.061153411865234,13400
2020-07-01,18.299999237060547,18.639999389648438,18.010000228881836,18.100000381469727,11.968581199645996,25500
2020-07-02,18.170000076293945,18.219999313354492,18.0,18.0,11.902454376220703,15700
2020-07-06,18.219999313354492,18.459999084472656,17.549999237060547,17.559999465942383,11.611502647399902,27600
2020-07-07,17.280000686645508,17.56999969482422,17.020000457763672,17.440000534057617,11.532150268554688,11800
2020-07-08,17.350000381469727,17.639999389648438,17.299999237060547,17.399999618530273,11.505701065063477,31200
2020-07-09,17.399999618530273,17.399999618530273,16.780000686645508,16.90999984741211,11.181693077087402,9700
2020-07-10,16.889999389648438,17.190000534057617,16.829999923706055,16.969999313354492,11.221364974975586,10500
2020-07-13,16.920000076293945,17.0,16.149999618530273,16.270000457763672,10.835114479064941,39600
2020-07-14,16.270000457763672,16.579999923706055,16.170000076293945,16.360000610351562,10.895050048828125,13100
2020-07-15,16.809999465942383,17.399999618530273,16.809999465942383,17.399999618530273,11.587639808654785,22100
2020-07-16,17.450000762939453,17.450000762939453,17.100000381469727,17.280000686645508,11.507729530334473,8500
2020-07-17,17.190000534057617,17.5,17.190000534057617,17.420000076293945,11.600963592529297,8700
2020-07-20,17.350000381469727,17.479999542236328,17.350000381469727,17.43000030517578,11.607622146606445,9100
2020-07-21,17.549999237060547,18.229999542236328,17.549999237060547,18.229999542236328,12.140389442443848,28200
2020-07-22,18.239999771118164,18.239999771118164,17.860000610351562,18.239999771118164,12.147049903869629,5500
2020-07-23,18.18000030517578,18.239999771118164,17.860000610351562,18.239999771118164,12.147049903869629,10100
2020-07-24,18.06999969482422,18.219999313354492,18.030000686645508,18.100000381469727,12.053818702697754,11300
2020-07-27,18.0,18.049999237060547,17.829999923706055,17.899999618530273,11.920619010925293,18100
2020-07-28,17.780000686645508,17.899999618530273,17.5,17.75,11.820727348327637,20600
2020-07-29,17.829999923706055,18.229999542236328,17.700000762939453,18.190000534057617,12.113747596740723,9200
2020-07-30,18.020000457763672,18.049999237060547,17.81999969482422,17.850000381469727,11.887325286865234,6000
2020-07-31,17.770000457763672,18.100000381469727,17.739999771118164,18.09000015258789,12.047152519226074,9400
2020-08-03,18.09000015258789,18.290000915527344,18.020000457763672,18.290000915527344,12.180341720581055,16300
2020-08-04,18.290000915527344,18.479999542236328,18.0,18.450000762939453,12.286897659301758,18300
2020-08-05,18.649999618530273,18.899999618530273,18.6200008392334,18.75,12.486681938171387,21700
2020-08-06,18.81999969482422,18.84000015258789,18.520000457763672,18.809999465942383,12.526640892028809,7900
2020-08-07,18.75,18.799999237060547,18.649999618530273,18.799999237060547,12.51998233795166,3500
2020-08-10,19.0,19.25,19.0,19.110000610351562,12.726430892944336,12400
2020-08-11,19.329999923706055,19.43000030517578,18.950000762939453,18.950000762939453,12.619874954223633,10400
2020-08-12,19.1299991607666,19.3799991607666,19.100000381469727,19.299999237060547,12.8529634475708,6300
2020-08-13,19.18000030517578,19.200000762939453,18.920000076293945,19.059999465942383,12.693131446838379,5700
2020-08-14,18.90999984741211,19.290000915527344,18.889999389648438,19.260000228881836,12.907586097717285,6000
2020-08-17,19.360000610351562,19.360000610351562,18.860000610351562,19.18000030517578,12.853974342346191,22000
2020-08-18,19.219999313354492,19.219999313354492,18.850000381469727,18.969999313354492,12.713234901428223,9600
2020-08-19,19.010000228881836,19.010000228881836,18.790000915527344,18.809999465942383,12.606005668640137,4900
2020-08-20,18.75,18.899999618530273,18.450000762939453,18.790000915527344,12.592604637145996,5400
2020-08-21,18.540000915527344,18.770000457763672,18.399999618530273,18.530000686645508,12.418360710144043,4500
2020-08-24,18.600000381469727,18.65999984741211,18.559999465942383,18.559999465942383,12.43846321105957,9100
2020-08-25,18.700000762939453,18.739999771118164,18.110000610351562,18.1299991607666,12.150285720825195,11100
2020-08-26,18.049999237060547,18.200000762939453,17.709999084472656,17.75,11.89561939239502,9000
2020-08-27,17.700000762939453,17.950000762939453,17.59000015258789,17.700000762939453,11.862113952636719,12100
2020-08-28,17.889999389648438,18.329999923706055,17.799999237060547,18.329999923706055,12.284323692321777,12000
2020-08-31,18.18000030517578,18.18000030517578,17.889999389648438,17.950000762939453,12.029656410217285,11000
2020-09-01,17.90999984741211,17.90999984741211,17.700000762939453,17.709999084472656,11.868812561035156,5900
2020-09-02,17.68000030517578,17.770000457763672,17.6299991607666,17.700000762939453,11.862113952636719,7800
2020-09-03,17.75,17.770000457763672,17.350000381469727,17.3700008392334,11.640955924987793,8100
2020-09-04,17.479999542236328,17.479999542236328,17.030000686645508,17.399999618530273,11.661055564880371,5300
2020-09-08,17.260000228881836,17.260000228881836,16.950000762939453,16.959999084472656,11.36618423461914,17300
2020-09-09,17.09000015258789,17.229999542236328,17.09000015258789,17.149999618530273,11.493514060974121,6000
2020-09-10,17.190000534057617,17.200000762939453,16.969999313354492,17.040000915527344,11.419795989990234,4400
2020-09-11,17.049999237060547,17.049999237060547,16.780000686645508,16.8700008392334,11.305867195129395,5700
2020-09-14,16.760000228881836,17.219999313354492,16.760000228881836,16.959999084472656,11.447609901428223,11400
2020-09-15,17.1299991607666,17.1299991607666,16.8700008392334,16.889999389648438,11.400362968444824,10800
2020-09-16,17.010000228881836,17.350000381469727,16.93000030517578,17.350000381469727,11.710854530334473,15600
2020-09-17,17.139999389648438,17.139999389648438,16.899999618530273,17.0,11.474610328674316,9400
2020-09-18,17.040000915527344,17.25,16.75,16.809999465942383,11.346366882324219,9300
2020-09-21,16.760000228881836,16.760000228881836,16.309999465942383,16.43000030517578,11.089876174926758,10800
2020-09-22,16.43000030517578,17.06999969482422,16.280000686645508,16.280000686645508,10.988627433776855,7500
2020-09-23,16.34000015258789,16.420000076293945,15.670000076293945,15.84000015258789,10.69163703918457,11800
2020-09-24,15.8100004196167,15.8100004196167,15.260000228881836,15.40999984741211,10.401397705078125,20200
2020-09-25,15.300000190734863,15.609999656677246,15.300000190734863,15.479999542236328,10.44864559173584,6100
2020-09-28,15.5,15.989999771118164,15.5,15.84000015258789,10.69163703918457,7600
2020-09-29,15.739999771118164,16.040000915527344,15.65999984741211,15.680000305175781,10.58364200592041,7200
2020-09-30,15.699999809265137,16.010000228881836,15.510000228881836,15.510000228881836,10.468897819519043,10600
2020-10-01,15.460000038146973,15.600000381469727,15.449999809265137,15.510000228881836,10.468897819519043,11600
2020-10-02,15.350000381469727,15.739999771118164,15.350000381469727,15.729999542236328,10.617392539978027,10900
2020-10-05,15.84000015258789,16.479999542236328,15.84000015258789,16.15999984741211,10.907629013061523,7600
2020-10-06,16.290000915527344,16.889999389648438,16.290000915527344,16.520000457763672,11.150619506835938,13900
2020-10-07,16.540000915527344,16.860000610351562,16.510000228881836,16.75,11.305867195129395,9800
2020-10-08,16.850000381469727,17.59000015258789,16.850000381469727,17.489999771118164,11.805352210998535,19900
2020-10-09,17.559999465942383,17.6200008392334,17.3799991607666,17.389999389648438,11.737849235534668,8800
2020-10-12,17.31999969482422,17.469999313354492,17.219999313354492,17.290000915527344,11.670351028442383,16200
2020-10-13,17.200000762939453,17.239999771118164,16.90999984741211,17.200000762939453,11.609606742858887,20400
2020-10-14,17.079999923706055,17.549999237060547,17.079999923706055,17.350000381469727,11.710854530334473,34900
2020-10-15,17.149999618530273,17.329999923706055,17.0,17.280000686645508,11.663606643676758,26100
2020-10-16,17.1299991607666,17.579999923706055,17.1299991607666,17.139999389648438,11.650008201599121,12700
2020-10-19,17.290000915527344,17.290000915527344,16.690000534057617,16.809999465942383,11.425710678100586,8400
2020-10-20,16.809999465942383,17.1299991607666,16.809999465942383,17.100000381469727,11.622823715209961,4100
2020-10-21,16.979999542236328,17.040000915527344,16.739999771118164,16.760000228881836,11.391727447509766,7200
2020-10-22,16.760000228881836,17.25,16.760000228881836,17.239999771118164,11.71798038482666,11000
2020-10-23,17.25,17.350000381469727,16.969999313354492,17.059999465942383,11.595633506774902,7500
2020-10-26,16.90999984741211,16.920000076293945,16.479999542236328,16.520000457763672,11.228598594665527,3600
2020-10-27,16.6200008392334,16.6200008392334,16.350000381469727,16.360000610351562,11.119847297668457,6400
2020-10-28,16.100000381469727,16.100000381469727,15.760000228881836,15.779999732971191,10.72562313079834,15200
2020-10-29,15.649999618530273,15.9399995803833,15.569999694824219,15.920000076293945,10.820780754089355,6600
2020-10-30,15.869999885559082,15.869999885559082,15.649999618530273,15.680000305175781,10.657652854919434,13100
2020-11-02,15.65999984741211,16.020000457763672,15.65999984741211,15.819999694824219,10.752811431884766,8100
2020-11-03,16.040000915527344,16.270000457763672,16.040000915527344,16.149999618530273,10.97711181640625,6400
2020-11-04,16.3700008392334,16.43000030517578,16.15999984741211,16.350000381469727,11.113048553466797,9100
2020-11-05,16.43000030517578,16.780000686645508,16.399999618530273,16.6299991607666,11.303361892700195,7200
2020-11-06,16.6299991607666,16.690000534057617,16.25,16.25,11.045079231262207,18000
2020-11-09,17.389999389648438,17.690000534057617,16.8700008392334,17.420000076293945,11.840330123901367,15800
2020-11-10,17.510000228881836,17.899999618530273,17.399999618530273,17.81999969482422,12.112207412719727,10600
2020-11-11,18.0,18.18000030517578,18.0,18.010000228881836,12.241350173950195,9100
2020-11-12,17.989999771118164,18.209999084472656,17.8700008392334,18.0,12.234549522399902,11300
2020-11-13,17.90999984741211,18.280000686645508,17.90999984741211,18.280000686645508,12.508252143859863,6100
2020-11-16,18.56999969482422,19.059999465942383,18.56999969482422,18.850000381469727,12.898283004760742,11600
2020-11-17,18.780000686645508,19.290000915527344,18.729999542236328,19.170000076293945,13.117243766784668,11800
2020-11-18,19.34000015258789,19.809999465942383,19.299999237060547,19.549999237060547,13.377262115478516,17500
2020-11-19,19.40999984741211,20.170000076293945,19.40999984741211,20.149999618530273,13.78781509399414,16500
2020-11-20,20.1200008392334,20.209999084472656,19.90999984741211,19.920000076293945,13.63044261932373,8200
2020-11-23,20.110000610351562,20.75,20.100000381469727,20.75,14.198371887207031,27400
2020-11-24,20.829999923706055,21.399999618530273,20.5,21.209999084472656,14.51313304901123,27900
2020-11-25,21.219999313354492,21.219999313354492,20.790000915527344,21.06999969482422,14.41733169555664,14100
2020-11-27,21.1200008392334,21.239999771118164,20.860000610351562,20.90999984741211,14.307859420776367,3700
2020-11-30,20.760000228881836,20.8799991607666,20.31999969482422,20.399999618530273,13.958883285522461,10900
2020-12-01,20.639999389648438,21.040000915527344,20.6299991607666,20.84000015258789,14.259953498840332,16300
2020-12-02,20.780000686645508,21.5,20.649999618530273,21.5,14.711566925048828,19000
2020-12-03,21.5,22.100000381469727,21.280000686645508,21.8700008392334,14.964750289916992,17400
2020-12-04,22.1299991607666,22.809999465942383,21.639999389648438,22.75,15.566893577575684,14200
2020-12-07,22.6299991607666,22.790000915527344,22.239999771118164,22.549999237060547,15.430044174194336,14600
2020-12-08,22.3799991607666,22.899999618530273,22.3799991607666,22.75,15.566893577575684,9800
2020-12-09,22.979999542236328,23.18000030517578,22.3700008392334,22.40999984741211,15.334244728088379,8900
2020-12-10,22.43000030517578,23.1200008392334,22.43000030517578,23.1200008392334,15.820068359375,26400
2020-12-11,23.100000381469727,23.100000381469727,22.770000457763672,23.079999923706055,15.875090599060059,8300
2020-12-14,23.239999771118164,23.239999771118164,22.40999984741211,22.729999542236328,15.634360313415527,15200
2020-12-15,22.65999984741211,23.260000228881836,22.649999618530273,23.219999313354492,15.971390724182129,21600
2020-12-16,23.389999389648438,23.389999389648438,22.889999389648438,22.93000030517578,15.771919250488281,10200
2020-12-17,22.81999969482422,23.0,22.81999969482422,22.8700008392334,15.730648040771484,6000
2020-12-18,22.809999465942383,22.850000381469727,22.610000610351562,22.610000610351562,15.551810264587402,8900
2020-12-21,22.270000457763672,22.270000457763672,21.860000610351562,21.90999984741211,15.070329666137695,19400
2020-12-22,21.860000610351562,22.100000381469727,21.110000610351562,21.110000610351562,14.520066261291504,15000
2020-12-23,21.389999389648438,21.950000762939453,21.389999389648438,21.850000381469727,15.029062271118164,20600
2020-12-24,21.90999984741211,22.1299991607666,21.6200008392334,21.770000457763672,14.974039077758789,14100
2020-12-28,21.8799991607666,21.8799991607666,21.389999389648438,21.459999084472656,14.760810852050781,13300
2020-12-29,21.459999084472656,21.8700008392334,21.030000686645508,21.520000457763672,14.802083969116211,29600
2020-12-30,21.399999618530273,21.469999313354492,20.959999084472656,21.260000228881836,14.623244285583496,35400
2020-12-31,21.100000381469727,21.329999923706055,21.09000015258789,21.329999923706055,14.671393394470215,20600
2021-01-04,21.770000457763672,21.790000915527344,21.200000762939453,21.450000762939453,14.753931045532227,11500
2021-01-05,21.450000762939453,22.860000610351562,21.450000762939453,22.84000015258789,15.710015296936035,10100
2021-01-06,23.010000228881836,23.559999465942383,23.0,23.389999389648438,16.08832550048828,25000
2021-01-07,23.399999618530273,24.18000030517578,23.399999618530273,23.860000610351562,16.41160011291504,13100
2021-01-08,24.06999969482422,24.239999771118164,23.65999984741211,23.790000915527344,16.36345100402832,15600
2021-01-11,23.5,23.93000030517578,23.31999969482422,23.780000686645508,16.3565731048584,15500
2021-01-12,23.850000381469727,24.709999084472656,23.850000381469727,24.56999969482422,16.89995765686035,30100
2021-01-13,24.690000534057617,24.899999618530273,24.440000534057617,24.860000610351562,17.099422454833984,13900
2021-01-14,24.969999313354492,25.290000915527344,24.8700008392334,25.1200008392334,17.278261184692383,11200
2021-01-15,24.899999618530273,24.899999618530273,24.5,24.780000686645508,17.126216888427734,12600
2021-01-19,25.0,25.049999237060547,24.6299991607666,24.729999542236328,17.091659545898438,8500
2021-01-20,24.739999771118164,24.739999771118164,24.43000030517578,24.559999465942383,16.97417449951172,15700
2021-01-21,24.559999465942383,24.559999465942383,23.860000610351562,24.049999237060547,16.621694564819336,26600
2021-01-22,23.739999771118164,23.75,23.450000762939453,23.700000762939453,16.379789352416992,12800
2021-01-25,23.559999465942383,23.760000228881836,23.329999923706055,23.520000457763672,16.255388259887695,16100
2021-01-26,23.540000915527344,24.100000381469727,23.420000076293945,23.559999465942383,16.283037185668945,6300
2021-01-27,23.09000015258789,23.299999237060547,22.270000457763672,22.420000076293945,15.495148658752441,17800
2021-01-28,22.43000030517578,23.719999313354492,22.399999618530273,22.709999084472656,15.695576667785645,25800
2021-01-29,22.520000457763672,22.989999771118164,22.219999313354492,22.329999923706055,15.432942390441895,24200
2021-02-01,22.440000534057617,22.68000030517578,21.899999618530273,22.520000457763672,15.564258575439453,3300
2021-02-02,22.809999465942383,23.139999389648438,22.799999237060547,22.950000762939453,15.861448287963867,16500
2021-02-03,22.959999084472656,24.170000076293945,22.959999084472656,24.170000076293945,16.704620361328125,4000
2021-02-04,24.049999237060547,24.049999237060547,23.239999771118164,23.649999618530273,16.34524154663086,14000
2021-02-05,23.84000015258789,23.850000381469727,23.670000076293945,23.770000457763672,16.428176879882812,1400
2021-02-08,23.989999771118164,24.190000534057617,23.950000762939453,24.049999237060547,16.621694564819336,4400
2021-02-09,23.969999313354492,23.969999313354492,23.68000030517578,23.690000534057617,16.372886657714844,8100
2021-02-10,23.6299991607666,24.059999465942383,23.6299991607666,23.809999465942383,16.455821990966797,5200
2021-02-11,23.8799991607666,23.989999771118164,23.530000686645508,23.75,16.414356231689453,13100
2021-02-12,23.469999313354492,23.90999984741211,23.469999313354492,23.829999923706055,16.55327796936035,14100
2021-02-16,24.1299991607666,24.280000686645508,23.950000762939453,24.1200008392334,16.75472068786621,17700
2021-02-17,24.299999237060547,24.389999389648438,23.559999465942383,23.899999618530273,16.601905822753906,9800
2021-02-18,23.899999618530273,23.899999618530273,23.40999984741211,23.489999771118164,16.317096710205078,4700
2021-02-19,23.540000915527344,23.850000381469727,23.540000915527344,23.579999923706055,16.379619598388672,4800
2021-02-22,23.639999389648438,24.1299991607666,23.639999389648438,24.1200008392334,16.75472068786621,19400
2021-02-23,24.139999389648438,24.34000015258789,23.299999237060547,24.309999465942383,16.886707305908203,24900
2021-02-24,24.399999618530273,25.31999969482422,24.229999542236328,24.850000381469727,17.261810302734375,22600
2021-02-25,25.020000457763672,25.079999923706055,24.420000076293945,24.440000534057617,16.977014541625977,4100
2021-02-26,24.200000762939453,24.200000762939453,23.559999465942383,23.809999465942383,16.539390563964844,6300
2021-03-01,23.809999465942383,24.700000762939453,23.40999984741211,24.549999237060547,17.053424835205078,24600
2021-03-02,24.610000610351562,24.850000381469727,24.520000457763672,24.780000686645508,17.21319007873535,2500
2021-03-03,24.65999984741211,24.969999313354492,24.600000381469727,24.709999084472656,17.16456413269043,9300
2021-03-04,24.84000015258789,25.290000915527344,24.5,24.790000915527344,17.220138549804688,16300
2021-03-05,25.260000228881836,25.260000228881836,24.1200008392334,24.81999969482422,17.24097442626953,7700
2021-03-08,25.0,25.100000381469727,24.649999618530273,24.799999237060547,17.227079391479492,8600
2021-03-09,24.790000915527344,25.049999237060547,24.719999313354492,24.739999771118164,17.18540382385254,5600
2021-03-10,24.84000015258789,25.450000762939453,24.739999771118164,25.450000762939453,17.67859649658203,17700
2021-03-11,25.6299991607666,25.739999771118164,25.510000228881836,25.520000457763672,17.727222442626953,19300
2021-03-12,25.420000076293945,25.559999465942383,25.260000228881836,25.329999923706055,17.678369522094727,10400
2021-03-15,25.43000030517578,25.68000030517578,25.350000381469727,25.459999084472656,17.76909828186035,4500
2021-03-16,25.329999923706055,25.579999923706055,25.09000015258789,25.229999542236328,17.60857391357422,6800
2021-03-17,25.059999465942383,25.530000686645508,24.770000457763672,25.010000228881836,17.455032348632812,4000
2021-03-18,25.049999237060547,25.06999969482422,24.030000686645508,24.06999969482422,16.798986434936523,11400
2021-03-19,24.100000381469727,24.65999984741211,24.100000381469727,24.260000228881836,16.931589126586914,4700
2021-03-22,24.270000457763672,24.440000534057617,24.100000381469727,24.100000381469727,16.81992530822754,12600
2021-03-23,23.889999389648438,24.100000381469727,22.729999542236328,22.729999542236328,15.863775253295898,8300
2021-03-24,23.209999084472656,23.8700008392334,23.209999084472656,23.5,16.40117073059082,13800
2021-03-25,23.450000762939453,23.690000534057617,23.020000457763672,23.649999618530273,16.505859375,13300
2021-03-26,23.950000762939453,24.239999771118164,23.860000610351562,24.239999771118164,16.917631149291992,9700
2021-03-29,24.260000228881836,24.610000610351562,23.979999542236328,24.56999969482422,17.147945404052734,9400
2021-03-30,24.309999465942383,24.56999969482422,24.299999237060547,24.549999237060547,17.13399314880371,5300
2021-03-31,24.530000686645508,25.0,24.530000686645508,24.899999618530273,17.37826156616211,5900
2021-04-01,24.81999969482422,25.3799991607666,24.81999969482422,25.309999465942383,17.664411544799805,8900
2021-04-05,25.389999389648438,25.389999389648438,25.15999984741211,25.15999984741211,17.559717178344727,3900
2021-04-06,25.239999771118164,25.5,25.239999771118164,25.43000030517578,17.748159408569336,7400
2021-04-07,25.549999237060547,25.549999237060547,25.450000762939453,25.5,17.797014236450195,3700
2021-04-08,25.399999618530273,25.450000762939453,25.290000915527344,25.3700008392334,17.706281661987305,8000
2021-04-09,25.450000762939453,25.5,25.350000381469727,25.3700008392334,17.706281661987305,9200
2021-04-12,25.399999618530273,25.6299991607666,24.93000030517578,25.059999465942383,17.489933013916016,8100
2021-04-13,25.09000015258789,25.100000381469727,24.780000686645508,24.809999465942383,17.398765563964844,11800
2021-04-14,24.950000762939453,25.309999465942383,24.950000762939453,24.989999771118164,17.52499008178711,10600
2021-04-15,25.059999465942383,25.170000076293945,24.93000030517578,25.049999237060547,17.56707000732422,12700
2021-04-16,25.280000686645508,25.3799991607666,25.020000457763672,25.1299991607666,17.623170852661133,9300
2021-04-19,25.110000610351562,25.1299991607666,24.989999771118164,25.0,17.53200340270996,10100
2021-04-20,24.989999771118164,25.110000610351562,24.43000030517578,24.649999618530273,17.28656005859375,15900
2021-04-21,24.5,25.350000381469727,24.5,25.059999465942383,17.574081420898438,8900
2021-04-22,25.190000534057617,25.219999313354492,24.709999084472656,24.829999923706055,17.412792205810547,9400
2021-04-23,24.860000610351562,25.309999465942383,24.860000610351562,25.309999465942383,17.749399185180664,4300
2021-04-26,25.219999313354492,25.719999313354492,25.219999313354492,25.549999237060547,17.917707443237305,16000
2021-04-27,25.709999084472656,25.709999084472656,25.600000381469727,25.670000076293945,18.001869201660156,5900
2021-04-28,25.709999084472656,26.239999771118164,25.709999084472656,26.09000015258789,18.29640007019043,9700
2021-04-29,26.309999465942383,26.489999771118164,26.190000534057617,26.469999313354492,18.56287956237793,3800
2021-04-30,26.059999465942383,26.5,26.059999465942383,26.299999237060547,18.443666458129883,11300
2021-05-03,26.399999618530273,26.43000030517578,26.229999542236328,26.399999618530273,18.513803482055664,16800
2021-05-04,26.459999084472656,26.459999084472656,26.31999969482422,26.360000610351562,18.485750198364258,12400
2021-05-05,26.610000610351562,27.0,26.43000030517578,26.729999542236328,18.74521827697754,17500
2021-05-06,26.81999969482422,26.889999389648438,26.549999237060547,26.8799991607666,18.85041046142578,7900
2021-05-07,26.90999984741211,27.489999771118164,26.899999618530273,27.239999771118164,19.102874755859375,7400
2021-05-10,27.540000915527344,28.270000457763672,27.5,27.700000762939453,19.425464630126953,12900
2021-05-11,27.239999771118164,27.75,27.06999969482422,27.239999771118164,19.102874755859375,8700
2021-05-12,27.610000610351562,27.979999542236328,27.010000228881836,27.270000457763672,19.1239070892334,18500
2021-05-13,27.239999771118164,27.510000228881836,27.170000076293945,27.389999389648438,19.208065032958984,10900
2021-05-14,27.510000228881836,28.0,27.510000228881836,27.979999542236328,19.708168029785156,4000
2021-05-17,27.959999084472656,28.290000915527344,27.700000762939453,28.170000076293945,19.841997146606445,5000
2021-05-18,28.399999618530273,28.399999618530273,28.239999771118164,28.31999969482422,19.947649002075195,4800
2021-05-19,28.31999969482422,28.31999969482422,27.3700008392334,27.899999618530273,19.651817321777344,6800
2021-05-20,27.979999542236328,28.399999618530273,27.979999542236328,28.260000228881836,19.905391693115234,9100
2021-05-21,28.6299991607666,28.649999618530273,28.440000534057617,28.540000915527344,20.102611541748047,4800
2021-05-24,28.8700008392334,28.90999984741211,28.59000015258789,28.809999465942383,20.29279136657715,4100
2021-05-25,28.950000762939453,29.040000915527344,28.5,28.549999237060547,20.10965347290039,10900
2021-05-26,28.530000686645508,28.709999084472656,28.469999313354492,28.510000228881836,20.081483840942383,16300
2021-05-27,28.649999618530273,29.610000610351562,28.489999771118164,28.920000076293945,20.370269775390625,9000
2021-05-28,28.829999923706055,28.829999923706055,28.469999313354492,28.510000228881836,20.081483840942383,10300
2021-06-01,28.68000030517578,29.0,28.68000030517578,28.959999084472656,20.398448944091797,10700
2021-06-02,28.8700008392334,29.3799991607666,28.8700008392334,29.309999465942383,20.64496612548828,10800
2021-06-03,29.09000015258789,29.489999771118164,29.09000015258789,29.280000686645508,20.62384796142578,8400
2021-06-04,29.5,29.649999618530273,29.459999084472656,29.489999771118164,20.771760940551758,10900
2021-06-07,29.700000762939453,30.299999237060547,29.489999771118164,30.290000915527344,21.335256576538086,8600
2021-06-08,30.360000610351562,30.90999984741211,30.219999313354492,30.6200008392334,21.567689895629883,11800
2021-06-09,30.90999984741211,31.81999969482422,30.610000610351562,30.969999313354492,21.814218521118164,18100
2021-06-10,30.950000762939453,31.920000076293945,30.950000762939453,31.31999969482422,22.060749053955078,6000
2021-06-11,31.31999969482422,32.0,31.31999969482422,31.56999969482422,22.322364807128906,7400
2021-06-14,31.729999542236328,32.72999954223633,31.200000762939453,31.450000762939453,22.237518310546875,14500
2021-06-15,31.540000915527344,31.75,31.299999237060547,31.440000534057617,22.230451583862305,7100
2021-06-16,31.440000534057617,31.799999237060547,31.440000534057617,31.59000015258789,22.336511611938477,7300
2021-06-17,31.450000762939453,31.450000762939453,30.239999771118164,30.399999618530273,21.495088577270508,14700
2021-06-18,29.899999618530273,30.139999389648438,29.489999771118164,29.520000457763672,20.872865676879883,19000
2021-06-21,29.579999923706055,30.200000762939453,29.579999923706055,30.040000915527344,21.240537643432617,22600
2021-06-22,30.030000686645508,30.479999542236328,29.65999984741211,29.860000610351562,21.113269805908203,15600
2021-06-23,29.8700008392334,30.309999465942383,29.8700008392334,29.90999984741211,21.148622512817383,15300
2021-06-24,30.040000915527344,30.100000381469727,29.360000610351562,29.709999084472656,21.007205963134766,19200
2021-06-25,29.6299991607666,29.6299991607666,29.40999984741211,29.469999313354492,20.837509155273438,9100
2021-06-28,29.469999313354492,29.469999313354492,28.709999084472656,28.75,20.32841682434082,7700
2021-06-29,28.829999923706055,29.3700008392334,28.829999923706055,29.200000762939453,20.646602630615234,25800
2021-06-30,29.110000610351562,29.59000015258789,29.110000610351562,29.510000228881836,20.865793228149414,28000
2021-07-01,29.790000915527344,29.829999923706055,29.459999084472656,29.600000381469727,20.929428100585938,5400
2021-07-02,29.700000762939453,29.799999237060547,29.43000030517578,29.700000762939453,21.00013542175293,5400
2021-07-06,29.829999923706055,29.920000076293945,29.100000381469727,29.31999969482422,20.73145294189453,16700
2021-07-07,29.290000915527344,29.290000915527344,28.8700008392334,29.0,20.505186080932617,6300
2021-07-08,28.75,28.899999618530273,28.18000030517578,28.530000686645508,20.172855377197266,10900
2021-07-09,28.65999984741211,29.329999923706055,28.65999984741211,29.329999923706055,20.7385196685791,8500
2021-07-12,29.239999771118164,29.399999618530273,29.079999923706055,29.149999618530273,20.611242294311523,16700
2021-07-13,29.149999618530273,29.149999618530273,28.549999237060547,28.549999237060547,20.270450592041016,12800
2021-07-14,28.559999465942383,28.709999084472656,28.290000915527344,28.290000915527344,20.085847854614258,13000
2021-07-15,28.100000381469727,28.100000381469727,27.56999969482422,27.579999923706055,19.581745147705078,15300
2021-07-16,27.670000076293945,27.81999969482422,27.260000228881836,27.260000228881836,19.35454750061035,19600
2021-07-19,26.719999313354492,26.719999313354492,25.510000228881836,25.889999389648438,18.381853103637695,29300
2021-07-20,25.809999465942383,27.049999237060547,25.809999465942383,26.950000762939453,19.134450912475586,8300
2021-07-21,27.18000030517578,27.790000915527344,27.149999618530273,27.34000015258789,19.411348342895508,8500
2021-07-22,27.5,27.56999969482422,27.0,27.469999313354492,19.503650665283203,12900
2021-07-23,27.510000228881836,27.510000228881836,26.989999771118164,27.200000762939453,19.31194496154785,6300
2021-07-26,27.020000457763672,27.6299991607666,27.020000457763672,27.399999618530273,19.453948974609375,27400
2021-07-27,27.3700008392334,27.3700008392334,26.5,26.770000457763672,19.00664710998535,27700
2021-07-28,26.81999969482422,27.510000228881836,26.65999984741211,27.299999237060547,19.38294219970703,16300
2021-07-29,27.610000610351562,27.81999969482422,27.530000686645508,27.799999237060547,19.737947463989258,9600
2021-07-30,27.729999542236328,28.100000381469727,27.3700008392334,27.3700008392334,19.432649612426758,4800
2021-08-02,27.549999237060547,27.739999771118164,27.290000915527344,27.350000381469727,19.41844940185547,9100
2021-08-03,27.489999771118164,27.489999771118164,27.219999313354492,27.459999084472656,19.49654769897461,6700
2021-08-04,27.3700008392334,27.510000228881836,27.030000686645508,27.18000030517578,19.29774284362793,2400
2021-08-05,27.219999313354492,27.450000762939453,27.219999313354492,27.350000381469727,19.41844940185547,6100
2021-08-06,27.579999923706055,27.579999923706055,27.299999237060547,27.299999237060547,19.38294219970703,5900
2021-08-09,27.200000762939453,27.200000762939453,27.110000610351562,27.1200008392334,19.25514793395996,3600
2021-08-10,27.309999465942383,27.950000762939453,27.200000762939453,27.850000381469727,19.77344512939453,7400
2021-08-11,27.799999237060547,28.0,27.739999771118164,27.959999084472656,19.851545333862305,8800
2021-08-12,27.899999618530273,28.0,27.81999969482422,27.979999542236328,19.865747451782227,6400
2021-08-13,28.0,28.0,27.780000686645508,27.989999771118164,19.95844078063965,6200
2021-08-16,27.799999237060547,27.8700008392334,27.40999984741211,27.829999923706055,19.8443546295166,9500
2021-08-17,27.59000015258789,27.690000534057617,27.030000686645508,27.110000610351562,19.33095932006836,9900
2021-08-18,27.030000686645508,27.059999465942383,26.549999237060547,26.670000076293945,19.017213821411133,5900
2021-08-19,26.290000915527344,26.549999237060547,24.979999542236328,25.8700008392334,18.44676971435547,24500
2021-08-20,25.899999618530273,26.389999389648438,25.75,26.110000610351562,18.617895126342773,9300
2021-08-23,26.440000534057617,26.75,26.440000534057617,26.600000381469727,18.967296600341797,10700
2021-08-24,26.829999923706055,27.190000534057617,26.5,27.190000534057617,19.38800048828125,5900
2021-08-25,27.079999923706055,27.5,26.950000762939453,27.309999465942383,19.473569869995117,4700
2021-08-26,27.270000457763672,27.270000457763672,26.8799991607666,26.93000030517578,19.202606201171875,3600
2021-08-27,27.049999237060547,27.719999313354492,26.950000762939453,27.549999237060547,19.644699096679688,3200
2021-08-30,27.610000610351562,27.610000610351562,27.040000915527344,27.219999313354492,19.409393310546875,3800
2021-08-31,27.149999618530273,27.329999923706055,27.149999618530273,27.299999237060547,19.466432571411133,2300
2021-09-01,27.270000457763672,27.889999389648438,27.270000457763672,27.889999389648438,19.887136459350586,78900
2021-09-02,27.899999618530273,28.65999984741211,27.889999389648438,28.639999389648438,20.42193031311035,49800
2021-09-03,28.75,28.979999542236328,28.75,28.969999313354492,20.657236099243164,29700
2021-09-07,28.899999618530273,29.1299991607666,28.84000015258789,28.93000030517578,20.628713607788086,18600
2021-09-08,28.899999618530273,29.270000457763672,28.899999618530273,29.06999969482422,20.728544235229492,22900
2021-09-09,29.010000228881836,29.270000457763672,29.0,29.139999389648438,20.778457641601562,36300
2021-09-10,29.200000762939453,29.610000610351562,29.200000762939453,29.350000381469727,20.928199768066406,36800
2021-09-13,29.520000457763672,30.010000228881836,29.520000457763672,29.739999771118164,21.20629119873047,50300
2021-09-14,30.399999618530273,30.399999618530273,29.399999618530273,29.549999237060547,21.156177520751953,13300
2021-09-15,29.75,30.75,29.75,30.65999984741211,21.95087432861328,22100
2021-09-16,30.579999923706055,30.81999969482422,30.40999984741211,30.799999237060547,22.051109313964844,29000
2021-09-17,30.790000915527344,30.790000915527344,30.600000381469727,30.700000762939453,21.979516983032227,15500
2021-09-20,30.09000015258789,30.8700008392334,29.670000076293945,30.110000610351562,21.55710792541504,43600
2021-09-21,30.299999237060547,30.299999237060547,29.6200008392334,29.989999771118164,21.471195220947266,10800
2021-09-22,30.18000030517578,30.899999618530273,29.709999084472656,30.84000015258789,22.079750061035156,16200
2021-09-23,30.989999771118164,31.979999542236328,30.8799991607666,31.469999313354492,22.530794143676758,17900
2021-09-24,31.40999984741211,31.799999237060547,31.270000457763672,31.290000915527344,22.40192222595215,16800
2021-09-27,31.40999984741211,32.599998474121094,31.309999465942383,32.43000030517578,23.21809959411621,54200
2021-09-28,32.63999938964844,32.63999938964844,31.729999542236328,31.90999984741211,22.84580421447754,7600
2021-09-29,31.829999923706055,31.829999923706055,31.549999237060547,31.81999969482422,22.781370162963867,20200
2021-09-30,31.780000686645508,32.099998474121094,31.780000686645508,31.790000915527344,22.759899139404297,12600
2021-10-01,31.829999923706055,32.150001525878906,31.790000915527344,32.08000183105469,22.967517852783203,19100
2021-10-04,32.119998931884766,32.88999938964844,32.0099983215332,32.779998779296875,23.468679428100586,29500
2021-10-05,32.95000076293945,33.20000076293945,32.849998474121094,32.97999954223633,23.611867904663086,12700
2021-10-06,32.849998474121094,33.0,32.22999954223633,32.630001068115234,23.36128807067871,16300
2021-10-07,32.650001525878906,33.029998779296875,32.650001525878906,32.939998626708984,23.583229064941406,1500
2021-10-08,33.150001525878906,33.290000915527344,32.93000030517578,33.25,23.805171966552734,17800
2021-10-11,33.459999084472656,33.58000183105469,33.33000183105469,33.560001373291016,24.02711296081543,4100
2021-10-12,33.380001068115234,34.08000183105469,33.380001068115234,33.95000076293945,24.306339263916016,19300
2021-10-13,34.040000915527344,34.380001068115234,33.77000045776367,34.02000045776367,24.356454849243164,16000
2021-10-14,34.34000015258789,34.900001525878906,34.34000015258789,34.689998626708984,24.836137771606445,7000
2021-10-15,34.79999923706055,34.79999923706055,34.5099983215332,34.5099983215332,24.793025970458984,9900
2021-10-18,34.66999816894531,35.16999816894531,34.66999816894531,34.90999984741211,25.080402374267578,11300
2021-10-19,34.849998474121094,35.18000030517578,34.79999923706055,35.18000030517578,25.27437973022461,11100
2021-10-20,35.06999969482422,35.68000030517578,35.06999969482422,35.68000030517578,25.633590698242188,16500
2021-10-21,35.529998779296875,35.529998779296875,35.20000076293945,35.459999084472656,25.475540161132812,4900
2021-10-22,35.45000076293945,35.45000076293945,34.54999923706055,35.20000076293945,25.28874397277832,10400
2021-10-25,35.369998931884766,35.61000061035156,35.369998931884766,35.470001220703125,25.48271942138672,5000
2021-10-26,35.709999084472656,35.939998626708984,34.70000076293945,34.70000076293945,24.929533004760742,5500
2021-10-27,34.869998931884766,34.93000030517578,34.720001220703125,34.91999816894531,25.08757972717285,3600
2021-10-28,34.91999816894531,34.91999816894531,34.560001373291016,34.709999084472656,24.936708450317383,3900
2021-10-29,34.66999816894531,34.66999816894531,34.5,34.560001373291016,24.828956604003906,5500
2021-11-01,34.61000061035156,35.38999938964844,34.61000061035156,35.290000915527344,25.35340690612793,5900
2021-11-02,35.220001220703125,35.900001525878906,35.09000015258789,35.900001525878906,25.79164695739746,2400
2021-11-03,35.43000030517578,35.43000030517578,35.119998931884766,35.36000061035156,25.403696060180664,6700
2021-11-04,35.599998474121094,35.599998474121094,34.29999923706055,34.790000915527344,24.994192123413086,6300
2021-11-05,34.9900016784668,35.34000015258789,34.68000030517578,35.13999938964844,25.245637893676758,1400
2021-11-08,35.11000061035156,35.25,35.0,35.04999923706055,25.18098258972168,8800
2021-11-09,35.27000045776367,35.400001525878906,34.93000030517578,35.38999938964844,25.42525291442871,3400
2021-11-10,35.290000915527344,35.310001373291016,35.119998931884766,35.119998931884766,25.231273651123047,2300
2021-11-11,35.16999816894531,35.16999816894531,34.90999984741211,34.90999984741211,25.080402374267578,900
2021-11-12,35.099998474121094,35.34000015258789,34.599998474121094,35.34000015258789,25.476900100708008,1300
2021-11-15,35.0099983215332,35.209999084472656,34.790000915527344,35.20000076293945,25.375974655151367,2900
2021-11-16,35.02000045776367,35.20000076293945,34.630001068115234,35.04999923706055,25.267839431762695,4100
2021-11-17,34.790000915527344,34.790000915527344,34.27000045776367,34.36000061035156,24.770408630371094,6900
2021-11-18,34.5099983215332,34.5099983215332,33.540000915527344,33.540000915527344,24.17926597595215,10800
2021-11-19,33.27000045776367,33.27000045776367,32.040000915527344,32.529998779296875,23.451147079467773,3100
2021-11-22,32.79999923706055,33.09000015258789,32.63999938964844,32.93000030517578,23.739511489868164,11100
2021-11-23,32.9900016784668,33.130001068115234,32.849998474121094,33.040000915527344,23.81881332397461,20000
2021-11-24,33.0,34.58000183105469,32.689998626708984,34.58000183105469,24.92900848388672,11600
2021-11-26,33.150001525878906,33.45000076293945,32.72999954223633,32.7400016784668,23.602542877197266,7100
2021-11-29,33.16999816894531,33.16999816894531,32.70000076293945,32.7599983215332,23.616958618164062,13000
2021-11-30,32.25,32.25,31.549999237060547,31.670000076293945,22.8311710357666,10500
2021-12-01,32.22999954223633,32.7599983215332,31.020000457763672,31.020000457763672,22.362579345703125,8900
2021-12-02,31.09000015258789,31.8700008392334,31.020000457763672,31.229999542236328,22.51396369934082,4600
2021-12-03,31.549999237060547,31.549999237060547,30.440000534057617,30.440000534057617,21.944456100463867,14200
2021-12-06,30.940000534057617,31.59000015258789,30.020000457763672,31.59000015258789,22.773496627807617,20800
2021-12-07,30.860000610351562,32.220001220703125,30.860000610351562,31.219999313354492,22.50676155090332,10800
2021-12-08,31.239999771118164,32.11000061035156,31.010000228881836,32.11000061035156,23.14836311340332,8700
2021-12-09,31.549999237060547,31.579999923706055,30.940000534057617,31.079999923706055,22.405832290649414,5300
2021-12-10,31.15999984741211,31.479999542236328,30.25,30.25,21.892004013061523,5800
2021-12-13,30.190000534057617,30.579999923706055,29.510000228881836,29.510000228881836,21.356468200683594,3800
2021-12-14,29.389999389648438,29.8799991607666,29.299999237060547,29.420000076293945,21.29132843017578,3800
2021-12-15,29.3700008392334,29.84000015258789,28.610000610351562,29.530000686645508,21.37093734741211,7700
2021-12-16,29.670000076293945,30.079999923706055,29.520000457763672,29.520000457763672,21.363698959350586,5300
2021-12-17,29.329999923706055,29.6299991607666,28.920000076293945,29.540000915527344,21.378171920776367,5600
2021-12-20,29.040000915527344,29.1299991607666,28.260000228881836,29.1299991607666,21.081459045410156,7300
2021-12-21,29.239999771118164,29.75,29.229999542236328,29.399999618530273,21.276853561401367,3000
2021-12-22,29.190000534057617,29.780000686645508,29.190000534057617,29.540000915527344,21.378171920776367,6700
2021-12-23,29.75,29.90999984741211,28.420000076293945,29.829999923706055,21.588045120239258,11700
2021-12-27,29.829999923706055,30.559999465942383,29.829999923706055,30.450000762939453,22.036746978759766,4300
2021-12-28,30.459999084472656,30.739999771118164,30.040000915527344,30.68000030517578,22.203195571899414,8900
2021-12-29,30.469999313354492,30.920000076293945,30.100000381469727,30.40999984741211,22.007797241210938,10100
2021-12-30,30.34000015258789,30.559999465942383,30.209999084472656,30.3799991607666,21.986082077026367,8200
2021-12-31,30.149999618530273,31.0,30.149999618530273,30.5,22.072925567626953,13700
2022-01-03,30.56999969482422,31.799999237060547,30.56999969482422,31.6200008392334,22.883480072021484,14800
2022-01-04,31.6200008392334,32.08000183105469,31.6200008392334,32.060001373291016,23.201908111572266,8600
2022-01-05,32.06999969482422,32.630001068115234,31.700000762939453,31.700000762939453,22.94137191772461,7300
2022-01-06,31.950000762939453,32.40999984741211,31.559999465942383,32.27000045776367,23.353883743286133,9600
2022-01-07,32.20000076293945,32.619998931884766,32.20000076293945,32.54999923706055,23.556522369384766,11300
2022-01-10,32.529998779296875,32.61000061035156,32.0,32.439998626708984,23.476909637451172,8500
2022-01-11,32.34000015258789,32.95000076293945,32.34000015258789,32.869998931884766,23.788103103637695,22500
2022-01-12,33.0,33.619998931884766,32.95000076293945,33.400001525878906,24.171663284301758,15800
2022-01-13,33.400001525878906,33.400001525878906,33.150001525878906,33.22999954223633,24.048633575439453,10300
2022-01-14,33.150001525878906,33.619998931884766,33.119998931884766,33.5,24.331905364990234,28600
2022-01-18,33.5,33.75,33.20000076293945,33.5,24.331905364990234,7500
2022-01-19,33.79999923706055,33.79999923706055,33.130001068115234,33.43000030517578,24.28105926513672,8600
2022-01-20,33.310001373291016,33.47999954223633,32.619998931884766,32.619998931884766,23.69273567199707,12300
2022-01-21,32.459999084472656,32.459999084472656,31.530000686645508,31.530000686645508,22.901044845581055,10800
2022-01-24,31.06999969482422,31.399999618530273,30.290000915527344,31.399999618530273,22.806621551513672,5000
2022-01-25,30.93000030517578,32.2599983215332,30.770000457763672,31.920000076293945,23.184309005737305,16500
2022-01-26,32.18000030517578,32.79999923706055,31.010000228881836,31.010000228881836,22.523351669311523,5200
2022-01-27,31.889999389648438,32.0,30.81999969482422,31.079999923706055,22.574199676513672,5200
2022-01-28,31.139999389648438,33.209999084472656,30.790000915527344,32.150001525878906,23.35136604309082,121700
2022-01-31,32.130001068115234,33.38999938964844,32.130001068115234,33.31999969482422,24.20116424560547,4000
2022-02-01,33.25,33.97999954223633,33.13999938964844,33.97999954223633,24.680540084838867,10100
2022-02-02,33.79999923706055,33.79999923706055,33.060001373291016,33.47999954223633,24.317371368408203,4700
2022-02-03,33.31999969482422,33.93000030517578,33.31999969482422,33.560001373291016,24.37548828125,7500
2022-02-04,33.689998626708984,33.689998626708984,33.290000915527344,33.40999984741211,24.266538619995117,6200
2022-02-07,33.34000015258789,33.45000076293945,32.439998626708984,32.970001220703125,23.94695472717285,12300
2022-02-08,33.04999923706055,33.04999923706055,32.29999923706055,32.40999984741211,23.540203094482422,7000
2022-02-09,32.5099983215332,33.04999923706055,32.34000015258789,32.40999984741211,23.540203094482422,6000
2022-02-10,32.310001373291016,32.619998931884766,31.90999984741211,32.040000915527344,23.271474838256836,6200
2022-02-11,32.130001068115234,32.75,32.130001068115234,32.58000183105469,23.663681030273438,8600
2022-02-14,32.33000183105469,32.33000183105469,31.59000015258789,31.889999389648438,23.2696533203125,5000
2022-02-15,31.56999969482422,31.979999542236328,31.56999969482422,31.799999237060547,23.2039794921875,5500
2022-02-16,31.989999771118164,32.290000915527344,31.780000686645508,31.860000610351562,23.247764587402344,7500
2022-02-17,31.8799991607666,31.8799991607666,31.25,31.489999771118164,22.977779388427734,2700
2022-02-18,31.239999771118164,31.540000915527344,30.68000030517578,30.799999237060547,22.47429847717285,8000
2022-02-22,31.049999237060547,31.299999237060547,30.219999313354492,30.280000686645508,22.094865798950195,9400
2022-02-23,30.469999313354492,30.639999389648438,30.350000381469727,30.56999969482422,22.306472778320312,8700
2022-02-24,30.829999923706055,30.8799991607666,30.049999237060547,30.8799991607666,22.53267478942871,6000
2022-02-25,30.81999969482422,31.809999465942383,30.81999969482422,31.719999313354492,23.145612716674805,7100
2022-02-28,31.719999313354492,32.72999954223633,31.670000076293945,32.65999984741211,23.831506729125977,13900
2022-03-01,33.060001373291016,33.29999923706055,32.43000030517578,32.61000061035156,23.79502296447754,10100
2022-03-02,32.84000015258789,33.63999938964844,32.84000015258789,33.54999923706055,24.48093032836914,6700
2022-03-03,33.52000045776367,33.81999969482422,33.33000183105469,33.689998626708984,24.58308982849121,3300
2022-03-04,33.65999984741211,33.83000183105469,33.310001373291016,33.7400016784668,24.61957359313965,27200
2022-03-07,33.84000015258789,34.439998626708984,33.439998626708984,33.47999954223633,24.42984962463379,8800
2022-03-08,34.16999816894531,34.970001220703125,34.16999816894531,34.47999954223633,25.159543991088867,17800
2022-03-09,33.58000183105469,33.97999954223633,32.7599983215332,33.56999969482422,24.495525360107422,13300
2022-03-10,33.400001525878906,34.150001525878906,33.400001525878906,34.09000015258789,24.874961853027344,10000
2022-03-11,34.040000915527344,34.040000915527344,33.099998474121094,33.099998474121094,24.15258026123047,1400
2022-03-14,32.939998626708984,32.939998626708984,31.829999923706055,32.04999923706055,23.492868423461914,3900
2022-03-15,31.420000076293945,31.81999969482422,31.260000228881836,31.719999313354492,23.250980377197266,8800
2022-03-16,31.889999389648438,32.150001525878906,31.809999465942383,32.06999969482422,23.507522583007812,4700
2022-03-17,32.310001373291016,33.16999816894531,32.310001373291016,32.93000030517578,24.13791275024414,6200
2022-03-18,32.849998474121094,33.45000076293945,32.72999954223633,32.72999954223633,23.991313934326172,1900
2022-03-21,33.04999923706055,33.849998474121094,33.04999923706055,33.849998474121094,24.812280654907227,2100
2022-03-22,33.90999984741211,33.90999984741211,33.439998626708984,33.70000076293945,24.70233154296875,3300
2022-03-23,33.959999084472656,34.04999923706055,33.959999084472656,34.04999923706055,24.95888328552246,1800
2022-03-24,34.130001068115234,34.52000045776367,33.33000183105469,34.459999084472656,25.259414672851562,15600
2022-03-25,34.459999084472656,35.099998474121094,34.459999084472656,35.099998474121094,25.728534698486328,5600
2022-03-28,34.77000045776367,34.90999984741211,34.400001525878906,34.65999984741211,25.406015396118164,2600
2022-03-29,34.43000030517578,35.119998931884766,34.189998626708984,34.790000915527344,25.501314163208008,9800
2022-03-30,35.099998474121094,35.34000015258789,35.0099983215332,35.060001373291016,25.699222564697266,3700
2022-03-31,34.88999938964844,35.16999816894531,33.900001525878906,34.869998931884766,25.559946060180664,4400
2022-04-01,35.33000183105469,35.33000183105469,35.13999938964844,35.16999816894531,25.779842376708984,4700
2022-04-04,35.47999954223633,35.47999954223633,35.08000183105469,35.40999984741211,25.955772399902344,6600
2022-04-05,35.36000061035156,35.36000061035156,35.029998779296875,35.029998779296875,25.677223205566406,400
2022-04-06,34.63999938964844,34.7599983215332,34.5099983215332,34.630001068115234,25.3840274810791,6400
2022-04-07,34.790000915527344,34.939998626708984,34.790000915527344,34.90999984741211,25.58927345275879,2300
2022-04-08,34.79999923706055,35.119998931884766,34.79999923706055,35.09000015258789,25.72121238708496,1800
2022-04-11,34.95000076293945,34.95000076293945,34.540000915527344,34.54999923706055,25.32537841796875,3500
2022-04-12,34.779998779296875,35.20000076293945,34.650001525878906,34.959999084472656,25.625919342041016,11600
2022-04-13,35.18000030517578,35.4900016784668,35.18000030517578,35.41999816894531,25.963098526000977,9900
2022-04-14,35.119998931884766,35.529998779296875,35.029998779296875,35.400001525878906,26.058795928955078,15800
2022-04-18,35.529998779296875,35.720001220703125,35.33000183105469,35.43000030517578,26.080883026123047,9000
2022-04-19,35.20000076293945,35.880001068115234,35.20000076293945,35.810001373291016,26.360607147216797,20000
2022-04-20,35.900001525878906,36.220001220703125,35.54999923706055,36.189998626708984,26.640338897705078,11900
2022-04-21,36.29999923706055,36.54999923706055,35.29999923706055,35.29999923706055,25.985183715820312,8600
2022-04-22,35.150001525878906,35.150001525878906,34.290000915527344,34.34000015258789,25.278505325317383,1700
2022-04-25,33.70000076293945,33.70000076293945,32.0,33.029998779296875,24.31418228149414,5600
2022-04-26,32.88999938964844,33.540000915527344,32.88999938964844,33.310001373291016,24.520296096801758,2100
2022-04-27,33.47999954223633,33.63999938964844,32.939998626708984,33.63999938964844,24.76321792602539,2800
2022-04-28,33.540000915527344,34.13999938964844,32.97999954223633,34.119998931884766,25.116558074951172,4300
2022-04-29,34.08000183105469,34.08000183105469,32.5,32.5,23.924039840698242,3000
2022-05-02,32.43000030517578,32.779998779296875,32.209999084472656,32.5,23.924039840698242,8100
2022-05-03,32.439998626708984,34.0099983215332,32.439998626708984,34.0099983215332,25.03558349609375,1900
2022-05-04,34.459999084472656,35.220001220703125,34.279998779296875,34.349998474121094,25.285863876342773,5300
2022-05-05,34.529998779296875,34.529998779296875,33.599998474121094,33.939998626708984,24.98405647277832,1200
2022-05-06,33.79999923706055,34.34000015258789,33.79999923706055,34.15999984741211,25.1460018157959,3500
2022-05-09,33.310001373291016,33.310001373291016,31.690000534057617,31.93000030517578,23.504446029663086,2700
2022-05-10,32.20000076293945,32.20000076293945,31.809999465942383,31.809999465942383,23.416112899780273,4700
2022-05-11,31.950000762939453,32.720001220703125,31.770000457763672,31.899999618530273,23.48236083984375,5200
2022-05-12,31.610000610351562,31.799999237060547,30.139999389648438,30.760000228881836,22.643186569213867,14400
2022-05-13,30.989999771118164,32.369998931884766,30.049999237060547,31.860000610351562,23.567840576171875,9600
2022-05-16,31.950000762939453,33.189998626708984,30.360000610351562,32.7400016784668,24.21881675720215,5600
2022-05-17,33.189998626708984,33.310001373291016,33.099998474121094,33.209999084472656,24.566478729248047,7800
2022-05-18,33.2400016784668,33.2400016784668,32.33000183105469,32.33000183105469,23.9155216217041,3900
2022-05-19,32.369998931884766,32.91999816894531,32.0,32.36000061035156,23.93770980834961,5400
2022-05-20,32.5099983215332,32.869998931884766,32.099998474121094,32.5,24.041271209716797,3800
2022-05-23,32.869998931884766,33.02000045776367,32.869998931884766,33.02000045776367,24.425928115844727,7300
2022-05-24,32.7400016784668,32.77000045776367,32.150001525878906,32.77000045776367,24.240999221801758,5900
2022-05-25,32.880001068115234,33.81999969482422,32.880001068115234,33.81999969482422,25.017719268798828,9300
2022-05-26,33.84000015258789,34.310001373291016,33.84000015258789,34.029998779296875,25.17306137084961,10700
2022-05-27,34.040000915527344,34.7599983215332,34.0,34.7599983215332,25.713064193725586,9700
2022-05-31,34.939998626708984,35.529998779296875,33.93000030517578,33.93000030517578,25.099084854125977,4800
2022-06-01,34.619998931884766,35.040000915527344,34.54999923706055,35.040000915527344,25.920185089111328,4900
2022-06-02,34.970001220703125,35.619998931884766,34.880001068115234,35.31999969482422,26.127317428588867,7300
2022-06-03,35.34000015258789,35.72999954223633,35.34000015258789,35.61000061035156,26.341833114624023,1600
2022-06-06,35.560001373291016,35.810001373291016,35.310001373291016,35.43000030517578,26.20868492126465,6300
2022-06-07,35.209999084472656,36.34000015258789,35.209999084472656,36.22999954223633,26.800477981567383,5700
2022-06-08,36.43000030517578,36.43000030517578,35.75,35.75,26.445402145385742,3600
2022-06-09,35.400001525878906,35.400001525878906,34.959999084472656,35.0,25.890600204467773,25500
2022-06-10,34.68000030517578,34.68000030517578,33.77000045776367,33.869998931884766,25.054706573486328,30900
2022-06-13,33.0099983215332,33.0099983215332,31.010000228881836,31.200000762939453,23.182289123535156,25100
2022-06-14,31.360000610351562,31.989999771118164,30.59000015258789,30.799999237060547,22.88507652282715,15900
2022-06-15,31.149999618530273,31.190000534057617,30.670000076293945,30.84000015258789,22.914796829223633,8300
2022-06-16,30.149999618530273,30.149999618530273,28.68000030517578,28.700000762939453,21.32472801208496,22400
2022-06-17,28.520000457763672,28.860000610351562,27.530000686645508,27.850000381469727,20.693164825439453,12900
2022-06-21,28.299999237060547,29.459999084472656,28.299999237060547,29.360000610351562,21.81513023376465,3000
2022-06-22,28.81999969482422,28.81999969482422,28.290000915527344,28.3700008392334,21.07953453063965,8500
2022-06-23,28.280000686645508,28.469999313354492,26.770000457763672,27.030000686645508,20.08388900756836,16400
2022-06-24,27.3700008392334,27.979999542236328,27.110000610351562,27.65999984741211,20.551992416381836,5700
2022-06-27,27.579999923706055,28.1200008392334,27.579999923706055,27.700000762939453,20.581708908081055,17800
2022-06-28,28.270000457763672,29.010000228881836,27.8799991607666,28.479999542236328,21.161270141601562,2800
2022-06-29,28.75,28.899999618530273,27.610000610351562,28.209999084472656,20.960655212402344,22300
2022-06-30,27.709999084472656,28.0,27.5,27.790000915527344,20.648588180541992,10700
2022-07-01,27.8799991607666,28.520000457763672,27.479999542236328,28.520000457763672,21.190990447998047,8500
2022-07-05,27.950000762939453,27.950000762939453,26.700000762939453,27.489999771118164,20.425676345825195,8600
2022-07-06,27.299999237060547,27.549999237060547,26.239999771118164,27.200000762939453,20.21019744873047,5700
2022-07-07,27.610000610351562,28.809999465942383,27.610000610351562,28.479999542236328,21.161270141601562,5700
2022-07-08,28.90999984741211,28.989999771118164,28.389999389648438,28.989999771118164,21.54020881652832,3200
2022-07-11,28.530000686645508,28.690000534057617,28.25,28.690000534057617,21.317306518554688,1500
2022-07-12,28.260000228881836,28.260000228881836,28.030000686645508,28.030000686645508,20.8269100189209,1300
2022-07-13,27.670000076293945,28.3799991607666,27.670000076293945,28.299999237060547,21.02752113342285,5700
2022-07-14,27.0,27.899999618530273,27.0,27.860000610351562,20.700597763061523,2200
2022-07-15,27.860000610351562,28.1299991607666,27.600000381469727,28.06999969482422,20.969528198242188,2300
2022-07-18,28.6299991607666,29.010000228881836,28.40999984741211,28.549999237060547,21.328109741210938,10200
2022-07-19,28.979999542236328,29.219999313354492,28.979999542236328,29.170000076293945,21.79128074645996,9200
2022-07-20,28.989999771118164,29.389999389648438,28.989999771118164,29.3799991607666,21.948162078857422,4200
2022-07-21,29.040000915527344,29.040000915527344,28.5,28.8700008392334,21.567167282104492,2100
2022-07-22,29.229999542236328,29.229999542236328,28.59000015258789,28.81999969482422,21.529821395874023,4900
2022-07-25,29.059999465942383,30.06999969482422,29.059999465942383,30.06999969482422,22.463621139526367,2500
2022-07-26,30.100000381469727,30.690000534057617,29.360000610351562,29.360000610351562,21.93321990966797,6800
2022-07-27,29.450000762939453,30.670000076293945,29.09000015258789,30.670000076293945,22.911849975585938,3500
2022-07-28,30.670000076293945,31.420000076293945,30.43000030517578,31.239999771118164,23.337665557861328,7600
2022-07-29,31.329999923706055,32.040000915527344,30.479999542236328,31.299999237060547,23.382484436035156,6800
2022-08-01,30.770000457763672,31.200000762939453,30.170000076293945,31.049999237060547,23.195720672607422,5100
2022-08-02,30.770000457763672,31.209999084472656,30.219999313354492,31.209999084472656,23.315250396728516,3900
2022-08-03,31.40999984741211,31.489999771118164,30.06999969482422,30.940000534057617,23.113548278808594,15500
2022-08-04,31.010000228881836,31.18000030517578,30.010000228881836,30.010000228881836,22.41879653930664,4200
2022-08-05,30.110000610351562,30.709999084472656,29.979999542236328,30.65999984741211,22.904373168945312,8000
2022-08-08,30.559999465942383,31.489999771118164,30.559999465942383,31.049999237060547,23.195720672607422,1200
2022-08-09,32.18000030517578,32.18000030517578,31.5,31.65999984741211,23.65142059326172,3700
2022-08-10,32.029998779296875,32.029998779296875,31.25,31.75,23.71864891052246,6000
2022-08-11,32.13999938964844,33.13999938964844,32.09000015258789,32.529998779296875,24.301345825195312,5200
2022-08-12,32.4900016784668,32.849998474121094,32.0099983215332,32.70000076293945,24.428346633911133,6600
2022-08-15,31.989999771118164,32.27000045776367,31.420000076293945,32.130001068115234,24.113143920898438,3700
2022-08-16,32.310001373291016,32.619998931884766,32.310001373291016,32.47999954223633,24.375810623168945,6300
2022-08-17,31.520000457763672,32.15999984741211,31.520000457763672,32.15999984741211,24.135650634765625,2000
2022-08-18,32.47999954223633,33.099998474121094,32.47999954223633,32.70000076293945,24.54092025756836,10600
2022-08-19,32.630001068115234,33.34000015258789,32.630001068115234,32.849998474121094,24.65349578857422,5500
2022-08-22,32.40999984741211,32.61000061035156,32.20000076293945,32.4900016784668,24.38332176208496,2100
2022-08-23,33.0,33.619998931884766,32.959999084472656,33.310001373291016,24.998722076416016,3300
2022-08-24,33.4900016784668,33.869998931884766,33.4900016784668,33.869998931884766,25.418989181518555,900
2022-08-25,33.93000030517578,34.43000030517578,33.86000061035156,34.349998474121094,25.779220581054688,3400
2022-08-26,33.939998626708984,33.95000076293945,33.79999923706055,33.79999923706055,25.366458892822266,1500
2022-08-29,33.630001068115234,34.38999938964844,33.630001068115234,34.11000061035156,25.59910774230957,22000
2022-08-30,33.93000030517578,33.93000030517578,32.90999984741211,33.16999816894531,24.893648147583008,4200
2022-08-31,32.810001373291016,33.310001373291016,32.599998474121094,33.150001525878906,24.878639221191406,10300
2022-09-01,32.93000030517578,34.599998474121094,32.72999954223633,34.33000183105469,25.764219284057617,31100
2022-09-02,35.08000183105469,35.900001525878906,34.13999938964844,35.189998626708984,26.409626007080078,15500
2022-09-06,35.709999084472656,35.95000076293945,35.0099983215332,35.0099983215332,26.27454376220703,13700
2022-09-07,35.0,35.560001373291016,34.0,35.0,26.267038345336914,28900
2022-09-08,35.869998931884766,35.869998931884766,35.0,35.849998474121094,26.90495491027832,11000
2022-09-09,36.779998779296875,37.060001373291016,36.150001525878906,37.060001373291016,27.813045501708984,11500
2022-09-12,37.47999954223633,38.0,37.36000061035156,37.810001373291016,28.37590980529785,22000
2022-09-13,37.5,37.7599983215332,36.11000061035156,36.20000076293945,27.16762351989746,13800
2022-09-14,37.209999084472656,37.63999938964844,37.209999084472656,37.45000076293945,28.105737686157227,11200
2022-09-15,37.290000915527344,37.290000915527344,37.040000915527344,37.220001220703125,27.933120727539062,2900
2022-09-16,36.779998779296875,36.779998779296875,35.470001220703125,36.25,27.538087844848633,12200
2022-09-19,35.81999969482422,37.34000015258789,35.18000030517578,37.34000015258789,28.36613655090332,33900
2022-09-20,37.31999969482422,37.31999969482422,35.70000076293945,36.400001525878906,27.652042388916016,9600
2022-09-21,36.7599983215332,37.40999984741211,36.529998779296875,36.849998474121094,27.99388885498047,6300
2022-09-22,36.70000076293945,36.70000076293945,35.040000915527344,35.310001373291016,26.824003219604492,12700
2022-09-23,34.43000030517578,34.43000030517578,31.270000457763672,32.45000076293945,24.651338577270508,21600
2022-09-26,32.2599983215332,32.2599983215332,30.510000228881836,30.799999237060547,23.39788246154785,10100
2022-09-27,30.899999618530273,31.290000915527344,30.860000610351562,30.860000610351562,23.443462371826172,5500
2022-09-28,31.190000534057617,32.33000183105469,31.010000228881836,31.889999389648438,24.225921630859375,5800
2022-09-29,31.850000381469727,32.38999938964844,31.850000381469727,32.33000183105469,24.5601806640625,7300
2022-09-30,32.06999969482422,32.88999938964844,32.06999969482422,32.58000183105469,24.750097274780273,10600
2022-10-03,33.38999938964844,34.16999816894531,32.869998931884766,33.790000915527344,25.669301986694336,16100
2022-10-04,34.45000076293945,35.150001525878906,34.45000076293945,34.900001525878906,26.512537002563477,6100
2022-10-05,34.900001525878906,34.900001525878906,33.54999923706055,33.54999923706055,25.486976623535156,18900
2022-10-06,34.09000015258789,34.7400016784668,33.790000915527344,34.2599983215332,26.026342391967773,12400
2022-10-07,34.22999954223633,34.4900016784668,33.209999084472656,33.209999084472656,25.228687286376953,7100
2022-10-10,33.31999969482422,34.31999969482422,33.08000183105469,33.369998931884766,25.35023307800293,33300
2022-10-11,33.099998474121094,33.810001373291016,33.0,33.349998474121094,25.33504295349121,14100
2022-10-12,33.630001068115234,33.7400016784668,33.20000076293945,33.59000015258789,25.517364501953125,9100
2022-10-13,32.9900016784668,34.58000183105469,32.599998474121094,34.11000061035156,25.912395477294922,16200
2022-10-14,33.900001525878906,33.900001525878906,33.0,33.060001373291016,25.45050048828125,11900
2022-10-17,33.5,33.810001373291016,32.75,33.189998626708984,25.550573348999023,9100
2022-10-18,33.43000030517578,34.34000015258789,33.279998779296875,33.599998474121094,25.866201400756836,10200
2022-10-19,33.59000015258789,34.529998779296875,33.31999969482422,33.31999969482422,25.650653839111328,9200
2022-10-20,34.09000015258789,34.689998626708984,33.369998931884766,34.31999969482422,26.42047882080078,24300
2022-10-21,34.060001373291016,34.970001220703125,34.060001373291016,34.709999084472656,26.72071647644043,15100
2022-10-24,34.86000061035156,35.060001373291016,33.88999938964844,34.41999816894531,26.49746322631836,13500
2022-10-25,33.97999954223633,35.18000030517578,33.97999954223633,34.66999816894531,26.68991470336914,11300
2022-10-26,34.79999923706055,35.599998474121094,34.310001373291016,35.099998474121094,27.02094078063965,9700
2022-10-27,34.54999923706055,36.25,34.45000076293945,35.79999923706055,27.559825897216797,10800
2022-10-28,35.95000076293945,36.2400016784668,35.150001525878906,36.2400016784668,27.898544311523438,17300
2022-10-31,36.810001373291016,36.810001373291016,35.189998626708984,36.220001220703125,27.883153915405273,25300
2022-11-01,36.75,37.40999984741211,36.0099983215332,36.88999938964844,28.3989315032959,22800
2022-11-02,36.869998931884766,37.58000183105469,35.83000183105469,36.9900016784668,28.475919723510742,42000
2022-11-03,36.9900016784668,36.9900016784668,35.0,35.880001068115234,27.62141227722168,20600
2022-11-04,36.290000915527344,37.02000045776367,35.59000015258789,36.25,27.9062442779541,23000
2022-11-07,36.56999969482422,37.119998931884766,36.02000045776367,36.310001373291016,27.952438354492188,13300
2022-11-08,36.54999923706055,37.099998474121094,36.400001525878906,36.79999923706055,28.32965660095215,9500
2022-11-09,36.25,36.65999984741211,35.63999938964844,35.63999938964844,27.436655044555664,7900
2022-11-10,36.4900016784668,36.869998931884766,36.189998626708984,36.5,28.09869956970215,10000
2022-11-11,36.9900016784668,37.2599983215332,36.349998474121094,36.369998931884766,27.998620986938477,7400
2022-11-14,35.849998474121094,36.29999923706055,35.54999923706055,36.099998474121094,28.138933181762695,12300
2022-11-15,36.20000076293945,36.20000076293945,35.869998931884766,35.88999938964844,27.97524070739746,46900
2022-11-16,35.86000061035156,35.88999938964844,35.560001373291016,35.86000061035156,27.951858520507812,4300
2022-11-17,35.380001068115234,35.810001373291016,35.380001068115234,35.650001525878906,27.788169860839844,3900
2022-11-18,35.599998474121094,35.599998474121094,33.43000030517578,35.189998626708984,27.429611206054688,41600
2022-11-21,34.7599983215332,35.13999938964844,34.02000045776367,34.20000076293945,26.657936096191406,6800
2022-11-22,34.709999084472656,35.25,34.709999084472656,34.77000045776367,27.10222816467285,6200
2022-11-23,34.7599983215332,35.029998779296875,34.5,34.83000183105469,27.149003982543945,6100
2022-11-25,35.13999938964844,35.38999938964844,34.5,35.33000183105469,27.538740158081055,10100
2022-11-28,35.0,35.97999954223633,34.779998779296875,34.810001373291016,27.133413314819336,6100
2022-11-29,35.119998931884766,36.20000076293945,34.880001068115234,35.06999969482422,27.336076736450195,12100
2022-11-30,35.16999816894531,35.869998931884766,34.79999923706055,35.2400016784668,27.468584060668945,14500
2022-12-01,35.599998474121094,35.599998474121094,34.849998474121094,35.150001525878906,27.3984375,13000
2022-12-02,35.08000183105469,35.79999923706055,35.06999969482422,35.599998474121094,27.74919891357422,8800
2022-12-05,35.810001373291016,36.130001068115234,35.02000045776367,35.02000045776367,27.297107696533203,22900
2022-12-06,35.099998474121094,35.70000076293945,34.869998931884766,35.189998626708984,27.429611206054688,23600
2022-12-07,35.189998626708984,35.25,33.720001220703125,34.63999938964844,27.000904083251953,29000
2022-12-08,34.86000061035156,34.9900016784668,34.130001068115234,34.599998474121094,26.9697265625,22900
2022-12-09,34.59000015258789,34.77000045776367,33.560001373291016,34.560001373291016,26.938549041748047,17300
2022-12-12,34.470001220703125,34.470001220703125,32.599998474121094,33.470001220703125,26.4330997467041,16900
2022-12-13,33.970001220703125,34.54999923706055,33.54999923706055,33.54999923706055,26.496278762817383,6300
2022-12-14,33.849998474121094,34.220001220703125,33.400001525878906,33.81999969482422,26.709518432617188,18800
2022-12-15,33.220001220703125,34.06999969482422,33.220001220703125,33.970001220703125,26.82797622680664,9700
2022-12-16,33.599998474121094,33.95000076293945,32.34000015258789,33.0,26.061918258666992,29600
2022-12-19,33.04999923706055,33.70000076293945,31.860000610351562,32.27000045776367,25.485395431518555,41100
2022-12-20,32.369998931884766,32.810001373291016,32.029998779296875,32.38999938964844,25.580163955688477,18200
2022-12-21,32.779998779296875,33.75,32.08000183105469,33.31999969482422,26.314640045166016,18900
2022-12-22,33.43000030517578,33.61000061035156,32.54999923706055,33.20000076293945,26.21986961364746,13700
2022-12-23,33.38999938964844,34.09000015258789,33.20000076293945,33.9900016784668,26.84377670288086,11600
2022-12-27,33.9900016784668,34.40999984741211,33.349998474121094,33.54999923706055,26.496278762817383,12700
2022-12-28,33.68000030517578,34.130001068115234,33.189998626708984,33.599998474121094,26.535768508911133,17500
2022-12-29,33.66999816894531,34.54999923706055,33.56999969482422,33.810001373291016,26.701616287231445,27200
2022-12-30,33.83000183105469,34.619998931884766,33.5,33.56999969482422,26.5120792388916,10700
2023-01-03,33.68000030517578,34.43000030517578,32.75,33.20000076293945,26.21986961364746,18900
2023-01-04,33.369998931884766,34.29999923706055,33.119998931884766,33.119998931884766,26.156686782836914,14700
2023-01-05,33.13999938964844,34.02000045776367,33.13999938964844,33.15999984741211,26.188278198242188,8800
2023-01-06,33.5099983215332,34.470001220703125,33.5099983215332,34.400001525878906,27.167577743530273,16500
2023-01-09,34.650001525878906,34.900001525878906,34.52000045776367,34.63999938964844,27.35711669921875,8300
2023-01-10,34.88999938964844,35.27000045776367,34.63999938964844,35.27000045776367,27.854656219482422,16200
2023-01-11,35.43000030517578,35.900001525878906,35.0,35.599998474121094,28.11528205871582,21600
2023-01-12,35.79999923706055,36.4900016784668,35.54999923706055,36.439998626708984,28.778675079345703,41200
2023-01-13,37.45000076293945,37.45000076293945,35.599998474121094,36.63999938964844,28.93662452697754,30700
2023-01-17,36.93000030517578,36.93000030517578,35.619998931884766,36.5,29.18449592590332,18300
2023-01-18,36.63999938964844,36.63999938964844,35.119998931884766,35.540000915527344,28.416898727416992,16900
2023-01-19,35.70000076293945,36.36000061035156,34.880001068115234,36.290000915527344,29.016584396362305,16000
2023-01-20,36.20000076293945,37.20000076293945,35.75,36.189998626708984,28.936616897583008,23800
2023-01-23,36.369998931884766,36.970001220703125,36.34000015258789,36.38999938964844,29.096534729003906,17200
2023-01-24,36.470001220703125,36.75,35.5,36.130001068115234,28.888654708862305,15400
2023-01-25,36.45000076293945,36.869998931884766,35.5,35.95000076293945,28.74472999572754,8000
2023-01-26,36.0,37.13999938964844,35.540000915527344,36.709999084472656,29.35240364074707,21100
2023-01-27,36.4900016784668,36.650001525878906,36.2400016784668,36.560001373291016,29.23246955871582,15700
2023-01-30,36.2400016784668,36.560001373291016,35.880001068115234,35.93000030517578,28.72873306274414,12900
2023-01-31,36.02000045776367,36.56999969482422,35.779998779296875,36.02000045776367,28.800695419311523,10800
2023-02-01,36.18000030517578,36.93000030517578,35.79999923706055,35.90999984741211,28.712743759155273,23200
2023-02-02,35.95000076293945,36.75,35.40999984741211,36.27000045776367,29.00058937072754,25400
2023-02-03,36.939998626708984,36.939998626708984,36.04999923706055,36.22999954223633,28.968605041503906,21800
2023-02-06,36.599998474121094,36.619998931884766,35.709999084472656,36.2400016784668,28.976604461669922,32400
2023-02-07,36.22999954223633,36.2599983215332,35.97999954223633,36.2599983215332,28.99259376525879,16000
2023-02-08,36.279998779296875,36.45000076293945,36.0099983215332,36.45000076293945,29.144514083862305,22000
2023-02-09,36.529998779296875,36.529998779296875,35.97999954223633,35.97999954223633,28.76871109008789,24200
2023-02-10,36.150001525878906,36.45000076293945,35.97999954223633,36.150001525878906,28.904638290405273,17800
2023-02-13,36.459999084472656,36.720001220703125,36.34000015258789,36.47999954223633,29.168500900268555,21600
2023-02-14,35.779998779296875,36.34000015258789,35.779998779296875,35.79999923706055,28.982297897338867,17000
2023-02-15,35.97999954223633,35.97999954223633,35.5099983215332,35.630001068115234,28.84467315673828,14300
2023-02-16,35.79999923706055,36.16999816894531,35.599998474121094,35.599998474121094,28.820390701293945,12000
2023-02-17,35.5099983215332,35.5099983215332,34.349998474121094,34.369998931884766,27.824628829956055,31700
2023-02-21,34.220001220703125,34.27000045776367,33.7400016784668,34.150001525878906,27.646526336669922,26300
2023-02-22,34.65999984741211,34.869998931884766,33.880001068115234,33.95000076293945,27.484615325927734,30300
2023-02-23,34.27000045776367,34.970001220703125,34.27000045776367,34.599998474121094,28.01082992553711,19800
2023-02-24,34.529998779296875,34.970001220703125,34.220001220703125,34.91999816894531,28.269886016845703,64300
2023-02-27,34.93000030517578,35.150001525878906,34.880001068115234,34.95000076293945,28.29417610168457,18500
2023-02-28,35.099998474121094,35.189998626708984,34.630001068115234,34.7400016784668,28.12417221069336,34800
2023-03-01,34.66999816894531,34.869998931884766,34.619998931884766,34.79999923706055,28.17273712158203,14900
2023-03-02,34.93000030517578,35.0,34.70000076293945,34.880001068115234,28.23750114440918,15700
2023-03-03,35.0,35.52000045776367,34.869998931884766,35.0,28.334651947021484,44200
2023-03-06,35.18000030517578,35.5,34.7400016784668,34.79999923706055,28.17273712158203,33200
2023-03-07,34.81999969482422,35.47999954223633,34.20000076293945,34.810001373291016,28.180837631225586,66600
2023-03-08,34.709999084472656,35.29999923706055,34.2599983215332,34.65999984741211,28.059404373168945,33600
2023-03-09,34.97999954223633,34.97999954223633,34.59000015258789,34.630001068115234,28.035118103027344,14300
2023-03-10,34.63999938964844,34.95000076293945,34.5,34.54999923706055,27.970348358154297,37500
2023-03-13,34.41999816894531,34.70000076293945,33.5099983215332,33.650001525878906,27.241750717163086,43900
2023-03-14,33.63999938964844,34.779998779296875,33.06999969482422,33.29999923706055,27.323793411254883,35200
2023-03-15,32.68000030517578,32.900001525878906,31.110000610351562,32.0099983215332,26.265308380126953,49700
2023-03-16,31.56999969482422,32.45000076293945,30.790000915527344,31.479999542236328,25.83042335510254,26100
2023-03-17,31.790000915527344,31.950000762939453,31.09000015258789,31.649999618530273,25.96991729736328,40700
2023-03-20,31.610000610351562,31.850000381469727,30.780000686645508,31.530000686645508,25.87145233154297,28800
2023-03-21,31.68000030517578,31.989999771118164,31.31999969482422,31.610000610351562,25.93709373474121,39800
2023-03-22,31.639999389648438,31.700000762939453,30.799999237060547,30.90999984741211,25.36271858215332,36500
2023-03-23,31.100000381469727,31.459999084472656,30.280000686645508,30.280000686645508,24.84578514099121,32200
2023-03-24,30.06999969482422,31.40999984741211,29.739999771118164,30.170000076293945,24.755525588989258,30200
2023-03-27,30.56999969482422,31.510000228881836,30.420000076293945,30.969999313354492,25.41195297241211,42500
2023-03-28,30.969999313354492,31.389999389648438,30.729999542236328,31.3700008392334,25.74016761779785,47300
2023-03-29,31.520000457763672,32.43000030517578,31.3799991607666,32.099998474121094,26.339155197143555,31600
2023-03-30,32.279998779296875,32.88999938964844,32.150001525878906,32.54999923706055,26.708398818969727,26800
2023-03-31,32.720001220703125,32.84000015258789,32.619998931884766,32.75,26.872507095336914,26500
2023-04-03,33.20000076293945,34.20000076293945,32.619998931884766,33.540000915527344,27.520729064941406,50000
2023-04-04,33.68000030517578,34.09000015258789,33.40999984741211,33.79999923706055,27.734066009521484,24400
2023-04-05,33.79999923706055,34.150001525878906,33.79999923706055,34.09000015258789,27.972021102905273,16000
2023-04-06,34.25,34.5,33.27000045776367,33.86000061035156,27.783296585083008,21000
2023-04-10,34.150001525878906,34.38999938964844,33.439998626708984,33.720001220703125,27.668426513671875,24800
2023-04-11,34.040000915527344,34.54999923706055,33.779998779296875,34.2599983215332,28.111509323120117,13300
2023-04-12,34.619998931884766,34.619998931884766,33.9900016784668,34.11000061035156,27.988435745239258,19100
2023-04-13,34.34000015258789,34.4900016784668,33.79999923706055,34.130001068115234,28.004838943481445,25600
2023-04-14,34.220001220703125,34.25,33.86000061035156,34.09000015258789,27.972021102905273,57100
2023-04-17,33.810001373291016,33.810001373291016,33.060001373291016,33.470001220703125,27.830665588378906,33700
2023-04-18,33.689998626708984,33.689998626708984,33.08000183105469,33.310001373291016,27.69762420654297,26700
2023-04-19,33.029998779296875,33.13999938964844,32.5099983215332,32.68000030517578,27.173770904541016,31200
2023-04-20,32.540000915527344,33.310001373291016,31.719999313354492,32.189998626708984,26.766326904296875,19000
2023-04-21,32.529998779296875,32.63999938964844,32.130001068115234,32.43000030517578,26.96589469909668,8500
2023-04-24,32.77000045776367,33.22999954223633,32.439998626708984,32.7599983215332,27.24028968811035,42600
2023-04-25,32.75,33.08000183105469,32.220001220703125,32.59000015258789,27.098936080932617,42400
2023-04-26,32.70000076293945,32.70000076293945,31.8799991607666,32.369998931884766,26.915998458862305,34600
2023-04-27,32.33000183105469,33.0,32.33000183105469,33.0,27.439857482910156,23000
2023-04-28,32.88999938964844,33.599998474121094,32.849998474121094,33.59000015258789,27.93044662475586,25500
2023-05-01,33.59000015258789,33.869998931884766,33.5099983215332,33.689998626708984,28.013593673706055,34600
2023-05-02,33.689998626708984,33.779998779296875,32.91999816894531,33.29999923706055,27.68930435180664,21000
2023-05-03,33.290000915527344,33.40999984741211,32.7599983215332,33.25,27.64773178100586,27000
2023-05-04,33.099998474121094,33.5,32.720001220703125,33.11000061035156,27.531322479248047,23000
2023-05-05,33.540000915527344,33.97999954223633,33.540000915527344,33.79999923706055,28.10506248474121,30700
2023-05-08,34.189998626708984,34.189998626708984,33.540000915527344,33.7400016784668,28.055177688598633,31500
2023-05-09,33.86000061035156,33.86000061035156,33.529998779296875,33.68000030517578,28.00527572631836,15100
2023-05-10,33.91999816894531,34.0,33.560001373291016,33.70000076293945,28.02191162109375,38100
2023-05-11,33.720001220703125,33.939998626708984,33.45000076293945,33.59000015258789,27.93044662475586,26300
2023-05-12,33.2599983215332,33.52000045776367,33.029998779296875,33.27000045776367,28.040010452270508,28700
2023-05-15,33.43000030517578,33.5,33.08000183105469,33.4900016784668,28.225425720214844,40300
2023-05-16,33.29999923706055,33.33000183105469,32.560001373291016,32.709999084472656,27.568038940429688,25700
2023-05-17,32.869998931884766,32.939998626708984,32.59000015258789,32.880001068115234,27.71131706237793,29600
2023-05-18,32.630001068115234,33.06999969482422,32.529998779296875,33.04999923706055,27.854589462280273,17800
2023-05-19,33.18000030517578,33.47999954223633,33.18000030517578,33.2400016784668,28.014728546142578,9100
2023-05-22,33.20000076293945,33.5,33.20000076293945,33.45000076293945,28.191713333129883,12400
2023-05-23,33.459999084472656,33.54999923706055,33.06999969482422,33.4900016784668,28.225425720214844,19700
2023-05-24,33.4900016784668,33.58000183105469,33.06999969482422,33.380001068115234,28.132720947265625,11400
2023-05-25,33.119998931884766,33.439998626708984,32.88999938964844,33.439998626708984,28.18328857421875,11300
2023-05-26,33.31999969482422,33.54999923706055,33.31999969482422,33.5099983215332,28.242279052734375,8800
2023-05-30,33.63999938964844,33.63999938964844,33.06999969482422,33.5,28.23385238647461,8900
2023-05-31,33.279998779296875,33.7599983215332,33.27000045776367,33.630001068115234,28.343416213989258,10400
2023-06-01,33.790000915527344,34.68000030517578,33.33000183105469,34.40999984741211,29.000802993774414,51900
2023-06-02,34.709999084472656,36.279998779296875,34.709999084472656,35.34000015258789,29.78461265563965,46000
2023-06-05,35.599998474121094,35.95000076293945,35.189998626708984,35.470001220703125,29.8941707611084,48100
2023-06-06,35.63999938964844,35.77000045776367,35.15999984741211,35.279998779296875,29.734037399291992,31500
2023-06-07,35.209999084472656,35.880001068115234,35.209999084472656,35.709999084472656,30.096446990966797,18500
2023-06-08,35.91999816894531,36.08000183105469,35.58000183105469,36.0099983215332,30.349285125732422,12500
2023-06-09,36.099998474121094,36.400001525878906,35.86000061035156,36.20000076293945,30.509414672851562,23400
2023-06-12,36.29999923706055,36.5,35.869998931884766,36.2599983215332,30.559986114501953,37200
2023-06-13,36.45000076293945,36.75,36.13999938964844,36.13999938964844,30.458850860595703,21700
2023-06-14,35.7599983215332,36.619998931884766,35.689998626708984,36.130001068115234,30.834362030029297,17400
2023-06-15,36.09000015258789,36.41999816894531,35.900001525878906,36.290000915527344,30.970911026000977,37700
2023-06-16,36.369998931884766,36.65999984741211,36.150001525878906,36.65999984741211,31.286672592163086,24300
2023-06-20,36.689998626708984,36.7400016784668,36.119998931884766,36.5099983215332,31.15866470336914,26400
2023-06-21,36.29999923706055,36.689998626708984,35.86000061035156,36.599998474121094,31.2354679107666,25000
2023-06-22,36.43000030517578,36.630001068115234,36.2599983215332,36.31999969482422,30.996509552001953,9500
2023-06-23,36.27000045776367,36.5099983215332,36.0,36.06999969482422,30.783151626586914,17100
2023-06-26,36.06999969482422,36.7400016784668,36.06999969482422,36.58000183105469,31.218400955200195,21100
2023-06-27,36.599998474121094,36.810001373291016,36.29999923706055,36.66999816894531,31.295207977294922,19100
2023-06-28,36.720001220703125,36.939998626708984,36.400001525878906,36.88999938964844,31.48296356201172,24400
2023-06-29,37.0,37.290000915527344,36.86000061035156,37.25,31.790205001831055,20100
2023-06-30,37.25,37.61000061035156,37.08000183105469,37.40999984741211,31.92675018310547,27600
2023-07-03,37.70000076293945,38.189998626708984,37.459999084472656,38.189998626708984,32.5924186706543,18400
2023-07-05,37.720001220703125,38.040000915527344,37.599998474121094,37.77000045776367,32.233978271484375,21000
2023-07-06,37.77000045776367,38.52000045776367,37.58000183105469,38.52000045776367,32.87405776977539,28000
2023-07-07,38.4900016784668,38.9900016784668,38.310001373291016,38.86000061035156,33.164215087890625,26800
2023-07-10,38.959999084472656,39.18000030517578,38.4900016784668,39.18000030517578,33.43731689453125,31300
2023-07-11,39.369998931884766,40.27000045776367,39.150001525878906,40.20000076293945,34.30781173706055,55100
2023-07-12,40.20000076293945,40.20000076293945,39.70000076293945,39.869998931884766,34.026180267333984,39200
2023-07-13,40.20000076293945,40.20000076293945,39.290000915527344,39.540000915527344,33.74455261230469,30300
2023-07-14,39.59000015258789,40.119998931884766,39.59000015258789,39.880001068115234,34.03471755981445,17600
2023-07-17,39.43000030517578,39.66999816894531,39.13999938964844,39.369998931884766,33.9829216003418,52000
2023-07-18,39.279998779296875,39.41999816894531,38.54999923706055,39.04999923706055,33.70671081542969,34900
2023-07-19,39.150001525878906,39.45000076293945,39.0,39.18000030517578,33.81892013549805,29200
2023-07-20,39.5,39.79999923706055,38.900001525878906,39.27000045776367,33.89661407470703,25800
2023-07-21,39.41999816894531,39.7599983215332,39.22999954223633,39.61000061035156,34.190086364746094,33100
2023-07-24,39.630001068115234,40.20000076293945,39.40999984741211,40.06999969482422,34.58713912963867,28400
2023-07-25,40.18000030517578,40.18000030517578,39.38999938964844,39.83000183105469,34.379981994628906,32800
2023-07-26,39.79999923706055,40.0,39.06999969482422,39.31999969482422,33.93977355957031,27100
2023-07-27,39.4900016784668,40.09000015258789,39.27000045776367,39.31999969482422,33.93977355957031,26300
2023-07-28,39.75,40.150001525878906,39.599998474121094,40.13999938964844,34.647560119628906,38600
2023-07-31,40.349998474121094,42.400001525878906,40.220001220703125,42.040000915527344,36.28758239746094,58700
2023-08-01,42.209999084472656,42.43000030517578,41.7599983215332,41.9900016784668,36.24443054199219,15700
2023-08-02,41.88999938964844,42.08000183105469,41.34000015258789,41.79999923706055,36.08041763305664,29500
2023-08-03,42.040000915527344,42.040000915527344,40.79999923706055,41.27000045776367,35.62295150756836,37100
2023-08-04,41.380001068115234,41.9900016784668,41.25,41.9900016784668,36.24443054199219,19400
2023-08-07,42.25,42.7400016784668,42.0,42.540000915527344,36.719173431396484,33400
2023-08-08,42.310001373291016,43.18000030517578,41.560001373291016,42.599998474121094,36.77095413208008,44300
2023-08-09,42.70000076293945,43.08000183105469,42.310001373291016,43.08000183105469,37.185279846191406,15400
2023-08-10,43.04999923706055,43.4900016784668,42.88999938964844,42.95000076293945,37.07307052612305,23100
2023-08-11,42.88999938964844,43.40999984741211,42.88999938964844,43.150001525878906,37.245697021484375,50000
2023-08-14,42.56999969482422,43.310001373291016,41.439998626708984,41.650001525878906,36.32982635498047,63800
2023-08-15,41.439998626708984,41.790000915527344,40.130001068115234,40.130001068115234,35.00398635864258,31900
2023-08-16,40.2400016784668,40.939998626708984,39.84000015258789,39.84000015258789,34.75102233886719,20600
2023-08-17,40.130001068115234,41.88999938964844,39.95000076293945,40.040000915527344,34.925479888916016,19000
2023-08-18,39.97999954223633,40.40999984741211,39.7599983215332,40.290000915527344,35.14353942871094,10800
2023-08-21,40.36000061035156,41.88999938964844,40.36000061035156,40.779998779296875,35.570953369140625,27500
2023-08-22,40.9900016784668,41.75,40.75,40.95000076293945,35.719242095947266,11100
2023-08-23,40.959999084472656,41.38999938964844,40.900001525878906,41.38999938964844,36.10302734375,8500
2023-08-24,41.08000183105469,41.79999923706055,40.79999923706055,41.75,36.41704559326172,13600
2023-08-25,41.63999938964844,42.540000915527344,40.970001220703125,42.209999084472656,36.81829071044922,20700
2023-08-28,42.33000183105469,42.45000076293945,41.86000061035156,42.279998779296875,36.87934494018555,15300
2023-08-29,42.119998931884766,42.91999816894531,41.849998474121094,41.900001525878906,36.547889709472656,20200
2023-08-30,41.810001373291016,42.41999816894531,41.810001373291016,42.040000915527344,36.67000198364258,18300
2023-08-31,41.959999084472656,42.4900016784668,41.4900016784668,42.150001525878906,36.76595687866211,13300
2023-09-01,42.150001525878906,42.4900016784668,42.060001373291016,42.40999984741211,36.992740631103516,13700
2023-09-05,42.68000030517578,43.099998474121094,42.47999954223633,42.56999969482422,37.13230514526367,14300
2023-09-06,42.5099983215332,42.810001373291016,42.310001373291016,42.52000045776367,37.088687896728516,14300
2023-09-07,42.41999816894531,43.0,42.400001525878906,42.880001068115234,37.4027099609375,10300
2023-09-08,43.0,43.11000061035156,42.810001373291016,42.97999954223633,37.48993682861328,11200
2023-09-11,42.83000183105469,42.9900016784668,42.45000076293945,42.52000045776367,37.088687896728516,17900
2023-09-12,42.56999969482422,43.119998931884766,42.41999816894531,42.529998779296875,37.097412109375,20500
2023-09-13,42.599998474121094,42.97999954223633,42.59000015258789,42.97999954223633,37.48993682861328,12800
2023-09-14,43.189998626708984,44.29999923706055,43.189998626708984,43.7599983215332,38.170291900634766,24600
2023-09-15,42.939998626708984,43.150001525878906,41.349998474121094,42.130001068115234,37.13033676147461,44500
2023-09-18,42.25,42.93000030517578,41.33000183105469,41.400001525878906,36.486968994140625,21900
2023-09-19,41.25,42.099998474121094,41.119998931884766,41.20000076293945,36.310699462890625,34200
2023-09-20,40.75,41.54999923706055,40.75,40.84000015258789,35.99342346191406,23600
2023-09-21,40.84000015258789,40.84000015258789,38.310001373291016,38.560001373291016,33.9839973449707,56500
2023-09-22,38.38999938964844,38.38999938964844,36.400001525878906,37.2599983215332,32.83826446533203,94100
2023-09-25,37.0,38.59000015258789,36.2599983215332,36.41999816894531,32.09795379638672,61700
2023-09-26,36.27000045776367,36.790000915527344,35.29999923706055,35.810001373291016,31.560338973999023,41000
2023-09-27,36.13999938964844,36.689998626708984,35.900001525878906,36.38999938964844,32.07150650024414,24000
2023-09-28,36.56999969482422,37.369998931884766,36.34000015258789,36.970001220703125,32.58269119262695,18900
2023-09-29,36.91999816894531,37.13999938964844,36.369998931884766,36.369998931884766,32.05388641357422,14500
2023-10-02,36.400001525878906,36.45000076293945,35.7599983215332,35.779998779296875,31.53390121459961,21900
2023-10-03,35.59000015258789,35.779998779296875,34.869998931884766,35.18000030517578,31.005107879638672,27800
2023-10-04,35.119998931884766,35.119998931884766,34.060001373291016,34.349998474121094,30.273603439331055,30600
2023-10-05,34.689998626708984,34.689998626708984,34.29999923706055,34.29999923706055,30.229537963867188,11200
2023-10-06,34.279998779296875,35.209999084472656,34.22999954223633,35.040000915527344,30.88172149658203,10900
2023-10-09,35.29999923706055,36.47999954223633,35.29999923706055,35.900001525878906,31.639665603637695,12600
2023-10-10,36.209999084472656,36.790000915527344,36.0,36.650001525878906,32.300655364990234,9800
2023-10-11,36.790000915527344,36.86000061035156,36.599998474121094,36.84000015258789,32.468109130859375,17600
2023-10-12,37.060001373291016,37.43000030517578,36.810001373291016,37.279998779296875,32.855892181396484,15800
2023-10-13,37.310001373291016,37.349998474121094,36.709999084472656,37.18000030517578,33.16812515258789,16500
2023-10-16,37.349998474121094,37.54999923706055,36.869998931884766,37.40999984741211,33.37331008911133,8800
2023-10-17,37.540000915527344,38.130001068115234,36.97999954223633,37.869998931884766,33.78367614746094,13800
2023-10-18,37.880001068115234,39.029998779296875,37.75,38.5099983215332,34.354610443115234,8000
2023-10-19,38.599998474121094,39.029998779296875,38.20000076293945,38.2400016784668,34.1137580871582,18800
2023-10-20,38.099998474121094,39.560001373291016,38.099998474121094,38.2599983215332,34.131587982177734,11800
2023-10-23,38.099998474121094,38.20000076293945,37.58000183105469,37.709999084472656,33.640933990478516,18000
2023-10-24,37.83000183105469,38.630001068115234,37.83000183105469,38.47999954223633,34.32785415649414,14100
2023-10-25,38.310001373291016,39.400001525878906,37.88999938964844,39.400001525878906,35.148582458496094,7100
2023-10-26,39.25,39.25,38.27000045776367,38.59000015258789,34.42598342895508,7900
2023-10-27,39.0,39.0,38.2599983215332,38.29999923706055,34.167274475097656,10200
2023-10-30,38.689998626708984,38.79999923706055,38.27000045776367,38.5,34.34569549560547,10400
2023-10-31,38.68000030517578,39.4900016784668,38.5,39.310001373291016,35.068294525146484,25700
2023-11-01,40.060001373291016,42.0,37.68000030517578,37.68000030517578,33.61418151855469,35400
2023-11-02,38.61000061035156,38.68000030517578,37.650001525878906,37.720001220703125,34.05659103393555,22100
2023-11-03,37.720001220703125,39.220001220703125,37.619998931884766,38.0,34.309391021728516,10200
2023-11-06,38.119998931884766,38.31999969482422,37.029998779296875,37.470001220703125,33.830867767333984,10100
2023-11-07,37.16999816894531,38.099998474121094,36.599998474121094,36.599998474121094,33.04536056518555,13200
2023-11-08,36.560001373291016,37.5,35.13999938964844,35.52000045776367,32.070247650146484,19000
2023-11-09,35.75,36.31999969482422,35.27000045776367,35.5,32.05219650268555,12500
2023-11-10,35.5,36.439998626708984,35.5,35.650001525878906,32.1876335144043,5800
2023-11-13,35.849998474121094,35.849998474121094,35.099998474121094,35.65999984741211,32.196659088134766,43100
2023-11-14,35.54999923706055,36.5,35.54999923706055,36.25,32.7293586730957,32700
2023-11-15,36.06999969482422,36.619998931884766,36.06999969482422,36.5,32.955074310302734,24500
2023-11-16,36.40999984741211,36.40999984741211,35.72999954223633,35.959999084472656,32.4675178527832,246900
2023-11-17,36.130001068115234,37.33000183105469,36.130001068115234,37.099998474121094,33.496803283691406,84300
2023-11-20,36.20000076293945,36.29999923706055,35.599998474121094,35.779998779296875,32.30500030517578,98100
2023-11-21,36.31999969482422,36.31999969482422,35.650001525878906,35.86000061035156,32.377235412597656,41700
2023-11-22,35.560001373291016,35.599998474121094,35.060001373291016,35.400001525878906,31.961912155151367,68000
2023-11-24,35.04999923706055,36.060001373291016,35.04999923706055,35.5,32.05219650268555,25000
2023-11-27,35.369998931884766,36.22999954223633,34.5,34.66999816894531,31.302804946899414,64300
2023-11-28,34.70000076293945,35.09000015258789,34.2599983215332,34.77000045776367,31.393096923828125,18700
2023-11-29,34.849998474121094,35.099998474121094,34.83000183105469,34.84000015258789,31.4562931060791,24000
2023-11-30,34.83000183105469,35.349998474121094,34.59000015258789,35.040000915527344,31.636873245239258,16500
2023-12-01,35.20000076293945,36.9900016784668,35.20000076293945,36.79999923706055,33.22593688964844,36600
2023-12-04,36.27000045776367,36.45000076293945,35.5,35.5099983215332,32.458133697509766,34300
2023-12-05,35.47999954223633,35.79999923706055,35.029998779296875,35.029998779296875,32.01938247680664,25200
2023-12-06,35.04999923706055,35.70000076293945,35.04999923706055,35.29999923706055,32.26618194580078,32000
2023-12-07,35.099998474121094,35.18000030517578,34.619998931884766,34.619998931884766,31.644620895385742,52600
2023-12-08,34.54999923706055,34.70000076293945,34.04999923706055,34.220001220703125,31.27899932861328,36400
2023-12-11,34.400001525878906,34.400001525878906,33.439998626708984,33.54999923706055,30.666580200195312,47200
2023-12-12,33.25,33.290000915527344,32.5,32.5099983215332,29.715961456298828,91300
2023-12-13,32.5099983215332,33.22999954223633,32.5099983215332,33.06999969482422,30.227834701538086,65300
2023-12-14,33.25,33.7599983215332,33.099998474121094,33.290000915527344,30.42892837524414,72300
2023-12-15,33.36000061035156,34.13999938964844,33.36000061035156,34.02000045776367,31.096187591552734,42700
2023-12-18,34.47999954223633,34.59000015258789,34.08000183105469,34.5,31.53493881225586,26500
2023-12-19,34.540000915527344,34.630001068115234,33.66999816894531,33.689998626708984,30.794546127319336,70200
2023-12-20,33.75,34.0,33.650001525878906,33.66999816894531,30.776268005371094,23100
2023-12-21,33.68000030517578,33.81999969482422,33.54999923706055,33.79999923706055,30.895095825195312,13900
2023-12-22,34.0,34.13999938964844,33.650001525878906,33.79999923706055,30.895095825195312,61100
2023-12-26,33.97999954223633,34.20000076293945,33.79999923706055,33.939998626708984,31.023059844970703,39200
2023-12-27,33.70000076293945,34.09000015258789,33.63999938964844,34.0,31.07790756225586,135500
2023-12-28,33.790000915527344,34.0099983215332,33.790000915527344,33.83000183105469,30.92251968383789,21500
2023-12-29,33.88999938964844,34.0,33.619998931884766,33.88999938964844,30.97736167907715,33300
2024-01-02,33.9900016784668,34.20000076293945,33.86000061035156,34.04999923706055,31.12360382080078,23800
2024-01-03,34.11000061035156,34.25,34.0099983215332,34.209999084472656,31.269861221313477,30100
2024-01-04,34.29999923706055,34.72999954223633,34.25,34.41999816894531,31.461811065673828,31100
2024-01-05,34.5,34.58000183105469,34.27000045776367,34.529998779296875,31.562358856201172,7900
2024-01-08,34.36000061035156,34.540000915527344,34.29999923706055,34.349998474121094,31.397825241088867,42200
2024-01-09,34.540000915527344,34.66999816894531,34.099998474121094,34.34000015258789,31.388689041137695,70700
2024-01-10,34.34000015258789,34.689998626708984,34.34000015258789,34.560001373291016,31.58978271484375,25200
2024-01-11,34.599998474121094,34.619998931884766,34.439998626708984,34.529998779296875,31.562358856201172,34900
2024-01-12,34.72999954223633,34.7599983215332,34.529998779296875,34.650001525878906,31.672046661376953,38400
2024-01-16,34.459999084472656,34.58000183105469,34.2599983215332,34.29999923706055,31.764650344848633,34100
2024-01-17,34.06999969482422,34.16999816894531,33.7400016784668,33.7599983215332,31.264556884765625,17800
2024-01-18,33.83000183105469,33.86000061035156,33.459999084472656,33.58000183105469,31.097871780395508,30200
2024-01-19,33.599998474121094,33.810001373291016,33.599998474121094,33.599998474121094,31.11638832092285,14100
2024-01-22,33.52000045776367,33.75,33.52000045776367,33.630001068115234,31.144176483154297,26900
2024-01-23,33.59000015258789,33.77000045776367,33.560001373291016,33.7400016784668,31.246047973632812,30900
2024-01-24,33.84000015258789,33.97999954223633,33.81999969482422,33.90999984741211,31.403480529785156,8500
2024-01-25,34.130001068115234,34.130001068115234,33.900001525878906,34.040000915527344,31.52387237548828,28200
2024-01-26,34.13999938964844,34.40999984741211,34.13999938964844,34.380001068115234,31.838743209838867,18000
2024-01-29,34.439998626708984,34.52000045776367,34.29999923706055,34.5099983215332,31.95912742614746,18600
2024-01-30,34.349998474121094,34.529998779296875,34.349998474121094,34.439998626708984,31.894302368164062,26600
2024-01-31,34.470001220703125,34.650001525878906,33.849998474121094,33.86000061035156,31.357181549072266,38300
2024-02-01,33.849998474121094,34.560001373291016,33.849998474121094,34.380001068115234,31.838743209838867,45300
2024-02-02,34.36000061035156,34.4900016784668,34.099998474121094,34.459999084472656,31.912822723388672,10700
2024-02-05,34.36000061035156,34.59000015258789,34.099998474121094,34.540000915527344,31.986909866333008,27600
2024-02-06,34.560001373291016,34.68000030517578,34.4900016784668,34.56999969482422,32.01469039916992,27300
2024-02-07,34.630001068115234,34.630001068115234,34.5,34.599998474121094,32.042476654052734,34900
2024-02-08,34.619998931884766,34.77000045776367,34.560001373291016,34.720001220703125,32.153602600097656,42700
2024-02-09,34.68000030517578,35.0,34.68000030517578,34.86000061035156,32.28325653076172,39200
2024-02-12,35.04999923706055,35.04999923706055,34.869998931884766,35.0,32.41291427612305,40100
2024-02-13,34.88999938964844,35.029998779296875,34.650001525878906,34.81999969482422,32.246212005615234,32400
2024-02-14,34.7599983215332,34.790000915527344,34.439998626708984,34.540000915527344,32.40571212768555,12400
2024-02-15,34.41999816894531,34.900001525878906,34.41999816894531,34.880001068115234,32.72470474243164,29100
2024-02-16,35.0,35.66999816894531,34.66999816894531,35.599998474121094,33.40020751953125,26000
2024-02-20,35.63999938964844,35.790000915527344,35.38999938964844,35.790000915527344,33.57847213745117,40500
2024-02-21,35.970001220703125,36.2400016784668,35.81999969482422,36.119998931884766,33.88808059692383,30900
2024-02-22,36.25,36.599998474121094,36.25,36.529998779296875,34.272743225097656,24100
2024-02-23,36.7400016784668,36.7400016784668,36.45000076293945,36.599998474121094,34.338417053222656,24000
2024-02-26,37.130001068115234,37.130001068115234,36.619998931884766,36.779998779296875,34.507293701171875,80600
2024-02-27,37.0,37.130001068115234,36.93000030517578,37.0099983215332,34.72308349609375,41600
2024-02-28,37.16999816894531,37.41999816894531,37.130001068115234,37.400001525878906,35.0889892578125,40800
2024-02-29,37.59000015258789,37.939998626708984,37.54999923706055,37.86000061035156,35.52056121826172,45000
2024-03-01,38.09000015258789,38.59000015258789,38.0,38.459999084472656,36.0834846496582,48300
2024-03-04,38.54999923706055,38.88999938964844,38.5,38.84000015258789,36.44001007080078,58500
2024-03-05,38.880001068115234,39.27000045776367,38.880001068115234,39.130001068115234,36.71208190917969,31000
2024-03-06,39.349998474121094,39.5099983215332,39.349998474121094,39.47999954223633,37.04045867919922,34300
2024-03-07,39.47999954223633,39.810001373291016,39.43000030517578,39.599998474121094,37.15304183959961,43200
2024-03-08,39.79999923706055,39.79999923706055,39.380001068115234,39.68000030517578,37.22809982299805,37300
2024-03-11,39.75,39.81999969482422,39.68000030517578,39.779998779296875,37.32191848754883,42000
2024-03-12,39.90999984741211,40.16999816894531,39.90999984741211,40.04999923706055,37.57524108886719,37500
2024-03-13,40.25,40.400001525878906,40.25,40.380001068115234,37.884849548339844,37400
2024-03-14,41.70000076293945,41.70000076293945,40.209999084472656,40.2400016784668,38.1789665222168,47500
2024-03-15,39.88999938964844,40.380001068115234,39.849998474121094,40.34000015258789,38.27384567260742,18600
2024-03-18,40.25,40.25,40.0,40.119998931884766,38.06511688232422,36500
2024-03-19,40.63999938964844,41.15999984741211,40.2599983215332,40.34000015258789,38.27384567260742,19400
2024-03-20,40.36000061035156,40.439998626708984,40.2599983215332,40.349998474121094,38.28333282470703,19200
2024-03-21,40.5099983215332,40.5099983215332,40.08000183105469,40.380001068115234,38.311798095703125,26700
2024-03-22,40.5099983215332,40.5099983215332,40.290000915527344,40.290000915527344,38.226409912109375,22700
2024-03-25,40.43000030517578,40.54999923706055,40.34000015258789,40.36000061035156,38.29281997680664,26800
2024-03-26,40.599998474121094,40.709999084472656,40.5,40.65999984741211,38.577457427978516,24800
2024-03-27,40.75,40.84000015258789,40.75,40.79999923706055,38.71028137207031,20900
2024-03-28,40.75,41.33000183105469,40.75,41.22999954223633,39.118263244628906,34200
2024-04-01,41.599998474121094,41.810001373291016,41.31999969482422,41.31999969482422,39.203651428222656,35900
2024-04-02,41.380001068115234,41.79999923706055,41.33000183105469,41.52000045776367,39.39340591430664,22200
2024-04-03,41.709999084472656,42.97999954223633,41.52000045776367,42.68000030517578,40.493995666503906,31800
2024-04-04,42.970001220703125,43.63999938964844,42.70000076293945,43.540000915527344,41.30994415283203,28900
2024-04-05,43.5,44.29999923706055,43.38999938964844,44.220001220703125,41.95512008666992,17100
2024-04-08,44.13999938964844,45.439998626708984,44.13999938964844,44.79999923706055,42.50541305541992,37500
2024-04-09,44.97999954223633,45.16999816894531,44.7599983215332,44.86000061035156,42.56233596801758,21900
2024-04-10,44.790000915527344,45.599998474121094,44.77000045776367,45.029998779296875,42.723628997802734,38200
2024-04-11,45.0,45.470001220703125,44.90999984741211,44.90999984741211,42.609779357910156,25500
2024-04-12,44.5099983215332,44.52000045776367,40.9900016784668,41.2400016784668,39.52377700805664,93000
2024-04-15,41.20000076293945,41.2400016784668,38.099998474121094,38.36000061035156,36.76362991333008,121100
2024-04-16,38.29999923706055,38.400001525878906,37.5,37.939998626708984,36.36111068725586,66200
2024-04-17,38.099998474121094,38.880001068115234,38.099998474121094,38.77000045776367,37.15656661987305,47200
2024-04-18,38.59000015258789,39.439998626708984,38.59000015258789,39.279998779296875,37.64534378051758,17900
2024-04-19,39.380001068115234,41.61000061035156,39.18000030517578,40.7400016784668,39.044586181640625,16500
2024-04-22,40.79999923706055,41.720001220703125,40.59000015258789,41.380001068115234,39.657955169677734,36900
2024-04-23,41.63999938964844,42.41999816894531,41.52000045776367,42.2599983215332,40.50132369995117,10700
2024-04-24,42.630001068115234,42.630001068115234,41.119998931884766,41.220001220703125,39.504608154296875,23500
2024-04-25,40.88999938964844,41.5,40.66999816894531,40.9900016784668,39.28418731689453,9700
2024-04-26,41.20000076293945,41.7599983215332,40.900001525878906,40.97999954223633,39.274600982666016,28700
2024-04-29,40.900001525878906,41.880001068115234,40.900001525878906,40.97999954223633,39.274600982666016,14100
2024-04-30,41.20000076293945,41.25,40.0,40.0099983215332,38.3449592590332,29900
2024-05-01,39.91999816894531,40.779998779296875,39.72999954223633,39.72999954223633,38.07661437988281,16700
2024-05-02,39.72999954223633,40.290000915527344,39.689998626708984,39.7400016784668,38.086204528808594,32900
2024-05-03,40.529998779296875,40.83000183105469,40.31999969482422,40.400001525878906,38.71873474121094,10700
2024-05-06,40.97999954223633,41.5,40.72999954223633,41.439998626708984,39.7154541015625,15700
2024-05-07,41.5,42.630001068115234,41.5,42.13999938964844,40.38632583618164,31100
2024-05-08,42.25,42.75,42.04999923706055,42.54999923706055,40.77926254272461,28900
2024-05-09,42.65999984741211,43.349998474121094,42.65999984741211,43.18000030517578,41.3830451965332,22700
2024-05-10,43.310001373291016,43.86000061035156,43.310001373291016,43.709999084472656,41.890987396240234,27300
2024-05-13,43.939998626708984,44.209999084472656,42.13999938964844,42.540000915527344,40.76968002319336,40100
2024-05-14,42.22999954223633,42.9900016784668,42.22999954223633,42.58000183105469,41.24430465698242,22100
2024-05-15,43.279998779296875,43.279998779296875,42.31999969482422,42.31999969482422,40.992462158203125,20700
2024-05-16,42.20000076293945,42.5099983215332,41.09000015258789,41.540000915527344,40.2369270324707,54300
2024-05-17,41.400001525878906,42.790000915527344,41.400001525878906,42.2599983215332,40.93434143066406,16000
2024-05-20,42.56999969482422,42.90999984741211,42.11000061035156,42.380001068115234,41.05057907104492,23100
2024-05-21,42.54999923706055,42.79999923706055,42.220001220703125,42.619998931884766,41.283050537109375,9500
2024-05-22,42.7599983215332,42.91999816894531,42.0,42.060001373291016,40.74061965942383,9200
2024-05-23,42.209999084472656,42.81999969482422,42.040000915527344,42.36000061035156,41.03120803833008,15000
2024-05-24,42.40999984741211,42.790000915527344,42.15999984741211,42.189998626708984,40.866539001464844,6600
2024-05-28,42.790000915527344,42.790000915527344,42.150001525878906,42.58000183105469,41.24430465698242,13800
2024-05-29,42.220001220703125,42.790000915527344,41.959999084472656,42.06999969482422,40.75030517578125,11400
2024-05-30,41.880001068115234,42.27000045776367,41.65999984741211,41.810001373291016,40.49845886230469,13200
2024-05-31,41.83000183105469,42.31999969482422,41.75,42.0099983215332,40.69218444824219,22900
2024-06-03,42.2400016784668,42.650001525878906,42.16999816894531,42.279998779296875,40.953712463378906,17400
2024-06-04,42.20000076293945,42.47999954223633,41.75,42.439998626708984,41.108699798583984,23300
2024-06-05,42.58000183105469,42.58000183105469,42.060001373291016,42.40999984741211,41.07963943481445,18900
2024-06-06,42.380001068115234,43.040000915527344,42.25,42.86000061035156,41.515525817871094,31700
2024-06-07,42.86000061035156,43.599998474121094,42.220001220703125,42.4900016784668,41.15713119506836,32500
2024-06-10,42.70000076293945,43.290000915527344,42.15999984741211,43.150001525878906,41.79642868041992,11700
2024-06-11,43.209999084472656,43.880001068115234,43.150001525878906,43.599998474121094,42.2323112487793,21500
2024-06-12,43.959999084472656,44.099998474121094,42.84000015258789,43.290000915527344,41.93203353881836,22800
2024-06-13,43.0,43.2599983215332,42.18000030517578,42.38999938964844,41.06026840209961,24400
2024-06-14,42.880001068115234,42.900001525878906,42.220001220703125,42.400001525878906,41.06995391845703,10400
2024-06-17,41.810001373291016,42.2599983215332,41.720001220703125,41.97999954223633,41.09932327270508,10900
2024-06-18,41.7599983215332,41.959999084472656,41.7599983215332,41.83000183105469,40.95247268676758,19600
2024-06-20,41.95000076293945,42.0099983215332,41.25,41.75,40.874149322509766,27900
2024-06-21,41.689998626708984,42.27000045776367,41.689998626708984,41.900001525878906,41.02100372314453,7400
2024-06-24,41.5,42.25,41.43000030517578,41.95000076293945,41.06995391845703,23300
2024-06-25,41.95000076293945,42.29999923706055,41.619998931884766,42.09000015258789,41.20701599121094,18000
2024-06-26,41.810001373291016,41.880001068115234,41.68000030517578,41.849998474121094,40.972049713134766,7100
2024-06-27,41.88999938964844,41.88999938964844,41.63999938964844,41.75,40.874149322509766,15800
2024-06-28,41.959999084472656,42.2599983215332,41.47999954223633,41.47999954223633,40.60981369018555,38700
2024-07-01,41.689998626708984,42.06999969482422,41.08000183105469,41.25,40.38463592529297,72700
2024-07-02,41.27000045776367,42.18000030517578,41.209999084472656,41.849998474121094,40.972049713134766,50000
2024-07-03,41.59000015258789,42.189998626708984,41.54999923706055,41.880001068115234,41.00142288208008,35400
2024-07-05,42.09000015258789,42.16999816894531,41.7400016784668,41.810001373291016,40.932891845703125,18700
2024-07-08,41.81999969482422,42.29999923706055,41.54999923706055,41.88999938964844,41.011207580566406,30100
2024-07-09,41.790000915527344,42.22999954223633,41.72999954223633,42.0099983215332,41.128692626953125,10700
2024-07-10,42.0,42.290000915527344,41.619998931884766,41.7400016784668,40.864356994628906,31000
2024-07-11,41.7400016784668,42.189998626708984,41.56999969482422,42.099998474121094,41.21680450439453,15400
2024-07-12,42.29999923706055,42.66999816894531,42.09000015258789,42.279998779296875,41.393028259277344,28800
2024-07-15,42.349998474121094,42.939998626708984,41.880001068115234,42.75,41.85316848754883,28400
2024-07-16,42.54999923706055,42.619998931884766,42.150001525878906,42.279998779296875,41.833377838134766,21900
2024-07-17,42.56999969482422,42.56999969482422,42.029998779296875,42.15999984741211,41.71464920043945,10400
2024-07-18,42.02000045776367,42.43000030517578,42.02000045776367,42.119998931884766,41.67506790161133,7100
2024-07-19,42.119998931884766,42.540000915527344,42.060001373291016,42.43000030517578,41.98179626464844,15000
2024-07-22,42.79999923706055,43.0,42.290000915527344,42.93000030517578,42.47651290893555,21200
2024-07-23,42.72999954223633,43.040000915527344,42.56999969482422,42.72999954223633,42.27862548828125,18200
2024-07-24,42.689998626708984,43.150001525878906,42.54999923706055,42.83000183105469,42.37757110595703,8000
2024-07-25,42.619998931884766,43.029998779296875,41.900001525878906,41.900001525878906,41.4573974609375,22400
2024-07-26,42.119998931884766,42.59000015258789,42.119998931884766,42.52000045776367,42.07084655761719,10800
2024-07-29,42.599998474121094,42.9900016784668,42.310001373291016,42.470001220703125,42.0213737487793,6100
2024-07-30,42.58000183105469,42.970001220703125,42.56999969482422,42.810001373291016,42.357784271240234,18000
2024-07-31,43.29999923706055,43.70000076293945,42.91999816894531,43.0,42.5457763671875,15000
2024-08-01,43.5099983215332,43.5099983215332,42.33000183105469,43.20000076293945,42.7436637878418,18400
2024-08-02,42.220001220703125,42.959999084472656,42.0,42.43000030517578,41.98179626464844,21700
2024-08-05,41.290000915527344,41.349998474121094,38.599998474121094,39.060001373291016,38.647396087646484,62900
2024-08-06,39.439998626708984,40.16999816894531,39.29999923706055,39.91999816894531,39.49831008911133,28000
2024-08-07,40.65999984741211,41.56999969482422,40.400001525878906,41.11000061035156,40.67573928833008,26900
2024-08-08,41.150001525878906,41.66999816894531,41.150001525878906,41.59000015258789,41.15066909790039,18700
2024-08-09,41.66999816894531,42.18000030517578,41.0099983215332,41.7599983215332,41.318870544433594,9900
2024-08-12,41.68000030517578,42.5,41.68000030517578,41.90999984741211,41.467288970947266,13300
2024-08-13,42.38999938964844,42.5,41.90999984741211,41.93000030517578,41.48707962036133,15300
2024-08-14,42.13999938964844,42.630001068115234,41.939998626708984,42.599998474121094,42.14999771118164,16000
2024-08-15,42.41999816894531,42.54999923706055,42.0,42.54999923706055,42.54999923706055,12300
2024-08-16,42.5099983215332,42.72999954223633,42.5099983215332,42.65999984741211,42.65999984741211,21800
2024-08-19,42.70000076293945,43.369998931884766,42.66999816894531,42.849998474121094,42.849998474121094,21200
2024-08-20,42.90999984741211,43.349998474121094,42.599998474121094,42.72999954223633,42.72999954223633,7400
2024-08-21,42.349998474121094,42.72999954223633,41.900001525878906,41.95000076293945,41.95000076293945,21000
2024-08-22,41.93000030517578,42.27000045776367,41.849998474121094,42.11000061035156,42.11000061035156,7400
2024-08-23,42.06999969482422,42.4900016784668,42.06999969482422,42.380001068115234,42.380001068115234,4800
2024-08-26,42.630001068115234,43.189998626708984,42.290000915527344,42.869998931884766,42.869998931884766,18800
2024-08-27,42.849998474121094,43.349998474121094,42.58000183105469,42.869998931884766,42.869998931884766,7300
2024-08-28,42.970001220703125,43.040000915527344,42.619998931884766,42.79999923706055,42.79999923706055,7800
2024-08-29,42.880001068115234,43.34000015258789,42.709999084472656,43.310001373291016,43.310001373291016,15900
2024-08-30,43.470001220703125,43.470001220703125,42.93000030517578,43.08000183105469,43.08000183105469,23200
