Date,Open,High,Low,Close,Adj Close,Volume
2023-03-28,20.0,20.0,20.0,20.0,20.0,31000
2023-03-29,20.0,20.299999237060547,19.5,19.549999237060547,19.549999237060547,8100
2023-03-30,20.0,20.790000915527344,19.989999771118164,20.790000915527344,20.790000915527344,64400
2023-03-31,18.030000686645508,19.5,16.950000762939453,17.389999389648438,17.389999389648438,4507100
2023-04-03,17.799999237060547,18.6200008392334,17.6200008392334,18.299999237060547,18.299999237060547,659400
2023-04-04,17.670000076293945,19.575000762939453,17.670000076293945,18.100000381469727,18.100000381469727,519500
2023-04-05,17.739999771118164,18.170000076293945,16.770000457763672,17.1299991607666,17.1299991607666,719000
2023-04-06,16.90999984741211,18.0,16.75,17.729999542236328,17.729999542236328,538500
2023-04-10,17.350000381469727,18.489999771118164,17.139999389648438,17.760000228881836,17.760000228881836,614100
2023-04-11,17.760000228881836,18.280000686645508,17.479999542236328,17.600000381469727,17.600000381469727,366100
2023-04-12,17.670000076293945,17.84000015258789,16.989999771118164,17.010000228881836,17.010000228881836,290700
2023-04-13,17.100000381469727,17.700000762939453,16.450000762939453,16.56999969482422,16.56999969482422,336800
2023-04-14,16.530000686645508,16.809999465942383,15.670000076293945,15.869999885559082,15.869999885559082,730100
2023-04-17,15.930000305175781,17.079999923706055,15.930000305175781,17.0,17.0,231800
2023-04-18,16.799999237060547,17.200000762939453,16.579999923706055,17.049999237060547,17.049999237060547,151300
2023-04-19,17.079999923706055,17.700000762939453,16.81999969482422,17.149999618530273,17.149999618530273,150300
2023-04-20,16.969999313354492,16.989999771118164,16.75,16.899999618530273,16.899999618530273,92600
2023-04-21,16.829999923706055,17.084999084472656,16.65999984741211,16.93000030517578,16.93000030517578,142600
2023-04-24,16.979999542236328,17.15999984741211,16.65999984741211,17.1299991607666,17.1299991607666,87000
2023-04-25,16.670000076293945,16.989999771118164,16.350000381469727,16.450000762939453,16.450000762939453,159200
2023-04-26,16.200000762939453,16.610000610351562,15.869999885559082,15.930000305175781,15.930000305175781,69600
2023-04-27,15.930000305175781,16.44499969482422,15.930000305175781,16.1299991607666,16.1299991607666,59100
2023-04-28,15.970000267028809,16.25,15.949999809265137,16.139999389648438,16.139999389648438,68900
2023-05-01,15.949999809265137,16.163000106811523,15.574999809265137,15.6899995803833,15.6899995803833,94100
2023-05-02,15.40999984741211,15.8149995803833,15.369999885559082,15.489999771118164,15.489999771118164,100400
2023-05-03,15.489999771118164,16.091999053955078,15.489999771118164,15.619999885559082,15.619999885559082,101200
2023-05-04,15.329999923706055,16.079999923706055,15.329999923706055,16.040000915527344,16.040000915527344,98900
2023-05-05,16.079999923706055,16.739999771118164,15.885000228881836,16.489999771118164,16.489999771118164,126100
2023-05-08,16.309999465942383,16.6299991607666,16.125,16.600000381469727,16.600000381469727,26100
2023-05-09,16.459999084472656,17.040000915527344,16.0,16.56999969482422,16.56999969482422,70900
2023-05-10,16.790000915527344,17.045000076293945,16.450000762939453,16.709999084472656,16.709999084472656,40600
2023-05-11,16.389999389648438,16.760000228881836,16.389999389648438,16.709999084472656,16.709999084472656,70200
2023-05-12,16.579999923706055,16.79800033569336,16.31999969482422,16.709999084472656,16.709999084472656,45700
2023-05-15,16.56999969482422,16.969999313354492,16.549999237060547,16.8700008392334,16.8700008392334,93900
2023-05-16,16.719999313354492,17.065000534057617,16.219999313354492,16.299999237060547,16.299999237060547,96800
2023-05-17,16.239999771118164,16.690000534057617,15.949999809265137,16.5,16.5,60300
2023-05-18,16.34000015258789,16.524999618530273,16.34000015258789,16.43000030517578,16.43000030517578,22200
2023-05-19,16.670000076293945,16.670000076293945,16.15999984741211,16.290000915527344,16.290000915527344,31200
2023-05-22,16.260000228881836,16.469999313354492,15.760000228881836,16.31999969482422,16.31999969482422,495200
2023-05-23,16.040000915527344,16.440000534057617,15.90999984741211,16.010000228881836,16.010000228881836,138800
2023-05-24,15.989999771118164,16.149999618530273,15.25,15.289999961853027,15.289999961853027,72600
2023-05-25,15.260000228881836,15.260000228881836,14.399999618530273,14.8100004196167,14.8100004196167,149400
2023-05-26,14.6899995803833,15.130000114440918,14.550000190734863,15.029999732971191,15.029999732971191,54600
2023-05-30,15.109999656677246,15.58899974822998,15.039999961853027,15.380000114440918,15.380000114440918,57200
2023-05-31,15.260000228881836,16.0,15.229999542236328,15.5,15.5,125500
2023-06-01,15.5,15.899999618530273,15.229999542236328,15.59000015258789,15.59000015258789,43100
2023-06-02,15.779999732971191,16.149999618530273,15.779999732971191,16.100000381469727,16.100000381469727,41200
2023-06-05,15.920000076293945,15.920000076293945,14.8100004196167,15.029999732971191,15.029999732971191,76900
2023-06-06,14.930000305175781,15.420000076293945,14.930000305175781,15.140000343322754,15.140000343322754,67000
2023-06-07,14.850000381469727,15.720000267028809,14.850000381469727,15.649999618530273,15.649999618530273,70900
2023-06-08,15.65999984741211,15.65999984741211,15.199999809265137,15.489999771118164,15.489999771118164,35000
2023-06-09,15.329999923706055,15.630000114440918,15.029999732971191,15.229999542236328,15.229999542236328,65500
2023-06-12,15.100000381469727,15.199999809265137,14.869999885559082,15.029999732971191,15.029999732971191,87000
2023-06-13,15.0600004196167,15.270000457763672,14.59000015258789,14.600000381469727,14.600000381469727,78300
2023-06-14,14.609999656677246,14.829999923706055,14.010000228881836,14.210000038146973,14.210000038146973,189600
2023-06-15,14.130000114440918,14.210000038146973,13.829999923706055,14.149999618530273,14.149999618530273,131600
2023-06-16,14.329999923706055,14.329999923706055,13.90999984741211,14.029999732971191,14.029999732971191,217300
2023-06-20,13.960000038146973,14.029999732971191,13.630000114440918,13.949999809265137,13.949999809265137,201800
2023-06-21,13.869999885559082,13.960000038146973,13.557999610900879,13.890000343322754,13.890000343322754,127700
2023-06-22,13.710000038146973,13.875,13.399999618530273,13.5600004196167,13.5600004196167,73800
2023-06-23,13.449999809265137,13.569999694824219,13.149999618530273,13.34000015258789,13.34000015258789,221300
2023-06-26,13.460000038146973,14.0,13.300000190734863,13.84000015258789,13.84000015258789,73900
2023-06-27,13.369999885559082,14.119999885559082,13.369999885559082,13.960000038146973,13.960000038146973,80700
2023-06-28,13.90999984741211,14.079999923706055,13.720000267028809,14.050000190734863,14.050000190734863,53200
2023-06-29,14.020000457763672,14.380000114440918,14.020000457763672,14.350000381469727,14.350000381469727,107200
2023-06-30,14.4399995803833,14.75,14.350000381469727,14.670000076293945,14.670000076293945,54800
2023-07-03,14.680000305175781,15.069999694824219,14.680000305175781,15.069999694824219,15.069999694824219,39300
2023-07-05,14.960000038146973,15.288999557495117,14.75,15.100000381469727,15.100000381469727,67000
2023-07-06,14.829999923706055,15.0600004196167,14.079999923706055,14.920000076293945,14.920000076293945,118300
2023-07-07,14.84000015258789,15.420000076293945,14.65999984741211,15.229999542236328,15.229999542236328,140600
2023-07-10,15.239999771118164,15.40999984741211,15.069999694824219,15.300000190734863,15.300000190734863,45200
2023-07-11,15.300000190734863,15.717000007629395,15.300000190734863,15.579999923706055,15.579999923706055,42700
2023-07-12,15.869999885559082,15.989999771118164,15.604999542236328,15.739999771118164,15.739999771118164,36400
2023-07-13,15.725000381469727,15.864999771118164,15.5600004196167,15.670000076293945,15.670000076293945,25700
2023-07-14,15.569999694824219,15.569999694824219,15.005000114440918,15.100000381469727,15.100000381469727,35600
2023-07-17,15.010000228881836,15.4399995803833,14.520000457763672,14.579999923706055,14.579999923706055,30700
2023-07-18,14.460000038146973,15.029999732971191,14.40999984741211,14.75,14.75,31800
2023-07-19,14.75,15.152000427246094,14.75,15.100000381469727,15.100000381469727,49100
2023-07-20,14.960000038146973,15.100000381469727,14.640000343322754,15.0,15.0,41600
2023-07-21,15.069999694824219,15.220000267028809,14.954999923706055,15.0600004196167,15.0600004196167,30600
2023-07-24,15.079999923706055,15.359999656677246,14.989999771118164,15.289999961853027,15.289999961853027,20700
2023-07-25,15.270000457763672,15.630000114440918,15.15999984741211,15.510000228881836,15.510000228881836,63100
2023-07-26,15.461000442504883,16.0,15.461000442504883,15.770000457763672,15.770000457763672,41100
2023-07-27,15.729999542236328,15.845000267028809,15.449999809265137,15.510000228881836,15.510000228881836,38900
2023-07-28,15.579999923706055,15.710000038146973,15.460000038146973,15.550000190734863,15.550000190734863,26000
2023-07-31,15.75,15.84000015258789,15.5,15.59000015258789,15.59000015258789,184000
2023-08-01,15.390000343322754,15.4399995803833,14.90999984741211,15.319999694824219,15.319999694824219,34400
2023-08-02,15.180000305175781,15.425000190734863,14.8100004196167,14.845000267028809,14.845000267028809,55200
2023-08-03,14.670000076293945,15.059000015258789,14.569999694824219,15.039999961853027,15.039999961853027,27800
2023-08-04,15.069999694824219,15.289999961853027,14.649999618530273,14.859999656677246,14.859999656677246,21900
2023-08-07,14.859999656677246,15.109999656677246,14.604999542236328,14.989999771118164,14.989999771118164,16800
2023-08-08,14.199999809265137,14.350000381469727,13.5600004196167,13.729999542236328,13.729999542236328,139400
2023-08-09,13.880000114440918,13.880000114440918,13.369999885559082,13.600000381469727,13.600000381469727,97200
2023-08-10,13.710000038146973,14.0,13.470000267028809,13.760000228881836,13.760000228881836,41700
2023-08-11,13.479999542236328,13.779999732971191,13.010000228881836,13.65999984741211,13.65999984741211,66600
2023-08-14,13.34000015258789,13.649999618530273,13.199999809265137,13.5,13.5,135000
2023-08-15,13.3100004196167,13.520000457763672,13.140000343322754,13.449999809265137,13.449999809265137,27100
2023-08-16,13.5600004196167,13.649999618530273,13.199999809265137,13.25,13.25,22900
2023-08-17,13.369999885559082,13.600000381469727,13.119999885559082,13.210000038146973,13.210000038146973,27900
2023-08-18,13.039999961853027,13.40999984741211,13.010000228881836,13.220000267028809,13.220000267028809,26600
2023-08-21,13.069999694824219,13.40999984741211,12.920000076293945,13.350000381469727,13.350000381469727,30800
2023-08-22,13.350000381469727,13.670000076293945,13.350000381469727,13.460000038146973,13.460000038146973,134900
2023-08-23,13.5,13.8100004196167,13.46500015258789,13.729999542236328,13.729999542236328,29300
2023-08-24,13.59000015258789,13.75,13.460000038146973,13.529999732971191,13.529999732971191,51900
2023-08-25,13.550000190734863,13.920000076293945,13.34000015258789,13.569999694824219,13.569999694824219,42500
2023-08-28,13.489999771118164,13.720000267028809,13.423999786376953,13.649999618530273,13.649999618530273,21200
2023-08-29,13.319999694824219,13.829999923706055,13.319999694824219,13.760000228881836,13.760000228881836,22700
2023-08-30,13.600000381469727,13.880000114440918,13.430000305175781,13.75,13.75,17600
2023-08-31,13.710000038146973,13.914999961853027,13.49899959564209,13.619999885559082,13.619999885559082,25100
2023-09-01,13.729999542236328,13.760000228881836,13.539999961853027,13.539999961853027,13.539999961853027,12000
2023-09-05,13.470000267028809,13.470000267028809,12.8100004196167,12.8100004196167,12.8100004196167,80100
2023-09-06,12.760000228881836,12.899999618530273,12.5600004196167,12.770000457763672,12.770000457763672,66600
2023-09-07,12.710000038146973,13.029999732971191,12.710000038146973,12.979999542236328,12.979999542236328,43900
2023-09-08,12.949999809265137,13.0,12.670000076293945,12.770000457763672,12.770000457763672,172000
2023-09-11,12.789999961853027,12.819999694824219,12.359999656677246,12.390000343322754,12.390000343322754,101400
2023-09-12,12.489999771118164,13.479999542236328,12.305000305175781,12.460000038146973,12.460000038146973,30100
2023-09-13,12.520000457763672,12.779999732971191,12.470000267028809,12.489999771118164,12.489999771118164,73600
2023-09-14,12.6899995803833,12.819999694824219,12.574999809265137,12.710000038146973,12.710000038146973,28800
2023-09-15,12.630000114440918,12.746000289916992,12.390000343322754,12.449999809265137,12.449999809265137,285800
2023-09-18,12.430000305175781,12.430000305175781,12.039999961853027,12.220000267028809,12.220000267028809,36100
2023-09-19,12.119999885559082,12.680000305175781,12.119999885559082,12.289999961853027,12.289999961853027,192900
2023-09-20,12.359999656677246,12.819999694824219,12.359999656677246,12.470000267028809,12.470000267028809,40300
2023-09-21,12.289999961853027,12.569999694824219,12.020000457763672,12.130000114440918,12.130000114440918,90900
2023-09-22,12.149999618530273,12.420000076293945,12.0600004196167,12.319999694824219,12.319999694824219,104100
2023-09-25,12.199999809265137,12.739999771118164,12.130000114440918,12.6899995803833,12.6899995803833,130500
2023-09-26,12.539999961853027,12.680000305175781,12.460000038146973,12.619999885559082,12.619999885559082,78700
2023-09-27,12.600000381469727,12.765000343322754,12.109999656677246,12.470000267028809,12.470000267028809,57200
2023-09-28,12.609999656677246,12.609999656677246,12.180000305175781,12.420000076293945,12.420000076293945,35900
2023-09-29,12.449999809265137,12.579999923706055,12.329999923706055,12.520000457763672,12.520000457763672,25300
2023-10-02,12.5,12.550000190734863,11.6899995803833,11.979999542236328,11.979999542236328,89900
2023-10-03,11.989999771118164,12.335000038146973,11.6899995803833,11.90999984741211,11.90999984741211,89900
2023-10-04,11.8100004196167,12.15999984741211,11.722000122070312,12.119999885559082,12.119999885559082,56000
2023-10-05,12.100000381469727,12.100000381469727,11.75,11.859999656677246,11.859999656677246,101900
2023-10-06,11.729999542236328,12.020000457763672,11.604999542236328,11.829999923706055,11.829999923706055,80500
2023-10-09,11.65999984741211,12.369999885559082,11.470000267028809,12.220000267028809,12.220000267028809,72200
2023-10-10,12.199999809265137,12.8100004196167,12.069999694824219,12.6899995803833,12.6899995803833,109900
2023-10-11,12.710000038146973,12.947999954223633,12.6899995803833,12.720000267028809,12.720000267028809,38200
2023-10-12,12.670000076293945,12.670000076293945,12.199999809265137,12.3100004196167,12.3100004196167,38400
2023-10-13,11.65999984741211,12.319999694824219,11.65999984741211,12.0,12.0,46400
2023-10-16,11.869999885559082,12.4399995803833,11.869999885559082,12.369999885559082,12.369999885559082,110400
2023-10-17,12.449999809265137,12.470000267028809,12.119999885559082,12.1899995803833,12.1899995803833,73700
2023-10-18,11.861000061035156,11.920000076293945,11.649999618530273,11.6899995803833,11.6899995803833,51800
2023-10-19,11.539999961853027,11.739999771118164,11.420000076293945,11.470000267028809,11.470000267028809,40900
2023-10-20,11.470000267028809,11.520000457763672,11.279999732971191,11.279999732971191,11.279999732971191,44500
2023-10-23,11.130000114440918,11.34000015258789,11.031000137329102,11.100000381469727,11.100000381469727,102900
2023-10-24,11.109999656677246,11.335000038146973,11.100000381469727,11.3100004196167,11.3100004196167,81500
2023-10-25,11.21500015258789,11.289999961853027,10.899999618530273,10.960000038146973,10.960000038146973,32900
2023-10-26,10.90999984741211,11.319999694824219,10.90999984741211,11.1899995803833,11.1899995803833,86200
2023-10-27,11.055000305175781,11.149999618530273,10.760000228881836,10.800000190734863,10.800000190734863,47900
2023-10-30,10.960000038146973,11.430000305175781,10.899999618530273,11.369999885559082,11.369999885559082,71000
2023-10-31,11.5600004196167,11.9399995803833,11.319999694824219,11.449999809265137,11.449999809265137,39200
2023-11-01,11.319999694824219,11.479999542236328,10.979999542236328,11.180000305175781,11.180000305175781,119600
2023-11-02,11.40999984741211,11.600000381469727,11.1899995803833,11.579999923706055,11.579999923706055,137100
2023-11-03,11.899999618530273,12.40999984741211,11.510000228881836,12.354999542236328,12.354999542236328,53400
2023-11-06,12.489999771118164,12.489999771118164,11.961999893188477,12.180000305175781,12.180000305175781,53100
2023-11-07,12.229999542236328,12.34000015258789,11.6899995803833,11.829999923706055,11.829999923706055,74600
2023-11-08,12.149999618530273,12.149999618530273,11.100000381469727,11.470000267028809,11.470000267028809,94000
2023-11-09,11.539999961853027,11.539999961853027,10.960000038146973,11.15999984741211,11.15999984741211,109700
2023-11-10,11.289999961853027,11.350000381469727,10.899999618530273,11.279999732971191,11.279999732971191,70600
2023-11-13,11.3100004196167,11.3100004196167,10.9350004196167,11.0600004196167,11.0600004196167,85300
2023-11-14,11.420000076293945,12.539999961853027,11.420000076293945,12.5,12.5,110600
2023-11-15,12.59000015258789,12.989999771118164,12.385000228881836,12.510000228881836,12.510000228881836,58400
2023-11-16,12.539999961853027,12.539999961853027,12.029999732971191,12.09000015258789,12.09000015258789,35700
2023-11-17,12.149999618530273,12.1899995803833,11.904999732971191,12.029999732971191,12.029999732971191,45800
2023-11-20,12.140000343322754,12.279999732971191,12.100000381469727,12.229999542236328,12.229999542236328,26400
2023-11-21,12.069999694824219,12.234999656677246,11.760000228881836,12.020000457763672,12.020000457763672,48800
2023-11-22,12.100000381469727,12.520000457763672,11.260000228881836,12.25,12.25,57100
2023-11-24,12.239999771118164,12.430000305175781,12.0600004196167,12.430000305175781,12.430000305175781,16800
2023-11-27,12.25,12.399999618530273,12.010000228881836,12.229999542236328,12.229999542236328,48100
2023-11-28,12.229999542236328,12.329999923706055,11.949999809265137,12.069999694824219,12.069999694824219,63400
2023-11-29,12.515000343322754,12.59000015258789,12.25,12.289999961853027,12.289999961853027,40500
2023-11-30,12.300000190734863,12.3149995803833,11.949999809265137,12.220000267028809,12.220000267028809,112500
2023-12-01,12.329999923706055,13.479999542236328,12.220000267028809,13.470000267028809,13.470000267028809,98300
2023-12-04,13.319999694824219,13.640000343322754,13.140000343322754,13.420000076293945,13.420000076293945,111500
2023-12-05,13.520000457763672,13.670000076293945,13.180000305175781,13.239999771118164,13.239999771118164,39300
2023-12-06,13.260000228881836,13.670000076293945,13.050000190734863,13.100000381469727,13.100000381469727,42000
2023-12-07,12.829999923706055,13.194999694824219,12.829999923706055,13.100000381469727,13.100000381469727,92400
2023-12-08,13.050000190734863,13.149999618530273,12.890999794006348,13.109999656677246,13.109999656677246,33800
2023-12-11,12.90999984741211,13.34000015258789,12.90999984741211,13.069999694824219,13.069999694824219,69000
2023-12-12,13.069999694824219,13.210000038146973,12.829999923706055,13.0600004196167,13.0600004196167,72000
2023-12-13,12.930000305175781,14.069999694824219,12.604999542236328,13.920000076293945,13.920000076293945,132000
2023-12-14,14.1899995803833,14.84000015258789,14.1899995803833,14.640000343322754,14.640000343322754,232300
2023-12-15,14.710000038146973,14.710000038146973,14.0,14.239999771118164,14.239999771118164,244400
2023-12-18,14.260000228881836,14.444999694824219,13.960000038146973,14.069999694824219,14.069999694824219,43600
2023-12-19,14.199999809265137,14.699999809265137,13.864999771118164,13.920000076293945,13.920000076293945,68400
2023-12-20,13.989999771118164,14.210000038146973,13.630000114440918,13.699999809265137,13.699999809265137,56400
2023-12-21,13.859999656677246,14.0,13.579999923706055,13.75,13.75,40800
2023-12-22,13.779999732971191,14.335000038146973,13.569999694824219,13.869999885559082,13.869999885559082,37800
2023-12-26,14.121000289916992,14.121000289916992,13.701000213623047,13.960000038146973,13.960000038146973,22900
2023-12-27,13.975000381469727,14.520000457763672,13.739999771118164,14.449999809265137,14.449999809265137,82200
2023-12-28,14.539999961853027,14.9399995803833,14.539999961853027,14.880000114440918,14.880000114440918,129800
2023-12-29,14.960000038146973,15.239999771118164,14.829999923706055,14.979999542236328,14.979999542236328,82300
2024-01-02,14.609999656677246,15.3100004196167,14.609999656677246,14.890000343322754,14.890000343322754,87200
2024-01-03,14.8100004196167,14.8100004196167,14.140000343322754,14.260000228881836,14.260000228881836,53600
2024-01-04,14.390000343322754,14.420000076293945,14.149999618530273,14.3100004196167,14.3100004196167,58800
2024-01-05,14.15999984741211,14.460000038146973,14.0600004196167,14.140000343322754,14.140000343322754,59000
2024-01-08,13.920000076293945,14.25,13.920000076293945,14.149999618530273,14.149999618530273,31700
2024-01-09,13.859999656677246,13.880000114440918,13.670000076293945,13.720000267028809,13.720000267028809,49100
2024-01-10,13.579999923706055,14.149999618530273,13.579999923706055,13.779999732971191,13.779999732971191,18100
2024-01-11,13.699999809265137,13.869999885559082,13.414999961853027,13.569999694824219,13.569999694824219,54000
2024-01-12,13.880000114440918,13.880000114440918,13.399999618530273,13.609999656677246,13.609999656677246,33500
2024-01-16,13.369999885559082,13.5,12.890000343322754,13.119999885559082,13.119999885559082,61400
2024-01-17,12.819999694824219,12.880000114440918,12.170000076293945,12.40999984741211,12.40999984741211,102600
2024-01-18,12.470000267028809,12.470000267028809,12.109999656677246,12.199999809265137,12.199999809265137,85900
2024-01-19,12.319999694824219,12.630000114440918,12.210000038146973,12.460000038146973,12.460000038146973,54400
2024-01-22,12.489999771118164,13.09000015258789,12.489999771118164,12.800000190734863,12.800000190734863,130200
2024-01-23,13.0,13.199999809265137,12.989999771118164,13.010000228881836,13.010000228881836,52800
2024-01-24,13.289999961853027,13.289999961853027,12.520000457763672,12.710000038146973,12.710000038146973,39000
2024-01-25,13.029999732971191,13.029999732971191,12.729999542236328,12.90999984741211,12.90999984741211,31500
2024-01-26,12.829999923706055,13.010000228881836,12.579999923706055,12.680000305175781,12.680000305175781,65500
2024-01-29,12.944000244140625,12.944000244140625,12.479999542236328,12.59000015258789,12.59000015258789,55300
2024-01-30,12.479999542236328,12.5,11.920000076293945,11.960000038146973,11.960000038146973,74100
2024-01-31,11.930000305175781,12.079999923706055,11.510000228881836,11.59000015258789,11.59000015258789,129600
2024-02-01,11.619999885559082,12.109999656677246,11.619999885559082,12.109999656677246,12.109999656677246,123500
2024-02-02,11.920000076293945,12.180000305175781,11.920000076293945,12.029999732971191,12.029999732971191,40700
2024-02-05,11.739999771118164,12.100000381469727,11.710000038146973,11.859999656677246,11.859999656677246,54100
2024-02-06,11.75,12.149999618530273,11.65999984741211,11.779999732971191,11.779999732971191,38900
2024-02-07,11.710000038146973,11.75,11.460000038146973,11.550000190734863,11.550000190734863,39600
2024-02-08,11.65999984741211,11.829999923706055,11.649999618530273,11.720000267028809,11.720000267028809,28000
2024-02-09,11.6899995803833,11.9399995803833,11.6850004196167,11.84000015258789,11.84000015258789,53100
2024-02-12,12.170000076293945,12.25,11.979999542236328,11.989999771118164,11.989999771118164,59500
2024-02-13,11.510000228881836,11.800000190734863,11.4399995803833,11.5600004196167,11.5600004196167,86800
2024-02-14,11.649999618530273,11.949999809265137,11.579999923706055,11.850000381469727,11.850000381469727,57600
2024-02-15,11.899999618530273,12.65999984741211,11.899999618530273,12.489999771118164,12.489999771118164,109500
2024-02-16,12.279999732971191,12.399999618530273,12.1899995803833,12.25,12.25,39200
2024-02-20,12.1899995803833,12.329999923706055,12.020000457763672,12.100000381469727,12.100000381469727,38800
2024-02-21,12.039999961853027,12.364999771118164,11.960000038146973,12.3100004196167,12.3100004196167,98800
2024-02-22,12.25,12.350000381469727,12.020000457763672,12.050000190734863,12.050000190734863,39600
2024-02-23,11.961999893188477,12.130000114440918,11.949999809265137,12.029999732971191,12.029999732971191,44100
2024-02-26,11.930000305175781,12.135000228881836,11.8100004196167,11.859999656677246,11.859999656677246,75500
2024-02-27,12.055000305175781,12.055000305175781,11.8100004196167,11.890000343322754,11.890000343322754,46100
2024-02-28,11.680000305175781,12.100000381469727,11.680000305175781,11.829999923706055,11.829999923706055,108800
2024-02-29,12.119999885559082,12.40999984741211,12.09000015258789,12.350000381469727,12.350000381469727,80200
2024-03-01,12.470000267028809,12.739999771118164,12.180000305175781,12.6899995803833,12.6899995803833,41000
2024-03-04,12.630000114440918,12.729999542236328,12.15999984741211,12.359999656677246,12.359999656677246,46900
2024-03-05,12.489999771118164,12.489999771118164,12.055000305175781,12.079999923706055,12.079999923706055,31200
2024-03-06,12.289999961853027,12.289999961853027,11.859999656677246,11.899999618530273,11.899999618530273,44800
2024-03-07,11.960000038146973,11.960000038146973,11.5600004196167,11.90999984741211,11.90999984741211,63700
2024-03-08,12.09000015258789,12.399999618530273,12.0600004196167,12.1899995803833,12.1899995803833,83400
2024-03-11,12.25,12.449999809265137,11.880000114440918,11.9399995803833,11.9399995803833,57200
2024-03-12,11.880000114440918,11.899999618530273,11.600000381469727,11.819999694824219,11.819999694824219,124200
2024-03-13,11.760000228881836,11.925000190734863,11.65999984741211,11.84000015258789,11.84000015258789,63300
2024-03-14,11.829999923706055,11.829999923706055,11.5,11.670000076293945,11.670000076293945,58000
2024-03-15,11.600000381469727,11.890000343322754,11.270000457763672,11.869999885559082,11.869999885559082,1120200
2024-03-18,12.010000228881836,12.25,11.8100004196167,12.100000381469727,12.100000381469727,61300
2024-03-19,12.109999656677246,12.350000381469727,12.109999656677246,12.279999732971191,12.279999732971191,76800
2024-03-20,12.289999961853027,13.109999656677246,12.289999961853027,12.989999771118164,12.989999771118164,70100
2024-03-21,13.15999984741211,13.5,13.010000228881836,13.100000381469727,13.100000381469727,57300
2024-03-22,13.199999809265137,13.380000114440918,12.84000015258789,12.84000015258789,12.84000015258789,57000
2024-03-25,12.890000343322754,12.949999809265137,12.5600004196167,12.619999885559082,12.619999885559082,36100
2024-03-26,12.630000114440918,12.71500015258789,12.479999542236328,12.520000457763672,12.520000457763672,40300
2024-03-27,12.675000190734863,12.770000457763672,12.609999656677246,12.720000267028809,12.720000267028809,65200
2024-03-28,12.819999694824219,13.069999694824219,12.579999923706055,12.920000076293945,12.920000076293945,68500
2024-04-01,12.970000267028809,13.119999885559082,12.699999809265137,12.819999694824219,12.819999694824219,79700
2024-04-02,12.4399995803833,12.569999694824219,12.3149995803833,12.460000038146973,12.460000038146973,56000
2024-04-03,12.359999656677246,12.755000114440918,12.350000381469727,12.699999809265137,12.699999809265137,28300
2024-04-04,12.819999694824219,13.0,12.489999771118164,12.5600004196167,12.5600004196167,46800
2024-04-05,12.479999542236328,12.670000076293945,12.300000190734863,12.619999885559082,12.619999885559082,59800
2024-04-08,12.649999618530273,12.869999885559082,12.59000015258789,12.619999885559082,12.619999885559082,33400
2024-04-09,12.59000015258789,13.098999977111816,12.59000015258789,13.010000228881836,13.010000228881836,48900
2024-04-10,12.449999809265137,12.90999984741211,12.210000038146973,12.390000343322754,12.390000343322754,86100
2024-04-11,12.40999984741211,12.425000190734863,12.130000114440918,12.350000381469727,12.350000381469727,27400
2024-04-12,12.529999732971191,12.529999732971191,12.0600004196167,12.15999984741211,12.15999984741211,51600
2024-04-15,12.119999885559082,12.204999923706055,11.729999542236328,11.8100004196167,11.8100004196167,32300
2024-04-16,11.569999694824219,11.649999618530273,11.510000228881836,11.539999961853027,11.539999961853027,59500
2024-04-17,11.600000381469727,11.829999923706055,11.600000381469727,11.640000343322754,11.640000343322754,33500
2024-04-18,11.800000190734863,11.869999885559082,11.59000015258789,11.65999984741211,11.65999984741211,63500
2024-04-19,11.59000015258789,11.960000038146973,11.59000015258789,11.850000381469727,11.850000381469727,35900
2024-04-22,12.130000114440918,12.130000114440918,11.859999656677246,12.050000190734863,12.050000190734863,28800
2024-04-23,12.119999885559082,12.329999923706055,12.039999961853027,12.039999961853027,12.039999961853027,21000
2024-04-24,11.880000114440918,11.989999771118164,11.770000457763672,11.880000114440918,11.880000114440918,37200
2024-04-25,11.699999809265137,11.819999694824219,11.600000381469727,11.729999542236328,11.729999542236328,53700
2024-04-26,11.800000190734863,11.8100004196167,11.65999984741211,11.720000267028809,11.720000267028809,18800
2024-04-29,11.800000190734863,12.149999618530273,11.755000114440918,12.119999885559082,12.119999885559082,51100
2024-04-30,11.899999618530273,12.25,11.880000114440918,11.890000343322754,11.890000343322754,25300
2024-05-01,12.050000190734863,12.319999694824219,11.977999687194824,12.109999656677246,12.109999656677246,21600
2024-05-02,12.369999885559082,12.479999542236328,12.114999771118164,12.359999656677246,12.359999656677246,18100
2024-05-03,12.694999694824219,12.789999961853027,12.430000305175781,12.630000114440918,12.630000114440918,17100
2024-05-06,12.835000038146973,12.835000038146973,12.5600004196167,12.640000343322754,12.640000343322754,15100
2024-05-07,13.0,13.319999694824219,12.899999618530273,13.119999885559082,13.119999885559082,26500
2024-05-08,13.100000381469727,13.319999694824219,12.90999984741211,12.960000038146973,12.960000038146973,23000
2024-05-09,12.949999809265137,13.510000228881836,12.949999809265137,13.390000343322754,13.390000343322754,31600
2024-05-10,13.220000267028809,13.220000267028809,12.369999885559082,13.130000114440918,13.130000114440918,26700
2024-05-13,13.043000221252441,13.880000114440918,13.043000221252441,13.329999923706055,13.329999923706055,26400
2024-05-14,13.600000381469727,13.633000373840332,13.35099983215332,13.619999885559082,13.619999885559082,21000
2024-05-15,13.720000267028809,13.930000305175781,13.59000015258789,13.854999542236328,13.854999542236328,52100
2024-05-16,13.3149995803833,13.65999984741211,13.3149995803833,13.449999809265137,13.449999809265137,20600
2024-05-17,13.470000267028809,13.569999694824219,13.371999740600586,13.479999542236328,13.479999542236328,23600
2024-05-20,13.369999885559082,13.600000381469727,13.15999984741211,13.25,13.25,19500
2024-05-21,12.876999855041504,13.1899995803833,12.876999855041504,13.109999656677246,13.109999656677246,15800
2024-05-22,13.010000228881836,13.180000305175781,12.899999618530273,12.960000038146973,12.960000038146973,16600
2024-05-23,12.899999618530273,13.039999961853027,12.739999771118164,12.739999771118164,12.739999771118164,40100
2024-05-24,12.899999618530273,12.899999618530273,12.6899995803833,12.859999656677246,12.859999656677246,11400
2024-05-28,12.739999771118164,12.880000114440918,12.609999656677246,12.65999984741211,12.65999984741211,14000
2024-05-29,12.40999984741211,12.569999694824219,12.300000190734863,12.380000114440918,12.380000114440918,36000
2024-05-30,12.670000076293945,12.970000267028809,12.369999885559082,12.829999923706055,12.829999923706055,60900
2024-05-31,13.010000228881836,13.149999618530273,12.789999961853027,12.869999885559082,12.869999885559082,29300
2024-06-03,13.09000015258789,13.100000381469727,12.670000076293945,12.949999809265137,12.949999809265137,17700
2024-06-04,12.729999542236328,13.130000114440918,12.729999542236328,13.039999961853027,13.039999961853027,35000
2024-06-05,12.875,13.069999694824219,12.819999694824219,13.0600004196167,13.0600004196167,24100
2024-06-06,12.979999542236328,13.079999923706055,12.854999542236328,12.979999542236328,12.979999542236328,36900
2024-06-07,12.71500015258789,12.949999809265137,12.71500015258789,12.850000381469727,12.850000381469727,22200
2024-06-10,12.649999618530273,12.760000228881836,12.59000015258789,12.619999885559082,12.619999885559082,19400
2024-06-11,12.510000228881836,12.739999771118164,12.5,12.720000267028809,12.720000267028809,14400
2024-06-12,12.989999771118164,13.449999809265137,12.72599983215332,12.9399995803833,12.9399995803833,62000
2024-06-13,12.819999694824219,12.859999656677246,12.579999923706055,12.699999809265137,12.699999809265137,17300
2024-06-14,12.510000228881836,12.729999542236328,12.510000228881836,12.649999618530273,12.649999618530273,20400
2024-06-17,12.5,12.5,12.119999885559082,12.119999885559082,12.119999885559082,23300
2024-06-18,12.04699993133545,12.539999961853027,12.020000457763672,12.079999923706055,12.079999923706055,28800
2024-06-20,12.25,12.25,11.970000267028809,12.149999618530273,12.149999618530273,9100
2024-06-21,12.140000343322754,12.40999984741211,11.760000228881836,11.779999732971191,11.779999732971191,182400
2024-06-24,11.9399995803833,12.199999809265137,11.755000114440918,11.989999771118164,11.989999771118164,54100
2024-06-25,12.140000343322754,12.140000343322754,11.6899995803833,11.84000015258789,11.84000015258789,48200
2024-06-26,11.670000076293945,11.90999984741211,11.520000457763672,11.779999732971191,11.779999732971191,37900
2024-06-27,11.930000305175781,12.09000015258789,11.779999732971191,11.850000381469727,11.850000381469727,34100
2024-06-28,12.039999961853027,12.0600004196167,11.770000457763672,12.0600004196167,12.0600004196167,85200
2024-07-01,12.09000015258789,12.130000114440918,11.274999618530273,11.329999923706055,11.329999923706055,55300
2024-07-02,11.23799991607666,11.479999542236328,11.23799991607666,11.380000114440918,11.380000114440918,44300
2024-07-03,11.460000038146973,11.541000366210938,11.34000015258789,11.420000076293945,11.420000076293945,12300
2024-07-05,11.319999694824219,11.510000228881836,11.270000457763672,11.449999809265137,11.449999809265137,31000
2024-07-08,11.529999732971191,11.720000267028809,11.359999656677246,11.40999984741211,11.40999984741211,39100
2024-07-09,11.350000381469727,11.350000381469727,11.0600004196167,11.229999542236328,11.229999542236328,52700
2024-07-10,11.1899995803833,11.420000076293945,11.1899995803833,11.40999984741211,11.40999984741211,60100
2024-07-11,11.819999694824219,12.520000457763672,11.697999954223633,12.489999771118164,12.489999771118164,84800
2024-07-12,12.710000038146973,12.739999771118164,12.472000122070312,12.539999961853027,12.539999961853027,49200
2024-07-15,12.680000305175781,12.930000305175781,12.260000228881836,12.800000190734863,12.800000190734863,32700
2024-07-16,13.010000228881836,13.069999694824219,12.699999809265137,12.930000305175781,12.930000305175781,76700
2024-07-17,12.90999984741211,13.0600004196167,12.869999885559082,12.979999542236328,12.979999542236328,53100
2024-07-18,12.720000267028809,13.069999694824219,12.59000015258789,12.630000114440918,12.630000114440918,37200
2024-07-19,12.619999885559082,12.770000457763672,12.369999885559082,12.699999809265137,12.699999809265137,32700
2024-07-22,12.779999732971191,12.800000190734863,12.630000114440918,12.739999771118164,12.739999771118164,34700
2024-07-23,12.8100004196167,13.270000457763672,12.800000190734863,13.199999809265137,13.199999809265137,98400
2024-07-24,13.199999809265137,13.515000343322754,12.9399995803833,12.979999542236328,12.979999542236328,41100
2024-07-25,13.140000343322754,13.510000228881836,13.015000343322754,13.15999984741211,13.15999984741211,31400
2024-07-26,13.359999656677246,13.670000076293945,12.930000305175781,13.569999694824219,13.569999694824219,29000
2024-07-29,13.510000228881836,13.529999732971191,13.119000434875488,13.3100004196167,13.3100004196167,32700
2024-07-30,13.34000015258789,13.460000038146973,13.0,13.40999984741211,13.40999984741211,49300
2024-07-31,13.494999885559082,13.789999961853027,13.399999618530273,13.449999809265137,13.449999809265137,38500
2024-08-01,13.420000076293945,13.420000076293945,12.899999618530273,13.170000076293945,13.170000076293945,37100
2024-08-02,12.739999771118164,13.069999694824219,12.562000274658203,12.800000190734863,12.800000190734863,42200
2024-08-05,12.350000381469727,12.84000015258789,12.020000457763672,12.020000457763672,12.020000457763672,34900
2024-08-06,12.020000457763672,12.34000015258789,11.899999618530273,12.140000343322754,12.140000343322754,22500
2024-08-07,12.289999961853027,12.479999542236328,12.100000381469727,12.270000457763672,12.270000457763672,76900
2024-08-08,12.279999732971191,12.6899995803833,12.279999732971191,12.649999618530273,12.649999618530273,27900
2024-08-09,12.395000457763672,12.680000305175781,12.350000381469727,12.479999542236328,12.479999542236328,27800
2024-08-12,12.470000267028809,12.550000190734863,12.319999694824219,12.510000228881836,12.510000228881836,54700
2024-08-13,12.6899995803833,12.970000267028809,12.6899995803833,12.850000381469727,12.850000381469727,31900
2024-08-14,12.824999809265137,12.930000305175781,12.680000305175781,12.800000190734863,12.800000190734863,43000
2024-08-15,13.15999984741211,13.270000457763672,12.812999725341797,13.020000457763672,13.020000457763672,26100
2024-08-16,13.020000457763672,13.25,12.770000457763672,12.850000381469727,12.850000381469727,30400
2024-08-19,12.779999732971191,12.970000267028809,12.779999732971191,12.9399995803833,12.9399995803833,21200
2024-08-20,12.819999694824219,12.949999809265137,12.630000114440918,12.640000343322754,12.640000343322754,14300
2024-08-21,12.5600004196167,12.880000114440918,12.5600004196167,12.859999656677246,12.859999656677246,30700
2024-08-22,12.729999542236328,12.920000076293945,12.729999542236328,12.739999771118164,12.739999771118164,24700
2024-08-23,12.960000038146973,13.670000076293945,12.920000076293945,13.670000076293945,13.670000076293945,57000
2024-08-26,13.710000038146973,13.829999923706055,13.670000076293945,13.6899995803833,13.6899995803833,52100
2024-08-27,13.59000015258789,13.649999618530273,13.529999732971191,13.529999732971191,13.529999732971191,12700
2024-08-28,13.390000343322754,13.682000160217285,13.359999656677246,13.529999732971191,13.529999732971191,13000
2024-08-29,13.710000038146973,13.710000038146973,13.34000015258789,13.59000015258789,13.59000015258789,17200
2024-08-30,13.539999961853027,13.600000381469727,13.210000038146973,13.399999618530273,13.399999618530273,27200
2024-09-03,13.25,13.489999771118164,13.170000076293945,13.270000457763672,13.270000457763672,17900
2024-09-04,13.350000381469727,13.350000381469727,13.15999984741211,13.180000305175781,13.180000305175781,11100
2024-09-05,13.15999984741211,13.359999656677246,13.079999923706055,13.140000343322754,13.140000343322754,9600
2024-09-06,13.210000038146973,13.239999771118164,13.0,13.010000228881836,13.010000228881836,26100
2024-09-09,12.930000305175781,13.050000190734863,12.78499984741211,12.819999694824219,12.819999694824219,23400
2024-09-10,12.890000343322754,13.069999694824219,12.850000381469727,12.899999618530273,12.899999618530273,54700
2024-09-11,12.869999885559082,13.010000228881836,12.6899995803833,12.949999809265137,12.949999809265137,72900
2024-09-12,13.354999542236328,13.46500015258789,12.90999984741211,13.09000015258789,13.09000015258789,30800
2024-09-13,13.329999923706055,13.479999542236328,13.149999618530273,13.4399995803833,13.4399995803833,62200
2024-09-16,13.380000114440918,13.930000305175781,13.380000114440918,13.890000343322754,13.890000343322754,38800
2024-09-17,14.0600004196167,14.154999732971191,13.949999809265137,14.100000381469727,14.100000381469727,79800
2024-09-18,14.239999771118164,14.34000015258789,14.069999694824219,14.149999618530273,14.149999618530273,105600
2024-09-19,14.449999809265137,14.5,13.869999885559082,14.390000343322754,14.390000343322754,74300
2024-09-20,14.270000457763672,14.270000457763672,13.869999885559082,13.930000305175781,13.930000305175781,144000
2024-09-23,14.079999923706055,14.260000228881836,13.800000190734863,13.8100004196167,13.8100004196167,47000
2024-09-24,13.850000381469727,14.013999938964844,13.75,13.84000015258789,13.84000015258789,1030400
2024-09-25,13.75,13.824999809265137,13.670000076293945,13.760000228881836,13.760000228881836,120900
2024-09-26,13.859999656677246,13.970000267028809,13.699999809265137,13.779999732971191,13.779999732971191,67900
2024-09-27,13.850000381469727,13.984999656677246,13.649999618530273,13.800000190734863,13.800000190734863,49000
2024-09-30,13.949999809265137,13.949999809265137,13.729999542236328,13.84000015258789,13.84000015258789,34000
2024-10-01,13.8100004196167,13.944999694824219,13.470000267028809,13.539999961853027,13.539999961853027,46000
2024-10-02,13.579999923706055,13.630000114440918,13.399999618530273,13.430000305175781,13.430000305175781,20700
2024-10-03,13.399999618530273,13.40999984741211,13.119999885559082,13.149999618530273,13.149999618530273,24800
2024-10-04,13.319999694824219,13.319999694824219,12.82800006866455,13.0,13.0,17500
