Date,Open,High,Low,Close,Adj Close,Volume
2018-10-31,13.0,14.25,12.380000114440918,14.0,14.0,1351700
2018-11-01,14.899999618530273,14.899999618530273,13.520000457763672,14.100000381469727,14.100000381469727,107700
2018-11-02,14.0,14.140000343322754,13.760000228881836,14.0,14.0,432100
2018-11-05,14.0,14.989999771118164,13.899999618530273,14.300000190734863,14.300000190734863,130200
2018-11-06,14.15999984741211,16.110000610351562,14.15999984741211,15.829999923706055,15.829999923706055,146500
2018-11-07,16.170000076293945,16.579999923706055,15.25,16.030000686645508,16.030000686645508,194600
2018-11-08,16.459999084472656,19.59000015258789,16.149999618530273,19.0,19.0,198100
2018-11-09,19.549999237060547,25.899999618530273,19.200000762939453,25.0,25.0,376100
2018-11-12,26.0,26.049999237060547,19.40999984741211,22.520000457763672,22.520000457763672,315400
2018-11-13,22.479999542236328,24.780000686645508,21.1299991607666,24.3799991607666,24.3799991607666,148700
2018-11-14,24.68000030517578,25.799999237060547,23.829999923706055,24.59000015258789,24.59000015258789,130200
2018-11-15,24.56999969482422,25.899999618530273,22.760000228881836,25.709999084472656,25.709999084472656,163900
2018-11-16,25.540000915527344,29.209999084472656,24.639999389648438,28.100000381469727,28.100000381469727,204400
2018-11-19,28.0,28.0,23.649999618530273,26.65999984741211,26.65999984741211,314300
2018-11-20,26.6200008392334,26.8799991607666,22.280000686645508,24.049999237060547,24.049999237060547,235600
2018-11-21,24.309999465942383,26.5,23.43000030517578,25.450000762939453,25.450000762939453,100400
2018-11-23,25.329999923706055,26.469999313354492,25.020000457763672,25.989999771118164,25.989999771118164,63000
2018-11-26,26.0,28.600000381469727,25.209999084472656,25.520000457763672,25.520000457763672,166400
2018-11-27,25.31999969482422,26.200000762939453,22.90999984741211,23.149999618530273,23.149999618530273,115400
2018-11-28,23.149999618530273,25.84000015258789,21.850000381469727,23.3799991607666,23.3799991607666,126500
2018-11-29,23.200000762939453,25.770000457763672,22.200000762939453,25.5,25.5,78800
2018-11-30,25.290000915527344,27.170000076293945,24.299999237060547,26.459999084472656,26.459999084472656,150100
2018-12-03,27.110000610351562,32.15999984741211,26.5,27.530000686645508,27.530000686645508,360200
2018-12-04,27.850000381469727,33.720001220703125,27.229999542236328,29.850000381469727,29.850000381469727,433900
2018-12-06,29.760000228881836,34.459999084472656,28.829999923706055,31.079999923706055,31.079999923706055,354600
2018-12-07,31.100000381469727,33.40999984741211,27.020000457763672,28.549999237060547,28.549999237060547,213600
2018-12-10,28.600000381469727,30.110000610351562,22.989999771118164,24.0,24.0,385800
2018-12-11,24.489999771118164,25.479999542236328,22.399999618530273,23.0,23.0,224900
2018-12-12,23.18000030517578,23.899999618530273,21.420000076293945,21.950000762939453,21.950000762939453,269400
2018-12-13,22.059999465942383,23.260000228881836,20.780000686645508,22.040000915527344,22.040000915527344,202300
2018-12-14,21.93000030517578,21.93000030517578,20.489999771118164,20.639999389648438,20.639999389648438,79400
2018-12-17,20.6299991607666,20.6299991607666,18.020000457763672,20.1299991607666,20.1299991607666,220000
2018-12-18,20.219999313354492,21.84000015258789,18.770000457763672,19.110000610351562,19.110000610351562,132600
2018-12-19,19.299999237060547,20.260000228881836,18.149999618530273,19.540000915527344,19.540000915527344,214400
2018-12-20,18.670000076293945,19.450000762939453,15.5,17.350000381469727,17.350000381469727,331900
2018-12-21,17.8799991607666,18.0,13.989999771118164,16.299999237060547,16.299999237060547,815900
2018-12-24,16.25,17.329999923706055,14.5600004196167,17.31999969482422,17.31999969482422,66500
2018-12-26,17.440000534057617,20.559999465942383,17.110000610351562,20.440000534057617,20.440000534057617,111700
2018-12-27,20.239999771118164,21.049999237060547,19.010000228881836,20.959999084472656,20.959999084472656,91400
2018-12-28,20.860000610351562,22.65999984741211,20.850000381469727,22.030000686645508,22.030000686645508,88700
2018-12-31,22.239999771118164,23.239999771118164,21.610000610351562,23.09000015258789,23.09000015258789,98100
2019-01-02,22.729999542236328,24.530000686645508,21.5,24.459999084472656,24.459999084472656,135500
2019-01-03,24.25,24.3799991607666,22.280000686645508,22.90999984741211,22.90999984741211,139400
2019-01-04,23.059999465942383,25.950000762939453,22.059999465942383,25.860000610351562,25.860000610351562,151100
2019-01-07,25.959999084472656,28.850000381469727,25.440000534057617,27.100000381469727,27.100000381469727,219600
2019-01-08,27.260000228881836,27.989999771118164,26.579999923706055,27.09000015258789,27.09000015258789,120100
2019-01-09,27.1299991607666,27.489999771118164,25.350000381469727,27.209999084472656,27.209999084472656,57800
2019-01-10,27.049999237060547,27.049999237060547,25.0,25.389999389648438,25.389999389648438,110400
2019-01-11,25.239999771118164,25.239999771118164,23.219999313354492,24.09000015258789,24.09000015258789,87300
2019-01-14,24.0,24.0,22.829999923706055,23.219999313354492,23.219999313354492,55600
2019-01-15,23.260000228881836,23.260000228881836,21.43000030517578,22.510000228881836,22.510000228881836,145300
2019-01-16,22.719999313354492,23.93000030517578,22.3700008392334,23.549999237060547,23.549999237060547,109300
2019-01-17,23.420000076293945,23.649999618530273,22.5,23.06999969482422,23.06999969482422,87900
2019-01-18,23.049999237060547,23.219999313354492,20.739999771118164,22.65999984741211,22.65999984741211,81100
2019-01-22,22.639999389648438,22.920000076293945,21.81999969482422,21.829999923706055,21.829999923706055,38100
2019-01-23,21.8700008392334,23.06999969482422,21.25,21.65999984741211,21.65999984741211,34400
2019-01-24,21.6200008392334,22.920000076293945,21.389999389648438,22.639999389648438,22.639999389648438,47900
2019-01-25,22.899999618530273,24.8799991607666,22.540000915527344,23.170000076293945,23.170000076293945,77500
2019-01-28,23.1200008392334,23.3700008392334,22.579999923706055,23.31999969482422,23.31999969482422,37400
2019-01-29,23.329999923706055,23.5,21.5,23.059999465942383,23.059999465942383,82300
2019-01-30,23.049999237060547,23.979999542236328,22.260000228881836,23.290000915527344,23.290000915527344,35200
2019-01-31,23.229999542236328,24.989999771118164,22.799999237060547,23.1299991607666,23.1299991607666,98700
2019-02-01,23.1299991607666,23.75,22.56999969482422,23.049999237060547,23.049999237060547,31600
2019-02-04,23.059999465942383,23.65999984741211,23.040000915527344,23.190000534057617,23.190000534057617,23400
2019-02-05,23.149999618530273,23.299999237060547,22.5,22.59000015258789,22.59000015258789,37600
2019-02-06,22.600000381469727,23.950000762939453,22.0,22.610000610351562,22.610000610351562,132800
2019-02-07,22.31999969482422,23.170000076293945,20.450000762939453,21.530000686645508,21.530000686645508,90000
2019-02-08,20.670000076293945,22.350000381469727,19.690000534057617,20.520000457763672,20.520000457763672,114600
2019-02-11,20.479999542236328,21.479999542236328,20.110000610351562,20.670000076293945,20.670000076293945,57200
2019-02-12,20.829999923706055,21.5,19.75,19.950000762939453,19.950000762939453,125000
2019-02-13,20.040000915527344,21.969999313354492,19.639999389648438,21.6299991607666,21.6299991607666,72800
2019-02-14,21.520000457763672,22.68000030517578,21.350000381469727,22.40999984741211,22.40999984741211,36200
2019-02-15,22.559999465942383,23.540000915527344,22.43000030517578,22.940000534057617,22.940000534057617,67400
2019-02-19,22.799999237060547,23.079999923706055,21.790000915527344,22.149999618530273,22.149999618530273,25400
2019-02-20,22.1299991607666,22.8700008392334,21.979999542236328,22.489999771118164,22.489999771118164,48500
2019-02-21,22.440000534057617,22.440000534057617,21.690000534057617,22.0,22.0,61300
2019-02-22,22.059999465942383,22.360000610351562,21.1200008392334,21.3799991607666,21.3799991607666,43400
2019-02-25,21.56999969482422,22.290000915527344,21.559999465942383,21.709999084472656,21.709999084472656,55800
2019-02-26,21.719999313354492,22.239999771118164,21.719999313354492,21.84000015258789,21.84000015258789,94000
2019-02-27,21.829999923706055,22.399999618530273,21.549999237060547,21.959999084472656,21.959999084472656,63600
2019-02-28,22.0,22.06999969482422,21.59000015258789,21.770000457763672,21.770000457763672,46200
2019-03-01,22.100000381469727,22.100000381469727,21.5,21.989999771118164,21.989999771118164,67700
2019-03-04,22.280000686645508,22.280000686645508,20.649999618530273,21.809999465942383,21.809999465942383,105800
2019-03-05,21.809999465942383,22.200000762939453,21.479999542236328,21.850000381469727,21.850000381469727,65700
2019-03-06,21.260000228881836,22.0,20.670000076293945,21.030000686645508,21.030000686645508,43400
2019-03-07,21.100000381469727,21.959999084472656,20.6200008392334,21.450000762939453,21.450000762939453,24800
2019-03-08,21.290000915527344,21.6200008392334,21.0,21.059999465942383,21.059999465942383,17800
2019-03-11,21.18000030517578,21.959999084472656,21.059999465942383,21.739999771118164,21.739999771118164,14700
2019-03-12,21.829999923706055,22.1299991607666,21.219999313354492,21.510000228881836,21.510000228881836,25600
2019-03-13,21.649999618530273,21.959999084472656,21.020000457763672,21.059999465942383,21.059999465942383,18900
2019-03-14,20.75,21.799999237060547,20.75,21.440000534057617,21.440000534057617,22600
2019-03-15,21.450000762939453,22.170000076293945,21.239999771118164,21.8799991607666,21.8799991607666,62000
2019-03-18,21.899999618530273,22.190000534057617,21.770000457763672,21.8700008392334,21.8700008392334,47600
2019-03-19,21.860000610351562,22.209999084472656,21.68000030517578,21.8700008392334,21.8700008392334,52600
2019-03-20,22.030000686645508,24.649999618530273,21.760000228881836,23.280000686645508,23.280000686645508,64700
2019-03-21,23.219999313354492,24.139999389648438,21.860000610351562,23.40999984741211,23.40999984741211,63700
2019-03-22,23.0,23.190000534057617,21.5,22.030000686645508,22.030000686645508,40900
2019-03-25,22.0,22.239999771118164,21.059999465942383,22.0,22.0,52200
2019-03-26,22.600000381469727,23.18000030517578,21.100000381469727,21.920000076293945,21.920000076293945,78900
2019-03-27,21.90999984741211,22.18000030517578,21.170000076293945,21.799999237060547,21.799999237060547,41300
2019-03-28,22.229999542236328,22.8799991607666,21.5,22.450000762939453,22.450000762939453,25300
2019-03-29,22.770000457763672,23.399999618530273,22.200000762939453,23.18000030517578,23.18000030517578,72800
2019-04-01,23.479999542236328,24.540000915527344,22.65999984741211,24.200000762939453,24.200000762939453,49300
2019-04-02,24.450000762939453,27.399999618530273,24.389999389648438,25.6299991607666,25.6299991607666,224800
2019-04-03,25.899999618530273,26.450000762939453,24.729999542236328,26.1200008392334,26.1200008392334,64300
2019-04-04,26.0,26.0,23.829999923706055,24.760000228881836,24.760000228881836,80400
2019-04-05,24.65999984741211,25.43000030517578,23.979999542236328,25.0,25.0,30300
2019-04-08,25.209999084472656,26.59000015258789,24.3700008392334,25.739999771118164,25.739999771118164,97200
2019-04-09,25.729999542236328,27.709999084472656,24.899999618530273,27.40999984741211,27.40999984741211,187300
2019-04-10,27.780000686645508,28.770000457763672,26.25,28.18000030517578,28.18000030517578,143600
2019-04-11,27.65999984741211,28.200000762939453,26.459999084472656,27.979999542236328,27.979999542236328,63300
2019-04-12,28.200000762939453,28.489999771118164,27.049999237060547,27.959999084472656,27.959999084472656,71000
2019-04-15,28.0,29.0,27.34000015258789,28.600000381469727,28.600000381469727,160000
2019-04-16,28.770000457763672,28.770000457763672,27.309999465942383,28.149999618530273,28.149999618530273,96000
2019-04-17,28.100000381469727,29.100000381469727,27.510000228881836,28.43000030517578,28.43000030517578,152100
2019-04-18,28.350000381469727,30.110000610351562,27.790000915527344,29.850000381469727,29.850000381469727,123300
2019-04-22,30.239999771118164,32.0,29.459999084472656,30.34000015258789,30.34000015258789,98300
2019-04-23,30.709999084472656,33.04999923706055,30.360000610351562,32.86000061035156,32.86000061035156,174300
2019-04-24,32.869998931884766,33.529998779296875,32.09000015258789,33.20000076293945,33.20000076293945,119600
2019-04-25,33.29999923706055,34.099998474121094,32.709999084472656,33.09000015258789,33.09000015258789,100100
2019-04-26,33.06999969482422,34.33000183105469,30.549999237060547,30.90999984741211,30.90999984741211,185300
2019-04-29,30.1200008392334,30.920000076293945,27.260000228881836,27.739999771118164,27.739999771118164,359500
2019-04-30,27.93000030517578,28.510000228881836,23.56999969482422,23.65999984741211,23.65999984741211,455600
2019-05-01,25.399999618530273,25.8799991607666,23.540000915527344,25.0,25.0,373700
2019-05-02,24.5,25.84000015258789,23.950000762939453,24.239999771118164,24.239999771118164,251200
2019-05-03,24.229999542236328,25.600000381469727,24.229999542236328,25.040000915527344,25.040000915527344,364600
2019-05-06,24.450000762939453,24.940000534057617,24.049999237060547,24.350000381469727,24.350000381469727,153400
2019-05-07,23.5,23.540000915527344,21.260000228881836,21.739999771118164,21.739999771118164,299500
2019-05-08,21.510000228881836,23.110000610351562,21.100000381469727,21.809999465942383,21.809999465942383,432900
2019-05-09,21.0,23.760000228881836,20.299999237060547,22.81999969482422,22.81999969482422,1731800
2019-05-10,22.5,22.969999313354492,21.31999969482422,22.06999969482422,22.06999969482422,301700
2019-05-13,21.3700008392334,24.0,21.3700008392334,23.829999923706055,23.829999923706055,557400
2019-05-14,23.829999923706055,24.270000457763672,22.5,23.049999237060547,23.049999237060547,416400
2019-05-15,22.770000457763672,24.690000534057617,22.770000457763672,24.389999389648438,24.389999389648438,389900
2019-05-16,24.739999771118164,25.290000915527344,24.059999465942383,24.34000015258789,24.34000015258789,500900
2019-05-17,24.059999465942383,26.469999313354492,23.950000762939453,25.610000610351562,25.610000610351562,1127000
2019-05-20,25.229999542236328,25.8799991607666,24.329999923706055,25.290000915527344,25.290000915527344,327900
2019-05-21,25.360000610351562,26.610000610351562,25.299999237060547,26.049999237060547,26.049999237060547,577700
2019-05-22,26.0,26.56999969482422,25.56999969482422,26.190000534057617,26.190000534057617,120500
2019-05-23,26.219999313354492,26.399999618530273,25.149999618530273,25.81999969482422,25.81999969482422,136300
2019-05-24,26.049999237060547,26.270000457763672,25.690000534057617,25.989999771118164,25.989999771118164,117900
2019-05-28,26.0,26.239999771118164,24.6299991607666,25.34000015258789,25.34000015258789,255300
2019-05-29,25.030000686645508,25.950000762939453,24.65999984741211,25.799999237060547,25.799999237060547,149900
2019-05-30,25.889999389648438,26.770000457763672,25.540000915527344,26.65999984741211,26.65999984741211,188300
2019-05-31,26.889999389648438,26.889999389648438,25.690000534057617,25.809999465942383,25.809999465942383,318600
2019-06-03,26.1200008392334,26.520000457763672,24.709999084472656,25.809999465942383,25.809999465942383,240900
2019-06-04,26.420000076293945,26.420000076293945,24.290000915527344,24.920000076293945,24.920000076293945,353300
2019-06-05,25.049999237060547,25.389999389648438,23.06999969482422,23.8700008392334,23.8700008392334,272800
2019-06-06,23.8799991607666,25.8799991607666,23.56999969482422,25.6200008392334,25.6200008392334,191700
2019-06-07,25.84000015258789,26.229999542236328,25.469999313354492,26.0,26.0,248700
2019-06-10,26.020000457763672,26.049999237060547,25.25,25.729999542236328,25.729999542236328,174000
2019-06-11,25.700000762939453,25.700000762939453,23.59000015258789,24.709999084472656,24.709999084472656,245600
2019-06-12,24.639999389648438,24.920000076293945,23.190000534057617,23.540000915527344,23.540000915527344,255600
2019-06-13,23.81999969482422,24.010000228881836,23.239999771118164,23.440000534057617,23.440000534057617,184000
2019-06-14,23.549999237060547,24.920000076293945,23.31999969482422,24.75,24.75,236800
2019-06-17,24.959999084472656,26.350000381469727,24.84000015258789,25.450000762939453,25.450000762939453,318000
2019-06-18,25.75,27.790000915527344,25.299999237060547,27.459999084472656,27.459999084472656,332900
2019-06-19,27.18000030517578,29.670000076293945,27.079999923706055,29.260000228881836,29.260000228881836,485400
2019-06-20,29.940000534057617,30.280000686645508,28.950000762939453,29.969999313354492,29.969999313354492,259300
2019-06-21,29.610000610351562,30.5,29.0,30.079999923706055,30.079999923706055,812400
2019-06-24,30.0,30.0,29.059999465942383,29.450000762939453,29.450000762939453,526500
2019-06-25,29.299999237060547,29.780000686645508,29.030000686645508,29.399999618530273,29.399999618530273,227900
2019-06-26,29.639999389648438,29.93000030517578,27.09000015258789,28.850000381469727,28.850000381469727,279000
2019-06-27,28.850000381469727,29.579999923706055,28.079999923706055,28.139999389648438,28.139999389648438,182600
2019-06-28,28.260000228881836,29.40999984741211,28.200000762939453,29.010000228881836,29.010000228881836,2638700
2019-07-01,29.309999465942383,30.43000030517578,29.309999465942383,29.610000610351562,29.610000610351562,337400
2019-07-02,29.639999389648438,30.200000762939453,28.950000762939453,29.190000534057617,29.190000534057617,463600
2019-07-03,29.520000457763672,29.56999969482422,28.780000686645508,29.219999313354492,29.219999313354492,250600
2019-07-05,29.1200008392334,29.1200008392334,28.09000015258789,28.40999984741211,28.40999984741211,136300
2019-07-08,28.31999969482422,28.399999618530273,27.149999618530273,27.15999984741211,27.15999984741211,376900
2019-07-09,27.15999984741211,27.899999618530273,27.010000228881836,27.850000381469727,27.850000381469727,284400
2019-07-10,28.049999237060547,28.489999771118164,27.020000457763672,27.59000015258789,27.59000015258789,167000
2019-07-11,27.5,28.25,27.020000457763672,27.780000686645508,27.780000686645508,337100
2019-07-12,27.959999084472656,29.110000610351562,27.739999771118164,28.56999969482422,28.56999969482422,195900
2019-07-15,28.600000381469727,29.31999969482422,28.5,29.030000686645508,29.030000686645508,260100
2019-07-16,29.25,30.09000015258789,28.700000762939453,29.670000076293945,29.670000076293945,225600
2019-07-17,29.5,30.25,29.5,30.1299991607666,30.1299991607666,315700
2019-07-18,30.0,30.270000457763672,29.739999771118164,30.059999465942383,30.059999465942383,206700
2019-07-19,29.899999618530273,30.3700008392334,29.899999618530273,30.260000228881836,30.260000228881836,138400
2019-07-22,30.0,32.209999084472656,29.809999465942383,31.780000686645508,31.780000686645508,560100
2019-07-23,32.0,32.0,29.90999984741211,30.40999984741211,30.40999984741211,379800
2019-07-24,30.450000762939453,32.02000045776367,30.06999969482422,31.989999771118164,31.989999771118164,221800
2019-07-25,32.0,32.18000030517578,31.709999084472656,31.989999771118164,31.989999771118164,407400
2019-07-26,32.13999938964844,32.7400016784668,31.770000457763672,32.599998474121094,32.599998474121094,397500
2019-07-29,32.4900016784668,34.380001068115234,32.459999084472656,33.97999954223633,33.97999954223633,287300
2019-07-30,33.79999923706055,34.20000076293945,33.2400016784668,33.9900016784668,33.9900016784668,194000
2019-07-31,34.2599983215332,35.95000076293945,33.119998931884766,33.720001220703125,33.720001220703125,619300
2019-08-01,33.5,33.5,30.770000457763672,32.439998626708984,32.439998626708984,662900
2019-08-02,31.920000076293945,33.40999984741211,28.860000610351562,29.950000762939453,29.950000762939453,449300
2019-08-05,29.40999984741211,30.270000457763672,27.350000381469727,28.700000762939453,28.700000762939453,344300
2019-08-06,29.190000534057617,30.270000457763672,27.989999771118164,29.75,29.75,326700
2019-08-07,29.399999618530273,29.399999618530273,26.90999984741211,27.579999923706055,27.579999923706055,212100
2019-08-08,27.850000381469727,29.889999389648438,27.040000915527344,29.579999923706055,29.579999923706055,206200
2019-08-09,29.670000076293945,30.149999618530273,28.920000076293945,29.209999084472656,29.209999084472656,167600
2019-08-12,29.200000762939453,29.850000381469727,27.8700008392334,28.030000686645508,28.030000686645508,130900
2019-08-13,27.90999984741211,29.479999542236328,27.780000686645508,29.239999771118164,29.239999771118164,158700
2019-08-14,28.6200008392334,29.450000762939453,27.860000610351562,29.059999465942383,29.059999465942383,178800
2019-08-15,29.040000915527344,29.6200008392334,28.299999237060547,28.809999465942383,28.809999465942383,126300
2019-08-16,28.989999771118164,29.84000015258789,28.700000762939453,29.649999618530273,29.649999618530273,113000
2019-08-19,29.969999313354492,30.969999313354492,29.93000030517578,30.34000015258789,30.34000015258789,85900
2019-08-20,30.030000686645508,31.100000381469727,29.700000762939453,30.719999313354492,30.719999313354492,145400
2019-08-21,30.719999313354492,31.969999313354492,30.610000610351562,30.690000534057617,30.690000534057617,216500
2019-08-22,30.3799991607666,30.790000915527344,28.469999313354492,28.790000915527344,28.790000915527344,256700
2019-08-23,28.59000015258789,29.229999542236328,27.93000030517578,28.06999969482422,28.06999969482422,155500
2019-08-26,28.309999465942383,28.549999237060547,27.290000915527344,28.200000762939453,28.200000762939453,119500
2019-08-27,28.34000015258789,28.75,27.139999389648438,28.31999969482422,28.31999969482422,189800
2019-08-28,28.350000381469727,30.25,28.34000015258789,29.860000610351562,29.860000610351562,172100
2019-08-29,30.110000610351562,30.1200008392334,28.84000015258789,29.06999969482422,29.06999969482422,173200
2019-08-30,29.209999084472656,29.420000076293945,28.540000915527344,29.030000686645508,29.030000686645508,173200
2019-09-03,28.6299991607666,30.139999389648438,27.3799991607666,27.68000030517578,27.68000030517578,315100
2019-09-04,27.969999313354492,27.969999313354492,26.65999984741211,27.3700008392334,27.3700008392334,198400
2019-09-05,27.530000686645508,28.90999984741211,27.049999237060547,27.8799991607666,27.8799991607666,188900
2019-09-06,27.889999389648438,29.360000610351562,27.34000015258789,28.56999969482422,28.56999969482422,197900
2019-09-09,28.56999969482422,29.0,26.81999969482422,27.1200008392334,27.1200008392334,286800
2019-09-10,27.0,27.959999084472656,25.690000534057617,27.690000534057617,27.690000534057617,277200
2019-09-11,27.780000686645508,29.540000915527344,27.780000686645508,28.969999313354492,28.969999313354492,265100
2019-09-12,28.75,29.389999389648438,28.200000762939453,28.899999618530273,28.899999618530273,323100
2019-09-13,29.059999465942383,30.0,28.799999237060547,29.8799991607666,29.8799991607666,386800
2019-09-16,29.739999771118164,30.3799991607666,29.6200008392334,30.270000457763672,30.270000457763672,285300
2019-09-17,30.170000076293945,30.56999969482422,28.969999313354492,30.010000228881836,30.010000228881836,239400
2019-09-18,30.06999969482422,30.559999465942383,28.850000381469727,29.809999465942383,29.809999465942383,228600
2019-09-19,29.93000030517578,30.139999389648438,27.75,27.780000686645508,27.780000686645508,218800
2019-09-20,27.719999313354492,28.760000228881836,27.209999084472656,28.0,28.0,643700
2019-09-23,27.8700008392334,28.059999465942383,26.850000381469727,27.09000015258789,27.09000015258789,121500
2019-09-24,27.049999237060547,27.299999237060547,25.6299991607666,25.950000762939453,25.950000762939453,252200
2019-09-25,25.920000076293945,26.219999313354492,25.40999984741211,25.540000915527344,25.540000915527344,185700
2019-09-26,25.479999542236328,25.479999542236328,24.260000228881836,24.350000381469727,24.350000381469727,236500
2019-09-27,24.270000457763672,24.5,23.59000015258789,23.719999313354492,23.719999313354492,224200
2019-09-30,23.850000381469727,24.010000228881836,23.079999923706055,23.8799991607666,23.8799991607666,282200
2019-10-01,24.010000228881836,24.360000610351562,22.260000228881836,22.59000015258789,22.59000015258789,244000
2019-10-02,22.469999313354492,23.510000228881836,21.440000534057617,23.149999618530273,23.149999618530273,231000
2019-10-03,23.540000915527344,24.209999084472656,22.540000915527344,23.950000762939453,23.950000762939453,178100
2019-10-04,23.979999542236328,24.299999237060547,22.049999237060547,22.510000228881836,22.510000228881836,386100
2019-10-07,22.3700008392334,22.709999084472656,22.0,22.399999618530273,22.399999618530273,203100
2019-10-08,22.049999237060547,22.5,21.25,22.15999984741211,22.15999984741211,228400
2019-10-09,22.5,22.799999237060547,21.600000381469727,22.280000686645508,22.280000686645508,243800
2019-10-10,22.200000762939453,22.700000762939453,21.899999618530273,22.31999969482422,22.31999969482422,141900
2019-10-11,22.81999969482422,23.0,22.31999969482422,22.65999984741211,22.65999984741211,295300
2019-10-14,22.469999313354492,23.3799991607666,21.510000228881836,22.899999618530273,22.899999618530273,225600
2019-10-15,22.81999969482422,23.770000457763672,22.260000228881836,23.440000534057617,23.440000534057617,210400
2019-10-16,23.440000534057617,24.6200008392334,23.15999984741211,24.399999618530273,24.399999618530273,413700
2019-10-17,24.530000686645508,25.75,24.43000030517578,24.75,24.75,299400
2019-10-18,24.489999771118164,24.829999923706055,22.90999984741211,23.639999389648438,23.639999389648438,171400
2019-10-21,23.690000534057617,24.5,23.170000076293945,24.139999389648438,24.139999389648438,188700
2019-10-22,24.31999969482422,24.3799991607666,23.270000457763672,23.709999084472656,23.709999084472656,241000
2019-10-23,23.68000030517578,23.760000228881836,22.670000076293945,22.729999542236328,22.729999542236328,195500
2019-10-24,22.989999771118164,23.479999542236328,22.200000762939453,23.329999923706055,23.329999923706055,177600
2019-10-25,23.290000915527344,24.260000228881836,22.59000015258789,24.209999084472656,24.209999084472656,191400
2019-10-28,24.270000457763672,25.440000534057617,24.15999984741211,25.030000686645508,25.030000686645508,174600
2019-10-29,25.049999237060547,25.799999237060547,24.350000381469727,24.530000686645508,24.530000686645508,160700
2019-10-30,24.520000457763672,25.0,23.790000915527344,24.459999084472656,24.459999084472656,126800
2019-10-31,24.459999084472656,25.030000686645508,23.649999618530273,23.81999969482422,23.81999969482422,258000
2019-11-01,24.059999465942383,25.459999084472656,23.809999465942383,25.329999923706055,25.329999923706055,223200
2019-11-04,25.579999923706055,25.719999313354492,24.530000686645508,24.579999923706055,24.579999923706055,138600
2019-11-05,24.719999313354492,24.729999542236328,22.75,22.979999542236328,22.979999542236328,119400
2019-11-06,22.979999542236328,23.09000015258789,21.56999969482422,21.690000534057617,21.690000534057617,214900
2019-11-07,21.760000228881836,23.1299991607666,21.280000686645508,21.510000228881836,21.510000228881836,254600
2019-11-08,21.600000381469727,22.360000610351562,20.75,22.360000610351562,22.360000610351562,206700
2019-11-11,22.270000457763672,22.489999771118164,21.610000610351562,21.770000457763672,21.770000457763672,132900
2019-11-12,21.809999465942383,22.649999618530273,21.729999542236328,22.170000076293945,22.170000076293945,143900
2019-11-13,22.110000610351562,22.459999084472656,21.209999084472656,21.690000534057617,21.690000534057617,101500
2019-11-14,21.6299991607666,21.739999771118164,20.940000534057617,21.280000686645508,21.280000686645508,135300
2019-11-15,21.489999771118164,21.93000030517578,21.100000381469727,21.860000610351562,21.860000610351562,123100
2019-11-18,21.760000228881836,21.760000228881836,20.450000762939453,21.010000228881836,21.010000228881836,184100
2019-11-19,21.200000762939453,21.889999389648438,20.760000228881836,21.690000534057617,21.690000534057617,196900
2019-11-20,22.190000534057617,23.450000762939453,21.81999969482422,22.850000381469727,22.850000381469727,303300
2019-11-21,22.639999389648438,22.829999923706055,21.780000686645508,22.700000762939453,22.700000762939453,187700
2019-11-22,22.8700008392334,23.549999237060547,22.209999084472656,22.979999542236328,22.979999542236328,142300
2019-11-25,23.15999984741211,23.31999969482422,22.65999984741211,23.290000915527344,23.290000915527344,180400
2019-11-26,23.219999313354492,24.09000015258789,22.579999923706055,23.209999084472656,23.209999084472656,202500
2019-11-27,23.299999237060547,23.780000686645508,23.030000686645508,23.40999984741211,23.40999984741211,188500
2019-11-29,23.389999389648438,23.899999618530273,23.18000030517578,23.829999923706055,23.829999923706055,55000
2019-12-02,23.809999465942383,23.8799991607666,22.350000381469727,23.0,23.0,183400
2019-12-03,22.6200008392334,23.239999771118164,22.549999237060547,22.739999771118164,22.739999771118164,207800
2019-12-04,22.84000015258789,23.809999465942383,22.559999465942383,23.489999771118164,23.489999771118164,172400
2019-12-05,23.56999969482422,23.59000015258789,22.729999542236328,23.34000015258789,23.34000015258789,162600
2019-12-06,23.25,24.8700008392334,23.15999984741211,24.739999771118164,24.739999771118164,190800
2019-12-09,24.799999237060547,25.229999542236328,23.709999084472656,24.520000457763672,24.520000457763672,205000
2019-12-10,24.260000228881836,25.229999542236328,24.079999923706055,25.020000457763672,25.020000457763672,195100
2019-12-11,25.5,26.520000457763672,25.280000686645508,26.0,26.0,326000
2019-12-12,24.030000686645508,27.0,24.030000686645508,26.18000030517578,26.18000030517578,685700
2019-12-13,26.3700008392334,28.229999542236328,25.889999389648438,26.479999542236328,26.479999542236328,414700
2019-12-16,26.90999984741211,27.219999313354492,26.260000228881836,26.479999542236328,26.479999542236328,301600
2019-12-17,26.3799991607666,26.3799991607666,24.799999237060547,25.969999313354492,25.969999313354492,554500
2019-12-18,24.950000762939453,25.829999923706055,24.170000076293945,25.649999618530273,25.649999618530273,827600
2019-12-19,24.979999542236328,25.43000030517578,23.809999465942383,23.889999389648438,23.889999389648438,681300
2019-12-20,23.959999084472656,24.389999389648438,22.93000030517578,23.75,23.75,960400
2019-12-23,24.0,24.239999771118164,22.540000915527344,23.950000762939453,23.950000762939453,232000
2019-12-24,23.8799991607666,24.270000457763672,23.209999084472656,24.149999618530273,24.149999618530273,96600
2019-12-26,24.229999542236328,24.229999542236328,22.719999313354492,22.899999618530273,22.899999618530273,186500
2019-12-27,23.049999237060547,23.049999237060547,21.809999465942383,22.040000915527344,22.040000915527344,227100
2019-12-30,22.079999923706055,22.100000381469727,20.93000030517578,21.06999969482422,21.06999969482422,536500
2019-12-31,21.010000228881836,21.329999923706055,20.760000228881836,21.0,21.0,752300
2020-01-02,21.219999313354492,21.219999313354492,20.190000534057617,20.850000381469727,20.850000381469727,290500
2020-01-03,20.579999923706055,21.059999465942383,20.049999237060547,20.889999389648438,20.889999389648438,269400
2020-01-06,20.690000534057617,22.440000534057617,20.170000076293945,22.34000015258789,22.34000015258789,341000
2020-01-07,22.469999313354492,22.469999313354492,21.299999237060547,21.459999084472656,21.459999084472656,297600
2020-01-08,21.520000457763672,21.93000030517578,21.139999389648438,21.229999542236328,21.229999542236328,296000
2020-01-09,21.40999984741211,21.6200008392334,21.010000228881836,21.229999542236328,21.229999542236328,295700
2020-01-10,21.31999969482422,22.209999084472656,21.049999237060547,21.139999389648438,21.139999389648438,557100
2020-01-13,21.18000030517578,21.329999923706055,20.15999984741211,21.149999618530273,21.149999618530273,231000
2020-01-14,21.100000381469727,21.979999542236328,20.809999465942383,21.479999542236328,21.479999542236328,177300
2020-01-15,21.479999542236328,24.530000686645508,21.479999542236328,23.5,23.5,1785300
2020-01-16,23.0,23.739999771118164,21.940000534057617,23.0,23.0,811400
2020-01-17,22.799999237060547,23.899999618530273,22.649999618530273,22.739999771118164,22.739999771118164,195300
2020-01-21,23.34000015258789,23.770000457763672,22.0,22.1299991607666,22.1299991607666,225200
2020-01-22,22.09000015258789,23.610000610351562,21.770000457763672,22.90999984741211,22.90999984741211,477000
2020-01-23,22.709999084472656,22.709999084472656,21.56999969482422,21.799999237060547,21.799999237060547,448100
2020-01-24,21.84000015258789,22.280000686645508,20.81999969482422,21.649999618530273,21.649999618530273,262100
2020-01-27,21.540000915527344,23.0,21.010000228881836,23.0,23.0,398000
2020-01-28,23.209999084472656,24.18000030517578,22.690000534057617,23.8700008392334,23.8700008392334,336500
2020-01-29,24.0,24.649999618530273,23.729999542236328,24.40999984741211,24.40999984741211,288500
2020-01-30,24.06999969482422,24.34000015258789,23.610000610351562,24.049999237060547,24.049999237060547,238000
2020-01-31,23.889999389648438,25.040000915527344,23.6200008392334,24.84000015258789,24.84000015258789,352300
2020-02-03,24.799999237060547,25.649999618530273,24.799999237060547,25.579999923706055,25.579999923706055,722600
2020-02-04,25.889999389648438,26.84000015258789,25.639999389648438,26.200000762939453,26.200000762939453,573200
2020-02-05,26.309999465942383,26.969999313354492,25.290000915527344,26.75,26.75,401000
2020-02-06,26.829999923706055,31.31999969482422,26.43000030517578,31.110000610351562,31.110000610351562,1457300
2020-02-07,30.010000228881836,33.43000030517578,30.0,32.459999084472656,32.459999084472656,1731900
2020-02-10,32.04999923706055,33.5,31.5,32.59000015258789,32.59000015258789,521800
2020-02-11,32.02000045776367,32.29999923706055,30.31999969482422,30.5,30.5,599600
2020-02-12,30.059999465942383,31.8799991607666,30.0,30.940000534057617,30.940000534057617,548200
2020-02-13,31.079999923706055,31.350000381469727,29.809999465942383,30.229999542236328,30.229999542236328,339900
2020-02-14,30.219999313354492,30.399999618530273,29.479999542236328,30.200000762939453,30.200000762939453,473900
2020-02-18,29.950000762939453,31.360000610351562,29.90999984741211,30.559999465942383,30.559999465942383,324800
2020-02-19,29.1299991607666,29.940000534057617,27.700000762939453,28.440000534057617,28.440000534057617,1046400
2020-02-20,30.139999389648438,33.790000915527344,29.790000915527344,33.130001068115234,33.130001068115234,3641900
2020-02-21,32.939998626708984,34.25,32.040000915527344,33.04999923706055,33.04999923706055,696700
2020-02-24,32.65999984741211,35.650001525878906,31.010000228881836,33.029998779296875,33.029998779296875,1063300
2020-02-25,33.22999954223633,34.029998779296875,31.5,31.700000762939453,31.700000762939453,711400
2020-02-26,31.8799991607666,32.869998931884766,30.100000381469727,30.719999313354492,30.719999313354492,557500
2020-02-27,30.139999389648438,32.54999923706055,29.1299991607666,30.280000686645508,30.280000686645508,514800
2020-02-28,29.309999465942383,31.06999969482422,29.309999465942383,30.6200008392334,30.6200008392334,809100
2020-03-02,31.040000915527344,32.84000015258789,30.729999542236328,32.15999984741211,32.15999984741211,506800
2020-03-03,31.989999771118164,32.900001525878906,31.649999618530273,32.58000183105469,32.58000183105469,538500
2020-03-04,33.15999984741211,34.27000045776367,32.349998474121094,33.15999984741211,33.15999984741211,546200
2020-03-05,32.66999816894531,34.81999969482422,32.63999938964844,33.72999954223633,33.72999954223633,494200
2020-03-06,33.04999923706055,35.90999984741211,33.04999923706055,35.150001525878906,35.150001525878906,734800
2020-03-09,33.0,34.400001525878906,30.34000015258789,33.459999084472656,33.459999084472656,731800
2020-03-10,34.29999923706055,34.880001068115234,29.3799991607666,30.709999084472656,30.709999084472656,635900
2020-03-11,30.31999969482422,31.809999465942383,27.649999618530273,28.200000762939453,28.200000762939453,817500
2020-03-12,28.0,28.0,23.010000228881836,24.059999465942383,24.059999465942383,919300
2020-03-13,25.0,26.219999313354492,23.1200008392334,25.600000381469727,25.600000381469727,660100
2020-03-16,22.0,24.219999313354492,19.75,19.75,19.75,738700
2020-03-17,20.149999618530273,23.049999237060547,18.520000457763672,22.3799991607666,22.3799991607666,887400
2020-03-18,21.56999969482422,22.360000610351562,19.5,19.709999084472656,19.709999084472656,824500
2020-03-19,19.68000030517578,22.799999237060547,19.68000030517578,22.670000076293945,22.670000076293945,750100
2020-03-20,23.030000686645508,24.5,22.0,23.969999313354492,23.969999313354492,1065000
2020-03-23,24.360000610351562,24.639999389648438,21.530000686645508,24.15999984741211,24.15999984741211,441500
2020-03-24,24.950000762939453,26.739999771118164,24.950000762939453,26.739999771118164,26.739999771118164,389100
2020-03-25,26.760000228881836,27.989999771118164,25.940000534057617,27.75,27.75,433500
2020-03-26,28.950000762939453,30.959999084472656,28.829999923706055,30.25,30.25,380400
2020-03-27,29.729999542236328,31.0,29.399999618530273,30.0,30.0,331200
2020-03-30,30.950000762939453,34.02000045776367,30.040000915527344,32.20000076293945,32.20000076293945,763500
2020-03-31,32.08000183105469,33.060001373291016,29.3700008392334,30.579999923706055,30.579999923706055,361200
2020-04-01,29.540000915527344,30.850000381469727,27.940000534057617,28.09000015258789,28.09000015258789,601600
2020-04-02,27.84000015258789,29.780000686645508,26.469999313354492,29.760000228881836,29.760000228881836,487500
2020-04-03,30.229999542236328,30.690000534057617,28.639999389648438,30.040000915527344,30.040000915527344,419900
2020-04-06,31.200000762939453,31.3700008392334,28.25,29.729999542236328,29.729999542236328,417000
2020-04-07,30.079999923706055,30.889999389648438,26.1200008392334,26.399999618530273,26.399999618530273,408400
2020-04-08,26.600000381469727,27.540000915527344,26.100000381469727,27.43000030517578,27.43000030517578,486300
2020-04-09,26.860000610351562,28.450000762939453,26.260000228881836,26.899999618530273,26.899999618530273,320900
2020-04-13,26.8799991607666,27.450000762939453,25.719999313354492,26.510000228881836,26.510000228881836,367600
2020-04-14,27.25,28.56999969482422,26.450000762939453,27.34000015258789,27.34000015258789,444700
2020-04-15,26.93000030517578,28.469999313354492,26.0,27.799999237060547,27.799999237060547,298000
2020-04-16,27.93000030517578,30.780000686645508,27.93000030517578,29.84000015258789,29.84000015258789,352300
2020-04-17,30.6200008392334,31.299999237060547,29.780000686645508,30.90999984741211,30.90999984741211,306800
2020-04-20,30.389999389648438,34.68000030517578,30.360000610351562,32.099998474121094,32.099998474121094,500200
2020-04-21,32.56999969482422,32.88999938964844,30.309999465942383,31.600000381469727,31.600000381469727,399400
2020-04-22,32.5,33.83000183105469,31.93000030517578,32.959999084472656,32.959999084472656,309300
2020-04-23,33.08000183105469,33.540000915527344,31.520000457763672,31.709999084472656,31.709999084472656,308000
2020-04-24,31.770000457763672,32.54999923706055,31.020000457763672,32.27000045776367,32.27000045776367,319500
2020-04-27,32.72999954223633,33.470001220703125,31.889999389648438,33.15999984741211,33.15999984741211,396300
2020-04-28,33.63999938964844,35.0,32.130001068115234,32.470001220703125,32.470001220703125,477000
2020-04-29,33.099998474121094,34.880001068115234,32.43000030517578,33.0,33.0,409800
2020-04-30,32.88999938964844,34.90999984741211,32.099998474121094,32.709999084472656,32.709999084472656,468200
2020-05-01,32.130001068115234,33.31999969482422,29.559999465942383,31.239999771118164,31.239999771118164,413300
2020-05-04,31.219999313354492,32.939998626708984,31.010000228881836,32.93000030517578,32.93000030517578,277800
2020-05-05,33.25,34.900001525878906,33.040000915527344,33.7400016784668,33.7400016784668,329300
2020-05-06,34.41999816894531,40.0,34.16999816894531,37.220001220703125,37.220001220703125,788600
2020-05-07,38.43000030517578,39.33000183105469,36.310001373291016,36.66999816894531,36.66999816894531,584300
2020-05-08,36.47999954223633,40.38999938964844,35.47999954223633,39.130001068115234,39.130001068115234,532600
2020-05-11,38.93000030517578,40.08000183105469,38.189998626708984,39.209999084472656,39.209999084472656,600600
2020-05-12,39.0,40.150001525878906,38.349998474121094,38.939998626708984,38.939998626708984,591400
2020-05-13,38.84000015258789,40.02000045776367,35.650001525878906,38.119998931884766,38.119998931884766,419700
2020-05-14,37.630001068115234,38.970001220703125,36.560001373291016,38.400001525878906,38.400001525878906,270500
2020-05-15,38.27000045776367,40.2599983215332,37.58000183105469,40.040000915527344,40.040000915527344,560300
2020-05-18,40.900001525878906,42.0,39.5,41.459999084472656,41.459999084472656,559700
2020-05-19,41.04999923706055,42.16999816894531,40.130001068115234,40.20000076293945,40.20000076293945,385500
2020-05-20,41.06999969482422,41.06999969482422,38.90999984741211,39.7599983215332,39.7599983215332,298600
2020-05-21,39.709999084472656,40.150001525878906,37.36000061035156,39.38999938964844,39.38999938964844,354800
2020-05-22,39.369998931884766,39.779998779296875,38.29999923706055,39.45000076293945,39.45000076293945,222100
2020-05-26,39.90999984741211,40.439998626708984,37.290000915527344,37.41999816894531,37.41999816894531,394500
2020-05-27,37.25,39.0,34.15999984741211,37.90999984741211,37.90999984741211,726300
2020-05-28,37.56999969482422,38.41999816894531,35.52000045776367,35.81999969482422,35.81999969482422,428900
2020-05-29,36.0,38.029998779296875,35.25,37.95000076293945,37.95000076293945,511700
2020-06-01,38.119998931884766,40.150001525878906,37.220001220703125,40.0,40.0,653300
2020-06-02,39.7599983215332,40.470001220703125,38.599998474121094,38.93000030517578,38.93000030517578,455500
2020-06-03,38.72999954223633,39.56999969482422,36.650001525878906,37.06999969482422,37.06999969482422,704200
2020-06-04,36.720001220703125,38.2400016784668,36.54999923706055,36.86000061035156,36.86000061035156,2945600
2020-06-05,37.25,39.31999969482422,36.68000030517578,37.47999954223633,37.47999954223633,927400
2020-06-08,37.61000061035156,38.41999816894531,37.11000061035156,37.54999923706055,37.54999923706055,405500
2020-06-09,37.709999084472656,39.810001373291016,37.380001068115234,39.060001373291016,39.060001373291016,567200
2020-06-10,39.369998931884766,40.869998931884766,38.2400016784668,38.959999084472656,38.959999084472656,363300
2020-06-11,37.4900016784668,38.70000076293945,35.5,36.0099983215332,36.0099983215332,515200
2020-06-12,36.77000045776367,37.38999938964844,35.79999923706055,36.86000061035156,36.86000061035156,393900
2020-06-15,36.459999084472656,39.47999954223633,36.36000061035156,38.97999954223633,38.97999954223633,427700
2020-06-16,39.31999969482422,39.41999816894531,38.099998474121094,38.540000915527344,38.540000915527344,386100
2020-06-17,38.869998931884766,39.41999816894531,37.9900016784668,39.11000061035156,39.11000061035156,357200
2020-06-18,39.06999969482422,41.91999816894531,39.06999969482422,40.54999923706055,40.54999923706055,483800
2020-06-19,40.36000061035156,41.36000061035156,38.790000915527344,39.209999084472656,39.209999084472656,1469500
2020-06-22,39.380001068115234,41.95000076293945,38.369998931884766,41.93000030517578,41.93000030517578,569700
2020-06-23,42.0,44.619998931884766,41.65999984741211,43.810001373291016,43.810001373291016,610100
2020-06-24,44.0,45.0,41.20000076293945,41.33000183105469,41.33000183105469,471900
2020-06-25,40.88999938964844,42.939998626708984,40.0099983215332,42.56999969482422,42.56999969482422,404000
2020-06-26,42.58000183105469,42.849998474121094,40.400001525878906,40.7400016784668,40.7400016784668,1019700
2020-06-29,41.08000183105469,42.779998779296875,40.16999816894531,42.0099983215332,42.0099983215332,404400
2020-06-30,42.08000183105469,45.63999938964844,42.08000183105469,45.29999923706055,45.29999923706055,669700
2020-07-01,45.5,46.279998779296875,43.61000061035156,45.459999084472656,45.459999084472656,381400
2020-07-02,46.040000915527344,46.869998931884766,45.02000045776367,46.15999984741211,46.15999984741211,353100
2020-07-06,46.70000076293945,46.83000183105469,45.5,46.689998626708984,46.689998626708984,347100
2020-07-07,46.65999984741211,49.060001373291016,46.2599983215332,48.810001373291016,48.810001373291016,536500
2020-07-08,49.54999923706055,55.36000061035156,49.189998626708984,54.58000183105469,54.58000183105469,698200
2020-07-09,54.59000015258789,57.33000183105469,54.40999984741211,56.22999954223633,56.22999954223633,465400
2020-07-10,56.0,57.130001068115234,54.36000061035156,54.709999084472656,54.709999084472656,375200
2020-07-13,55.0,57.2400016784668,50.61000061035156,51.59000015258789,51.59000015258789,646500
2020-07-14,51.84000015258789,53.560001373291016,49.83000183105469,53.369998931884766,53.369998931884766,547600
2020-07-15,55.099998474121094,57.779998779296875,53.68000030517578,55.650001525878906,55.650001525878906,582100
2020-07-16,55.310001373291016,55.59000015258789,51.83000183105469,52.630001068115234,52.630001068115234,610700
2020-07-17,52.66999816894531,55.41999816894531,52.09000015258789,54.5,54.5,452900
2020-07-20,54.81999969482422,56.59000015258789,54.41999816894531,56.34000015258789,56.34000015258789,411400
2020-07-21,57.0,60.959999084472656,56.630001068115234,58.7400016784668,58.7400016784668,563700
2020-07-22,58.810001373291016,60.380001068115234,57.40999984741211,59.119998931884766,59.119998931884766,263600
2020-07-23,60.08000183105469,60.959999084472656,56.720001220703125,56.959999084472656,56.959999084472656,330100
2020-07-24,55.79999923706055,56.0,52.849998474121094,54.63999938964844,54.63999938964844,347500
2020-07-27,55.34000015258789,59.33000183105469,54.91999816894531,58.630001068115234,58.630001068115234,507700
2020-07-28,59.45000076293945,59.959999084472656,57.310001373291016,58.470001220703125,58.470001220703125,537700
2020-07-29,59.209999084472656,60.040000915527344,57.189998626708984,57.59000015258789,57.59000015258789,305800
2020-07-30,57.79999923706055,58.959999084472656,56.77000045776367,57.849998474121094,57.849998474121094,279100
2020-07-31,58.45000076293945,58.869998931884766,54.380001068115234,56.040000915527344,56.040000915527344,377200
2020-08-03,56.66999816894531,60.08000183105469,56.56999969482422,58.97999954223633,58.97999954223633,541600
2020-08-04,60.0,62.790000915527344,58.58000183105469,62.290000915527344,62.290000915527344,452700
2020-08-05,63.88999938964844,67.01000213623047,63.11000061035156,66.44999694824219,66.44999694824219,432000
2020-08-06,67.68000030517578,68.0999984741211,64.72000122070312,65.69999694824219,65.69999694824219,741500
2020-08-07,66.37999725341797,71.70999908447266,60.5,61.65999984741211,61.65999984741211,798800
2020-08-10,61.630001068115234,63.61000061035156,59.709999084472656,59.77000045776367,59.77000045776367,423800
2020-08-11,58.150001525878906,58.72999954223633,54.88999938964844,55.599998474121094,55.599998474121094,586400
2020-08-12,54.54999923706055,64.62000274658203,53.810001373291016,62.06999969482422,62.06999969482422,1444600
2020-08-13,64.02999877929688,65.87000274658203,61.5,65.11000061035156,65.11000061035156,701600
2020-08-14,66.0,67.0,64.5,66.30000305175781,66.30000305175781,349000
2020-08-17,66.9800033569336,70.83999633789062,65.55000305175781,70.55999755859375,70.55999755859375,465000
2020-08-18,69.9000015258789,70.63999938964844,67.02999877929688,69.62999725341797,69.62999725341797,811800
2020-08-19,70.30999755859375,70.41999816894531,64.29000091552734,65.1500015258789,65.1500015258789,758500
2020-08-20,65.0,67.54000091552734,64.5999984741211,67.27999877929688,67.27999877929688,358300
2020-08-21,67.19000244140625,68.41000366210938,66.61000061035156,67.91999816894531,67.91999816894531,616600
2020-08-24,68.0,68.0999984741211,64.70999908447266,66.29000091552734,66.29000091552734,312500
2020-08-25,67.37999725341797,68.19000244140625,65.37999725341797,67.91000366210938,67.91000366210938,238600
2020-08-26,68.0,69.33999633789062,67.6500015258789,67.93000030517578,67.93000030517578,233300
2020-08-27,68.55000305175781,68.62000274658203,65.97000122070312,67.88999938964844,67.88999938964844,277600
2020-08-28,66.6500015258789,68.95999908447266,66.01000213623047,68.94999694824219,68.94999694824219,272100
2020-08-31,70.0,70.5999984741211,69.33999633789062,69.93000030517578,69.93000030517578,397300
2020-09-01,69.94000244140625,71.97000122070312,68.2300033569336,71.72000122070312,71.72000122070312,404100
2020-09-02,71.61000061035156,71.98999786376953,67.4800033569336,70.5,70.5,682300
2020-09-03,69.41999816894531,69.43000030517578,66.0999984741211,67.33999633789062,67.33999633789062,685600
2020-09-04,67.13999938964844,67.33999633789062,60.279998779296875,63.27000045776367,63.27000045776367,825400
2020-09-08,59.29999923706055,65.62000274658203,59.29999923706055,62.77000045776367,62.77000045776367,657800
2020-09-09,63.81999969482422,67.43000030517578,63.81999969482422,65.97000122070312,65.97000122070312,490500
2020-09-10,66.19000244140625,68.44000244140625,61.70000076293945,63.040000915527344,63.040000915527344,448800
2020-09-11,64.08999633789062,65.44000244140625,61.13999938964844,62.5099983215332,62.5099983215332,339900
2020-09-14,63.86000061035156,65.81999969482422,63.84000015258789,64.87999725341797,64.87999725341797,462200
2020-09-15,65.69999694824219,66.04000091552734,60.33000183105469,61.720001220703125,61.720001220703125,516300
2020-09-16,61.869998931884766,64.31999969482422,61.869998931884766,62.970001220703125,62.970001220703125,598500
2020-09-17,60.75,64.86000061035156,59.2599983215332,64.7699966430664,64.7699966430664,857000
2020-09-18,65.20999908447266,68.18000030517578,63.650001525878906,67.80999755859375,67.80999755859375,1505600
2020-09-21,66.47000122070312,67.66000366210938,64.5999984741211,66.98999786376953,66.98999786376953,662900
2020-09-22,67.06999969482422,67.83999633789062,64.26000213623047,66.72000122070312,66.72000122070312,721700
2020-09-23,66.72000122070312,70.91999816894531,64.58999633789062,64.70999908447266,64.70999908447266,700200
2020-09-24,63.84000015258789,66.58999633789062,62.369998931884766,66.48999786376953,66.48999786376953,436600
2020-09-25,67.43000030517578,72.75,66.12000274658203,72.63999938964844,72.63999938964844,490400
2020-09-28,73.25,75.23999786376953,70.94000244140625,75.0199966430664,75.0199966430664,471500
2020-09-29,75.58999633789062,79.72000122070312,75.01000213623047,78.79000091552734,78.79000091552734,780900
2020-09-30,78.20999908447266,78.95999908447266,72.80000305175781,75.97000122070312,75.97000122070312,805200
2020-10-01,76.61000061035156,78.73999786376953,74.66000366210938,77.87000274658203,77.87000274658203,413500
2020-10-02,76.41000366210938,78.0199966430664,74.25,77.30999755859375,77.30999755859375,369200
2020-10-05,78.25,82.4800033569336,78.13999938964844,82.33999633789062,82.33999633789062,546600
2020-10-06,82.80000305175781,87.41999816894531,81.04000091552734,85.11000061035156,85.11000061035156,881600
2020-10-07,86.2699966430664,90.9800033569336,86.11000061035156,87.45999908447266,87.45999908447266,685000
2020-10-08,89.58000183105469,89.58000183105469,85.91999816894531,86.97000122070312,86.97000122070312,915600
2020-10-09,86.62999725341797,92.0,86.30000305175781,89.63999938964844,89.63999938964844,437400
2020-10-12,92.16000366210938,92.93000030517578,86.81999969482422,90.33000183105469,90.33000183105469,592400
2020-10-13,92.04000091552734,93.54000091552734,90.12999725341797,92.80999755859375,92.80999755859375,616100
2020-10-14,93.0,94.41000366210938,90.0,90.19999694824219,90.19999694824219,401000
2020-10-15,89.29000091552734,100.0,87.44999694824219,99.88999938964844,99.88999938964844,689500
2020-10-16,100.0,100.30000305175781,94.88999938964844,94.91999816894531,94.91999816894531,716200
2020-10-19,97.2300033569336,99.80000305175781,92.5,93.0,93.0,694400
2020-10-20,92.87999725341797,94.5,88.56999969482422,88.76000213623047,88.76000213623047,627400
2020-10-21,88.44999694824219,90.33999633789062,85.69999694824219,86.2300033569336,86.2300033569336,552900
2020-10-22,87.88999938964844,87.88999938964844,83.19999694824219,87.05999755859375,87.05999755859375,775100
2020-10-23,87.23999786376953,91.33000183105469,85.08999633789062,85.97000122070312,85.97000122070312,581700
2020-10-26,84.30000305175781,88.9800033569336,81.63999938964844,82.58000183105469,82.58000183105469,461400
2020-10-27,83.91000366210938,85.29000091552734,82.30999755859375,83.58000183105469,83.58000183105469,368800
2020-10-28,82.20999908447266,83.63999938964844,78.08000183105469,79.55000305175781,79.55000305175781,374500
2020-10-29,79.01000213623047,80.16000366210938,76.33999633789062,79.36000061035156,79.36000061035156,468800
2020-10-30,79.0,79.47000122070312,74.25,76.63999938964844,76.63999938964844,371000
2020-11-02,76.43000030517578,80.18000030517578,76.0,79.37000274658203,79.37000274658203,321800
2020-11-03,80.38999938964844,87.25,80.33000183105469,86.30000305175781,86.30000305175781,447500
2020-11-04,87.41000366210938,90.63999938964844,87.05000305175781,89.93000030517578,89.93000030517578,571000
2020-11-05,92.98999786376953,98.80000305175781,92.05000305175781,96.5999984741211,96.5999984741211,739700
2020-11-06,96.43000030517578,100.11000061035156,93.12000274658203,99.61000061035156,99.61000061035156,293100
2020-11-09,99.91000366210938,100.91000366210938,87.08999633789062,95.7300033569336,95.7300033569336,819200
2020-11-10,97.19999694824219,97.23999786376953,92.43000030517578,96.2300033569336,96.2300033569336,541800
2020-11-11,97.8499984741211,103.5,97.2699966430664,102.16000366210938,102.16000366210938,455100
2020-11-12,102.9000015258789,107.98999786376953,102.27999877929688,106.0,106.0,628800
2020-11-13,107.19999694824219,111.3499984741211,106.4800033569336,107.36000061035156,107.36000061035156,363400
2020-11-16,106.04000091552734,108.37000274658203,102.63999938964844,104.05000305175781,104.05000305175781,380200
2020-11-17,103.62000274658203,108.72000122070312,102.0199966430664,108.5,108.5,277400
2020-11-18,109.44000244140625,113.47000122070312,108.58999633789062,110.9000015258789,110.9000015258789,541200
2020-11-19,111.70999908447266,115.9000015258789,110.16999816894531,114.5,114.5,470900
2020-11-20,114.36000061035156,117.69999694824219,110.62000274658203,115.55999755859375,115.55999755859375,477200
2020-11-23,110.0,121.4000015258789,109.0,117.19000244140625,117.19000244140625,1088500
2020-11-24,120.75,120.75,103.80000305175781,104.16999816894531,104.16999816894531,594600
2020-11-25,104.25,107.79000091552734,98.38999938964844,99.63999938964844,99.63999938964844,600700
2020-11-27,99.9000015258789,114.80999755859375,99.9000015258789,114.66999816894531,114.66999816894531,346900
2020-11-30,116.62000274658203,116.62000274658203,104.80000305175781,111.73999786376953,111.73999786376953,628600
2020-12-01,112.44000244140625,120.4800033569336,111.33999633789062,118.0999984741211,118.0999984741211,481200
2020-12-02,114.69999694824219,117.44000244140625,108.5199966430664,115.06999969482422,115.06999969482422,652000
2020-12-03,112.9800033569336,123.98999786376953,112.48999786376953,122.33999633789062,122.33999633789062,1403800
2020-12-04,123.66000366210938,132.97000122070312,123.41000366210938,128.5800018310547,128.5800018310547,1140500
2020-12-07,130.67999267578125,135.25,129.25999450683594,131.4499969482422,131.4499969482422,843700
2020-12-08,133.08999633789062,148.0500030517578,132.05999755859375,142.02000427246094,142.02000427246094,1361800
2020-12-09,144.6300048828125,145.94000244140625,137.60000610351562,140.6999969482422,140.6999969482422,885700
2020-12-10,138.6199951171875,152.6699981689453,138.27999877929688,152.1999969482422,152.1999969482422,783000
2020-12-11,151.1300048828125,151.5,136.6999969482422,141.64999389648438,141.64999389648438,714800
2020-12-14,144.80999755859375,148.99000549316406,139.1199951171875,140.25999450683594,140.25999450683594,652800
2020-12-15,139.72999572753906,141.05999755859375,125.75,139.1999969482422,139.1999969482422,1152600
2020-12-16,139.0,141.99000549316406,133.83999633789062,141.49000549316406,141.49000549316406,544100
2020-12-17,141.27999877929688,146.17999267578125,141.22000122070312,144.60000610351562,144.60000610351562,618600
2020-12-18,146.94000244140625,147.47000122070312,143.22999572753906,147.33999633789062,147.33999633789062,1490900
2020-12-21,145.89999389648438,154.02000427246094,144.8000030517578,152.0,152.0,1084100
2020-12-22,154.0,168.49000549316406,154.0,167.88999938964844,167.88999938964844,982500
2020-12-23,168.64999389648438,170.86000061035156,159.1699981689453,166.75999450683594,166.75999450683594,684900
2020-12-24,167.7899932861328,169.30999755859375,159.22000122070312,164.0399932861328,164.0399932861328,254600
2020-12-28,167.10000610351562,169.6699981689453,156.97000122070312,159.72999572753906,159.72999572753906,659400
2020-12-29,157.72999572753906,160.82000732421875,133.5,138.55999755859375,138.55999755859375,1121400
2020-12-30,141.1199951171875,147.8800048828125,140.0,147.14999389648438,147.14999389648438,489200
2020-12-31,152.1300048828125,155.08999633789062,139.0,141.2899932861328,141.2899932861328,561700
2021-01-04,138.61000061035156,141.9199981689453,129.33999633789062,132.92999267578125,132.92999267578125,701100
2021-01-05,132.92999267578125,138.72000122070312,131.6699981689453,138.5,138.5,545400
2021-01-06,139.61000061035156,145.60000610351562,137.6999969482422,143.4199981689453,143.4199981689453,448000
2021-01-07,151.00999450683594,157.67999267578125,148.39999389648438,156.97000122070312,156.97000122070312,819500
2021-01-08,159.41000366210938,174.47999572753906,159.41000366210938,166.50999450683594,166.50999450683594,884000
2021-01-11,162.47999572753906,175.60000610351562,156.49000549316406,170.30999755859375,170.30999755859375,1086400
2021-01-12,170.39999389648438,173.47999572753906,159.30999755859375,162.83999633789062,162.83999633789062,630500
2021-01-13,164.5,172.94000244140625,159.5500030517578,168.41000366210938,168.41000366210938,492900
2021-01-14,169.0,189.67999267578125,168.97000122070312,189.42999267578125,189.42999267578125,969000
2021-01-15,188.14999389648438,196.47999572753906,178.17999267578125,181.35000610351562,181.35000610351562,897800
2021-01-19,185.50999450683594,207.1199951171875,185.0,205.49000549316406,205.49000549316406,1056900
2021-01-20,210.14999389648438,211.9499969482422,198.08999633789062,207.97000122070312,207.97000122070312,807100
2021-01-21,212.1300048828125,214.07000732421875,191.7899932861328,194.52999877929688,194.52999877929688,854700
2021-01-22,192.08999633789062,193.39999389648438,186.0,190.63999938964844,190.63999938964844,753200
2021-01-25,193.0,200.6999969482422,183.08999633789062,186.0399932861328,186.0399932861328,627800
2021-01-26,184.25,185.69000244140625,161.0,162.82000732421875,162.82000732421875,894400
2021-01-27,160.22000122070312,163.8300018310547,145.6999969482422,160.00999450683594,160.00999450683594,1442600
2021-01-28,161.02000427246094,175.97999572753906,161.02000427246094,169.72999572753906,169.72999572753906,633600
2021-01-29,170.11000061035156,172.1699981689453,158.88999938964844,164.5399932861328,164.5399932861328,549100
2021-02-01,166.74000549316406,180.60000610351562,166.74000549316406,180.27000427246094,180.27000427246094,890800
2021-02-02,183.58999633789062,201.3699951171875,183.58999633789062,197.55999755859375,197.55999755859375,750600
2021-02-03,196.75,202.17999267578125,187.24000549316406,189.9600067138672,189.9600067138672,678000
2021-02-04,191.52000427246094,199.32000732421875,188.67999267578125,197.64999389648438,197.64999389648438,467200
2021-02-05,160.4499969482422,171.0800018310547,155.0,158.02000427246094,158.02000427246094,2862500
2021-02-08,171.00999450683594,176.24000549316406,163.57000732421875,175.3800048828125,175.3800048828125,1422200
2021-02-09,175.85000610351562,181.7100067138672,171.61000061035156,179.4600067138672,179.4600067138672,826100
2021-02-10,178.94000244140625,182.86000061035156,165.02999877929688,166.8000030517578,166.8000030517578,746400
2021-02-11,168.0,169.41000366210938,158.02000427246094,165.41000366210938,165.41000366210938,886000
2021-02-12,167.13999938964844,171.5,160.3699951171875,167.89999389648438,167.89999389648438,585700
2021-02-16,173.57000732421875,173.57000732421875,156.0800018310547,156.25,156.25,870600
2021-02-17,155.0,156.0,145.72000122070312,154.9499969482422,154.9499969482422,981900
2021-02-18,148.6300048828125,152.9600067138672,143.25999450683594,149.0399932861328,149.0399932861328,1036300
2021-02-19,150.5800018310547,153.47000122070312,146.7899932861328,150.80999755859375,150.80999755859375,1065800
2021-02-22,146.97999572753906,151.17999267578125,136.77000427246094,137.2100067138672,137.2100067138672,949900
2021-02-23,127.63999938964844,136.7899932861328,111.8499984741211,135.2899932861328,135.2899932861328,1832300
2021-02-24,134.30999755859375,144.80999755859375,131.99000549316406,142.1999969482422,142.1999969482422,809200
2021-02-25,139.02999877929688,141.44000244140625,129.47000122070312,134.44000244140625,134.44000244140625,1242000
2021-02-26,134.7100067138672,140.9499969482422,125.98999786376953,137.63999938964844,137.63999938964844,883400
2021-03-01,140.77999877929688,151.7899932861328,140.77999877929688,144.9499969482422,144.9499969482422,909400
2021-03-02,145.00999450683594,149.47999572753906,141.52999877929688,141.6999969482422,141.6999969482422,635400
2021-03-03,141.52000427246094,141.52000427246094,128.2100067138672,130.0,130.0,980000
2021-03-04,125.37999725341797,131.91000366210938,113.76000213623047,116.62000274658203,116.62000274658203,1541000
2021-03-05,118.11000061035156,120.75,105.25,117.55000305175781,117.55000305175781,2045800
2021-03-08,116.16000366210938,120.30999755859375,103.52999877929688,105.4800033569336,105.4800033569336,1230500
2021-03-09,113.58000183105469,128.77000427246094,113.05000305175781,125.02999877929688,125.02999877929688,1517600
2021-03-10,131.07000732421875,139.0,124.9000015258789,126.44000244140625,126.44000244140625,1087100
2021-03-11,134.60000610351562,145.52000427246094,134.25,145.33999633789062,145.33999633789062,1125500
2021-03-12,136.7899932861328,143.32000732421875,135.05999755859375,141.39999389648438,141.39999389648438,1311100
2021-03-15,141.0,146.6999969482422,138.91000366210938,144.47000122070312,144.47000122070312,675500
2021-03-16,145.36000061035156,149.9600067138672,133.27000427246094,139.3300018310547,139.3300018310547,795400
2021-03-17,132.52000427246094,149.33999633789062,131.11000061035156,144.72999572753906,144.72999572753906,1073200
2021-03-18,137.77000427246094,141.27000427246094,124.0,124.30999755859375,124.30999755859375,1315700
2021-03-19,126.55999755859375,135.25,124.70999908447266,130.2899932861328,130.2899932861328,2986300
2021-03-22,130.0399932861328,138.6999969482422,126.55000305175781,135.4600067138672,135.4600067138672,846700
2021-03-23,133.72000122070312,135.10000610351562,129.0,131.17999267578125,131.17999267578125,775800
2021-03-24,132.5,133.7100067138672,116.19000244140625,116.87000274658203,116.87000274658203,969000
2021-03-25,112.79000091552734,117.86000061035156,107.1500015258789,116.7300033569336,116.7300033569336,1445300
2021-03-26,118.06999969482422,118.98999786376953,107.94000244140625,115.58999633789062,115.58999633789062,638000
2021-03-29,114.38999938964844,115.6500015258789,107.08999633789062,107.31999969482422,107.31999969482422,1060000
2021-03-30,106.30000305175781,114.1500015258789,102.86000061035156,109.70999908447266,109.70999908447266,1728300
2021-03-31,112.27999877929688,126.5,111.66000366210938,123.86000061035156,123.86000061035156,1747700
2021-04-01,127.83999633789062,134.64999389648438,121.88999938964844,122.19999694824219,122.19999694824219,837200
2021-04-05,126.72000122070312,129.75,124.29000091552734,127.33000183105469,127.33000183105469,694000
2021-04-06,125.3499984741211,132.44000244140625,123.5199966430664,128.64999389648438,128.64999389648438,783800
2021-04-07,128.10000610351562,130.2899932861328,123.79000091552734,127.63999938964844,127.63999938964844,1070300
2021-04-08,128.3300018310547,133.47999572753906,128.3300018310547,132.32000732421875,132.32000732421875,658100
2021-04-09,131.6999969482422,134.0,128.75,132.22999572753906,132.22999572753906,858200
2021-04-12,132.47000122070312,132.74000549316406,124.79000091552734,129.00999450683594,129.00999450683594,648600
2021-04-13,132.0,143.0399932861328,131.97000122070312,140.80999755859375,140.80999755859375,677500
2021-04-14,141.07000732421875,150.25,140.55999755859375,142.02999877929688,142.02999877929688,1188100
2021-04-15,145.27999877929688,149.14999389648438,140.24000549316406,142.05999755859375,142.05999755859375,404400
2021-04-16,143.24000549316406,143.24000549316406,133.5399932861328,135.24000549316406,135.24000549316406,411000
2021-04-19,130.22999572753906,135.35000610351562,125.0,127.66000366210938,127.66000366210938,609500
2021-04-20,125.2300033569336,129.0500030517578,121.48999786376953,126.43000030517578,126.43000030517578,407200
2021-04-21,124.41999816894531,134.05999755859375,122.63999938964844,133.83999633789062,133.83999633789062,343900
2021-04-22,133.47000122070312,141.0800018310547,132.3699951171875,134.57000732421875,134.57000732421875,468000
2021-04-23,136.0,137.77999877929688,132.7899932861328,133.1199951171875,133.1199951171875,567200
2021-04-26,135.11000061035156,142.22999572753906,131.80999755859375,140.52000427246094,140.52000427246094,512700
2021-04-27,138.24000549316406,142.16000366210938,136.27000427246094,139.57000732421875,139.57000732421875,669000
2021-04-28,136.24000549316406,142.39999389648438,133.3300018310547,141.6699981689453,141.6699981689453,344200
2021-04-29,144.13999938964844,144.13999938964844,134.36000061035156,136.5800018310547,136.5800018310547,476200
2021-04-30,132.6699981689453,137.44000244140625,131.6999969482422,134.19000244140625,134.19000244140625,818400
2021-05-03,135.66000366210938,136.00999450683594,120.41000366210938,120.66000366210938,120.66000366210938,788900
2021-05-04,118.01000213623047,118.26000213623047,110.69999694824219,113.69999694824219,113.69999694824219,902300
2021-05-05,115.0,116.29000091552734,108.33000183105469,109.95999908447266,109.95999908447266,497300
2021-05-06,106.79000091552734,108.87999725341797,101.6500015258789,104.30000305175781,104.30000305175781,1793700
2021-05-07,117.94000244140625,120.87000274658203,112.13999938964844,116.73999786376953,116.73999786376953,1620800
2021-05-10,113.6500015258789,114.45999908447266,96.08000183105469,96.33000183105469,96.33000183105469,1276600
2021-05-11,87.01000213623047,102.81999969482422,87.01000213623047,99.6500015258789,99.6500015258789,801600
2021-05-12,95.20999908447266,98.86000061035156,90.19000244140625,91.08000183105469,91.08000183105469,750000
2021-05-13,92.23999786376953,97.2300033569336,84.2300033569336,88.12999725341797,88.12999725341797,1120700
2021-05-14,89.9000015258789,96.19000244140625,88.5,92.68000030517578,92.68000030517578,772600
2021-05-17,91.37000274658203,94.12000274658203,88.5199966430664,93.70999908447266,93.70999908447266,687200
2021-05-18,95.30000305175781,99.87000274658203,91.23999786376953,95.06999969482422,95.06999969482422,703600
2021-05-19,88.38999938964844,94.41000366210938,88.0,93.06999969482422,93.06999969482422,744100
2021-05-20,94.9800033569336,99.25,93.0999984741211,97.75,97.75,675100
2021-05-21,98.63999938964844,98.97000122070312,93.62999725341797,95.41000366210938,95.41000366210938,506600
2021-05-24,96.86000061035156,101.83999633789062,95.0,99.31999969482422,99.31999969482422,564100
2021-05-25,99.44999694824219,102.63999938964844,98.87999725341797,99.97000122070312,99.97000122070312,448100
2021-05-26,101.37999725341797,105.87999725341797,100.5,104.76000213623047,104.76000213623047,544000
2021-05-27,103.87000274658203,108.08000183105469,100.31999969482422,108.01000213623047,108.01000213623047,778800
2021-05-28,109.7300033569336,113.38999938964844,106.1500015258789,107.30999755859375,107.30999755859375,483000
2021-06-01,109.0,109.41999816894531,103.30000305175781,105.87999725341797,105.87999725341797,450100
2021-06-02,104.63999938964844,107.37999725341797,101.33000183105469,102.41999816894531,102.41999816894531,479000
2021-06-03,100.95999908447266,103.9000015258789,95.66999816894531,96.12000274658203,96.12000274658203,513300
2021-06-04,97.1500015258789,99.66000366210938,95.87999725341797,96.33999633789062,96.33999633789062,336600
2021-06-07,96.16999816894531,102.75,95.01000213623047,101.7699966430664,101.7699966430664,552200
2021-06-08,103.37999725341797,105.80999755859375,101.55999755859375,105.0,105.0,519200
2021-06-09,106.44000244140625,110.08000183105469,104.43000030517578,106.7699966430664,106.7699966430664,551100
2021-06-10,105.73999786376953,112.44999694824219,104.29000091552734,111.66999816894531,111.66999816894531,731400
2021-06-11,112.36000061035156,115.66000366210938,110.54000091552734,114.62999725341797,114.62999725341797,502700
2021-06-14,116.55999755859375,117.19999694824219,111.23999786376953,112.7699966430664,112.7699966430664,613900
2021-06-15,112.70999908447266,112.70999908447266,106.08000183105469,108.66999816894531,108.66999816894531,486500
2021-06-16,108.38999938964844,109.80000305175781,102.08000183105469,106.95999908447266,106.95999908447266,443500
2021-06-17,106.26000213623047,117.3499984741211,106.26000213623047,113.44999694824219,113.44999694824219,609000
2021-06-18,112.8499984741211,114.38999938964844,108.9800033569336,111.25,111.25,785200
2021-06-21,112.4800033569336,118.0,107.63999938964844,116.73999786376953,116.73999786376953,580300
2021-06-22,117.31999969482422,119.01000213623047,112.55000305175781,118.79000091552734,118.79000091552734,598600
2021-06-23,118.33999633789062,122.0,118.33999633789062,120.13999938964844,120.13999938964844,498400
2021-06-24,121.77999877929688,126.02999877929688,120.62000274658203,122.54000091552734,122.54000091552734,481200
2021-06-25,123.16999816894531,123.98999786376953,118.95999908447266,122.55999755859375,122.55999755859375,706200
2021-06-28,125.12999725341797,131.85000610351562,124.94000244140625,126.33999633789062,126.33999633789062,594100
2021-06-29,128.6300048828125,136.64999389648438,126.0999984741211,134.63999938964844,134.63999938964844,590200
2021-06-30,133.57000732421875,136.8699951171875,130.8699951171875,133.25,133.25,570100
2021-07-01,133.0500030517578,135.25,129.58999633789062,131.47999572753906,131.47999572753906,393800
2021-07-02,131.6999969482422,133.3000030517578,130.0,131.3699951171875,131.3699951171875,397800
2021-07-06,131.55999755859375,132.88999938964844,126.43000030517578,127.6500015258789,127.6500015258789,565900
2021-07-07,127.58000183105469,130.2100067138672,123.72000122070312,126.58000183105469,126.58000183105469,365700
2021-07-08,121.29000091552734,127.5199966430664,119.11000061035156,126.45999908447266,126.45999908447266,312400
2021-07-09,126.77999877929688,132.60000610351562,123.45999908447266,128.30999755859375,128.30999755859375,302700
2021-07-12,129.58999633789062,131.39999389648438,123.58999633789062,124.5999984741211,124.5999984741211,313200
2021-07-13,124.26000213623047,124.75,119.5,120.27999877929688,120.27999877929688,328700
2021-07-14,121.36000061035156,121.36000061035156,111.11000061035156,111.95999908447266,111.95999908447266,337900
2021-07-15,111.63999938964844,115.61000061035156,107.88999938964844,112.93000030517578,112.93000030517578,424900
2021-07-16,114.0,114.68000030517578,108.75,112.11000061035156,112.11000061035156,318000
2021-07-19,109.62000274658203,116.88999938964844,108.69000244140625,115.20999908447266,115.20999908447266,369000
2021-07-20,116.76000213623047,121.7300033569336,114.4000015258789,121.30999755859375,121.30999755859375,420800
2021-07-21,119.75,124.01000213623047,116.01000213623047,123.02999877929688,123.02999877929688,339100
2021-07-22,124.4800033569336,125.26000213623047,120.80000305175781,121.4800033569336,121.4800033569336,255100
2021-07-23,121.4000015258789,121.62999725341797,116.5,117.33999633789062,117.33999633789062,296600
2021-07-26,116.26000213623047,117.93000030517578,114.0,115.0,115.0,473100
2021-07-27,115.7300033569336,116.05000305175781,106.69000244140625,111.47000122070312,111.47000122070312,526200
2021-07-28,111.5,118.04000091552734,111.5,116.05999755859375,116.05999755859375,656900
2021-07-29,116.04000091552734,120.4000015258789,113.47000122070312,119.08000183105469,119.08000183105469,357800
2021-07-30,118.58000183105469,123.5,117.68000030517578,123.05000305175781,123.05000305175781,430100
2021-08-02,123.76000213623047,124.11000061035156,116.77999877929688,117.58999633789062,117.58999633789062,342800
2021-08-03,117.2699966430664,119.38999938964844,114.31999969482422,119.0199966430664,119.0199966430664,256100
2021-08-04,118.66999816894531,122.94000244140625,117.33000183105469,120.30000305175781,120.30000305175781,567800
2021-08-05,123.12999725341797,126.05999755859375,119.5,124.12000274658203,124.12000274658203,592500
2021-08-06,123.66999816894531,124.86000061035156,110.33000183105469,110.7699966430664,110.7699966430664,812700
2021-08-09,111.0199966430664,113.8499984741211,109.30000305175781,112.83999633789062,112.83999633789062,298800
2021-08-10,113.52999877929688,113.52999877929688,102.54000091552734,102.80000305175781,102.80000305175781,698200
2021-08-11,103.23999786376953,105.31999969482422,100.97000122070312,104.55999755859375,104.55999755859375,604200
2021-08-12,103.69999694824219,108.12999725341797,101.97000122070312,106.94000244140625,106.94000244140625,397400
2021-08-13,106.4000015258789,109.29000091552734,100.41000366210938,100.51000213623047,100.51000213623047,290200
2021-08-16,99.5199966430664,99.58999633789062,94.41999816894531,95.63999938964844,95.63999938964844,484200
2021-08-17,93.5,97.81999969482422,90.52999877929688,97.33999633789062,97.33999633789062,727200
2021-08-18,97.11000061035156,100.12000274658203,95.0,97.9000015258789,97.9000015258789,433200
2021-08-19,96.5199966430664,99.41000366210938,95.19999694824219,97.37000274658203,97.37000274658203,395900
2021-08-20,97.0999984741211,101.27999877929688,96.5,100.48999786376953,100.48999786376953,297300
2021-08-23,101.6500015258789,108.58999633789062,101.58999633789062,108.08999633789062,108.08999633789062,603500
2021-08-24,109.13999938964844,114.55999755859375,108.05999755859375,114.5,114.5,744800
2021-08-25,114.58000183105469,115.62000274658203,111.23999786376953,112.3499984741211,112.3499984741211,393500
2021-08-26,111.5,113.20999908447266,107.66000366210938,107.75,107.75,399600
2021-08-27,108.16000366210938,113.75,106.38999938964844,111.58999633789062,111.58999633789062,525100
2021-08-30,112.77999877929688,112.77999877929688,105.56999969482422,109.4800033569336,109.4800033569336,397800
2021-08-31,109.5,113.91999816894531,107.0,113.20999908447266,113.20999908447266,392900
2021-09-01,113.31999969482422,117.2699966430664,113.31999969482422,117.04000091552734,117.04000091552734,291700
2021-09-02,117.98999786376953,118.37000274658203,115.1500015258789,117.7300033569336,117.7300033569336,229800
2021-09-03,117.80999755859375,117.98999786376953,113.81999969482422,114.70999908447266,114.70999908447266,224000
2021-09-07,113.3499984741211,117.5,112.8499984741211,114.3499984741211,114.3499984741211,332500
2021-09-08,113.26000213623047,113.36000061035156,109.79000091552734,111.0,111.0,262800
2021-09-09,111.29000091552734,119.95999908447266,111.01000213623047,117.91000366210938,117.91000366210938,607000
2021-09-10,120.0,123.66000366210938,116.31999969482422,121.41999816894531,121.41999816894531,449400
2021-09-13,121.37999725341797,122.0,113.41999816894531,115.93000030517578,115.93000030517578,276700
2021-09-14,116.55000305175781,119.5999984741211,113.54000091552734,114.08000183105469,114.08000183105469,240800
2021-09-15,112.5199966430664,115.0,111.16999816894531,112.94999694824219,112.94999694824219,452100
2021-09-16,112.18000030517578,114.06999969482422,107.93000030517578,113.87000274658203,113.87000274658203,383200
2021-09-17,115.55999755859375,122.37999725341797,113.23999786376953,121.73999786376953,121.73999786376953,1017100
2021-09-20,116.25,117.23999786376953,111.91000366210938,114.04000091552734,114.04000091552734,430700
2021-09-21,115.88999938964844,121.25,115.1500015258789,119.9800033569336,119.9800033569336,319400
2021-09-22,121.0,122.62999725341797,119.01000213623047,120.91999816894531,120.91999816894531,192200
2021-09-23,122.0,122.0,117.41999816894531,121.06999969482422,121.06999969482422,272800
2021-09-24,119.02999877929688,120.80000305175781,111.77999877929688,112.11000061035156,112.11000061035156,375900
2021-09-27,112.11000061035156,112.12999725341797,106.01000213623047,110.16999816894531,110.16999816894531,382000
2021-09-28,107.95999908447266,108.5,103.0,104.0,104.0,371600
2021-09-29,106.16999816894531,107.30999755859375,103.5,104.33000183105469,104.33000183105469,415500
2021-09-30,105.08000183105469,109.41999816894531,103.29000091552734,106.97000122070312,106.97000122070312,455400
2021-10-01,105.27999877929688,106.72000122070312,102.58999633789062,105.5,105.5,370200
2021-10-04,104.2699966430664,104.58000183105469,99.91999816894531,100.66000366210938,100.66000366210938,636100
2021-10-05,101.04000091552734,104.37999725341797,98.55999755859375,99.3499984741211,99.3499984741211,327200
2021-10-06,98.51000213623047,99.62000274658203,94.43000030517578,96.55000305175781,96.55000305175781,344500
2021-10-07,99.2300033569336,102.0,96.76000213623047,100.41000366210938,100.41000366210938,690100
2021-10-08,98.30999755859375,101.16000366210938,97.75,98.55000305175781,98.55000305175781,304300
2021-10-11,97.3499984741211,103.80000305175781,96.41999816894531,101.13999938964844,101.13999938964844,443900
2021-10-12,101.76000213623047,105.72000122070312,100.91000366210938,103.86000061035156,103.86000061035156,371700
2021-10-13,104.0,111.36000061035156,103.23999786376953,110.31999969482422,110.31999969482422,521900
2021-10-14,112.58999633789062,115.41999816894531,110.13999938964844,114.48999786376953,114.48999786376953,613000
2021-10-15,116.70999908447266,117.79000091552734,111.94000244140625,112.80000305175781,112.80000305175781,395100
2021-10-18,111.87000274658203,114.98999786376953,110.05999755859375,113.11000061035156,113.11000061035156,248300
2021-10-19,113.69999694824219,120.0,113.5999984741211,119.87000274658203,119.87000274658203,463400
2021-10-20,120.0,120.0,115.80999755859375,117.72000122070312,117.72000122070312,302500
2021-10-21,118.80999755859375,121.69000244140625,118.76000213623047,120.25,120.25,311700
2021-10-22,119.16000366210938,120.70999908447266,116.22000122070312,117.41000366210938,117.41000366210938,264400
2021-10-25,117.9000015258789,118.9800033569336,115.29000091552734,117.76000213623047,117.76000213623047,201800
2021-10-26,118.38999938964844,120.5999984741211,115.29000091552734,117.68000030517578,117.68000030517578,189400
2021-10-27,117.5999984741211,118.91000366210938,113.16000366210938,114.25,114.25,270600
2021-10-28,115.2699966430664,121.97000122070312,114.80000305175781,121.66000366210938,121.66000366210938,267900
2021-10-29,121.19000244140625,121.41999816894531,116.75,118.80000305175781,118.80000305175781,258900
2021-11-01,119.68000030517578,127.11000061035156,119.18000030517578,126.87999725341797,126.87999725341797,387900
2021-11-02,127.2300033569336,130.25,124.66999816894531,128.97000122070312,128.97000122070312,396800
2021-11-03,129.4600067138672,134.88999938964844,127.2300033569336,134.39999389648438,134.39999389648438,358400
2021-11-04,134.99000549316406,138.97000122070312,132.60000610351562,135.4600067138672,135.4600067138672,491500
2021-11-05,135.0,139.99000549316406,133.36000061035156,135.8800048828125,135.8800048828125,592500
2021-11-08,136.63999938964844,139.36000061035156,132.1699981689453,132.52000427246094,132.52000427246094,218500
2021-11-09,132.08999633789062,135.97000122070312,127.48999786376953,127.91999816894531,127.91999816894531,308300
2021-11-10,126.98999786376953,128.9499969482422,118.58000183105469,118.8499984741211,118.8499984741211,538100
2021-11-11,119.69999694824219,122.18000030517578,116.04000091552734,116.30000305175781,116.30000305175781,493400
2021-11-12,118.02999877929688,118.02999877929688,113.44000244140625,116.4800033569336,116.4800033569336,469100
2021-11-15,116.87000274658203,118.51000213623047,110.58000183105469,111.06999969482422,111.06999969482422,503200
2021-11-16,110.93000030517578,116.29000091552734,108.76000213623047,115.98999786376953,115.98999786376953,425400
2021-11-17,115.16999816894531,118.37000274658203,112.11000061035156,115.98999786376953,115.98999786376953,494100
2021-11-18,117.2300033569336,119.66000366210938,111.66000366210938,112.1500015258789,112.1500015258789,494100
2021-11-19,111.7300033569336,114.81999969482422,109.79000091552734,110.62000274658203,110.62000274658203,717900
2021-11-22,101.12999725341797,105.37000274658203,95.30000305175781,98.16999816894531,98.16999816894531,2204500
2021-11-23,97.94999694824219,102.66999816894531,95.0999984741211,96.69000244140625,96.69000244140625,1393400
2021-11-24,95.29000091552734,97.30999755859375,92.04000091552734,95.80000305175781,95.80000305175781,706200
2021-11-26,95.44999694824219,97.63999938964844,93.37000274658203,94.98999786376953,94.98999786376953,281000
2021-11-29,97.0,98.37999725341797,92.08000183105469,94.70999908447266,94.70999908447266,521400
2021-11-30,94.23999786376953,99.73999786376953,92.37999725341797,95.5,95.5,593200
2021-12-01,96.1500015258789,97.69999694824219,86.86000061035156,87.05999755859375,87.05999755859375,635900
2021-12-02,87.05999755859375,93.29000091552734,86.9000015258789,91.06999969482422,91.06999969482422,538600
2021-12-03,91.16000366210938,92.5199966430664,80.01000213623047,81.13999938964844,81.13999938964844,1025600
2021-12-06,81.13999938964844,81.3499984741211,76.16999816894531,79.48999786376953,79.48999786376953,988200
2021-12-07,83.80999755859375,90.37999725341797,83.38999938964844,87.73999786376953,87.73999786376953,1071800
2021-12-08,88.43000030517578,91.69000244140625,82.0,90.12999725341797,90.12999725341797,589700
2021-12-09,90.62000274658203,92.22000122070312,82.69000244140625,82.9000015258789,82.9000015258789,670200
2021-12-10,83.8499984741211,86.80999755859375,82.5,83.0999984741211,83.0999984741211,642900
2021-12-13,82.94999694824219,86.55000305175781,81.19000244140625,85.48999786376953,85.48999786376953,705800
2021-12-14,82.7300033569336,85.54000091552734,81.41000366210938,84.16000366210938,84.16000366210938,573100
2021-12-15,84.23999786376953,89.98999786376953,82.4000015258789,89.41000366210938,89.41000366210938,1032900
2021-12-16,88.98999786376953,90.41999816894531,77.5,77.58000183105469,77.58000183105469,914300
2021-12-17,76.13999938964844,86.58999633789062,73.18000030517578,85.91999816894531,85.91999816894531,1512200
2021-12-20,84.22000122070312,84.22000122070312,79.58000183105469,81.73999786376953,81.73999786376953,599200
2021-12-21,82.8499984741211,86.27999877929688,81.56999969482422,86.12000274658203,86.12000274658203,442300
2021-12-22,85.08999633789062,88.4800033569336,83.70999908447266,85.8499984741211,85.8499984741211,418300
2021-12-23,86.51000213623047,86.51000213623047,82.80000305175781,84.5,84.5,372800
2021-12-27,84.08000183105469,84.5,79.0199966430664,80.2699966430664,80.2699966430664,642900
2021-12-28,80.70999908447266,82.31999969482422,75.2300033569336,76.43000030517578,76.43000030517578,688700
2021-12-29,75.62000274658203,76.70999908447266,73.91000366210938,75.47000122070312,75.47000122070312,459700
2021-12-30,76.0,80.38999938964844,75.0,78.58999633789062,78.58999633789062,534300
2021-12-31,78.41000366210938,80.73999786376953,76.8499984741211,77.38999938964844,77.38999938964844,479800
2022-01-03,77.5999984741211,83.36000061035156,76.41000366210938,83.2699966430664,83.2699966430664,651900
2022-01-04,83.48999786376953,84.62999725341797,74.66000366210938,77.1500015258789,77.1500015258789,679600
2022-01-05,76.58999633789062,79.86000061035156,71.18000030517578,71.80000305175781,71.80000305175781,761900
2022-01-06,71.69999694824219,75.9000015258789,69.01000213623047,72.63999938964844,72.63999938964844,693200
2022-01-07,73.18000030517578,77.26000213623047,66.61000061035156,66.73999786376953,66.73999786376953,935100
2022-01-10,65.62000274658203,66.88999938964844,62.310001373291016,66.4800033569336,66.4800033569336,1058300
2022-01-11,66.0999984741211,69.0,65.0,67.11000061035156,67.11000061035156,792000
2022-01-12,67.98999786376953,69.25,62.72999954223633,62.970001220703125,62.970001220703125,1136500
2022-01-13,63.599998474121094,63.599998474121094,58.7599983215332,59.40999984741211,59.40999984741211,1066300
2022-01-14,58.310001373291016,61.790000915527344,56.939998626708984,59.81999969482422,59.81999969482422,793700
2022-01-18,58.31999969482422,60.22999954223633,55.54999923706055,57.11000061035156,57.11000061035156,905000
2022-01-19,58.18000030517578,60.349998474121094,54.83000183105469,55.209999084472656,55.209999084472656,908400
2022-01-20,56.68000030517578,59.04999923706055,53.5099983215332,53.880001068115234,53.880001068115234,953900
2022-01-21,53.0,55.5099983215332,52.11000061035156,52.88999938964844,52.88999938964844,1081000
2022-01-24,51.209999084472656,56.15999984741211,48.630001068115234,55.869998931884766,55.869998931884766,1540300
2022-01-25,54.72999954223633,55.61000061035156,51.720001220703125,53.220001220703125,53.220001220703125,1238100
2022-01-26,54.97999954223633,59.08000183105469,51.4900016784668,52.2599983215332,52.2599983215332,825700
2022-01-27,53.720001220703125,56.0,51.06999969482422,51.34000015258789,51.34000015258789,846700
2022-01-28,51.68000030517578,53.40999984741211,49.209999084472656,52.18000030517578,52.18000030517578,1179800
2022-01-31,52.54999923706055,59.77000045776367,52.54999923706055,59.41999816894531,59.41999816894531,1159400
2022-02-01,60.52000045776367,63.16999816894531,56.790000915527344,62.349998474121094,62.349998474121094,951700
2022-02-02,62.43000030517578,63.84000015258789,58.939998626708984,61.43000030517578,61.43000030517578,665200
2022-02-03,59.34000015258789,61.209999084472656,58.36000061035156,60.970001220703125,60.970001220703125,1138200
2022-02-04,61.04999923706055,61.47999954223633,56.130001068115234,59.5,59.5,1191200
2022-02-07,58.47999954223633,66.1500015258789,58.47999954223633,60.33000183105469,60.33000183105469,890100
2022-02-08,59.459999084472656,62.0099983215332,57.720001220703125,61.58000183105469,61.58000183105469,845300
2022-02-09,62.2400016784668,65.0,61.77000045776367,64.61000061035156,64.61000061035156,601300
2022-02-10,60.9900016784668,65.12999725341797,59.5,61.63999938964844,61.63999938964844,1545800
2022-02-11,59.189998626708984,62.130001068115234,55.77000045776367,55.9900016784668,55.9900016784668,3457400
2022-02-14,56.38999938964844,58.25,54.189998626708984,55.2599983215332,55.2599983215332,1671300
2022-02-15,56.81999969482422,59.959999084472656,55.38999938964844,59.75,59.75,1291100
2022-02-16,59.20000076293945,59.849998474121094,57.11000061035156,58.439998626708984,58.439998626708984,735800
2022-02-17,57.7400016784668,58.279998779296875,54.79999923706055,55.2400016784668,55.2400016784668,622700
2022-02-18,54.900001525878906,55.70000076293945,52.560001373291016,53.209999084472656,53.209999084472656,724900
2022-02-22,52.65999984741211,54.369998931884766,51.2400016784668,52.130001068115234,52.130001068115234,645600
2022-02-23,52.9900016784668,53.459999084472656,49.060001373291016,49.119998931884766,49.119998931884766,722300
2022-02-24,47.08000183105469,53.689998626708984,46.0,53.59000015258789,53.59000015258789,1088300
2022-02-25,54.220001220703125,55.720001220703125,51.90999984741211,54.97999954223633,54.97999954223633,873800
2022-02-28,54.97999954223633,58.36000061035156,54.29999923706055,55.939998626708984,55.939998626708984,854800
2022-03-01,55.63999938964844,57.65999984741211,54.72999954223633,55.5,55.5,591000
2022-03-02,56.31999969482422,56.630001068115234,52.599998474121094,55.209999084472656,55.209999084472656,512500
2022-03-03,55.93000030517578,56.45000076293945,51.34000015258789,52.369998931884766,52.369998931884766,520100
2022-03-04,52.040000915527344,53.540000915527344,47.209999084472656,48.150001525878906,48.150001525878906,829300
2022-03-07,48.650001525878906,50.779998779296875,46.61000061035156,47.66999816894531,47.66999816894531,847000
2022-03-08,47.2599983215332,50.34000015258789,45.91999816894531,47.369998931884766,47.369998931884766,893600
2022-03-09,49.189998626708984,51.790000915527344,48.61000061035156,50.83000183105469,50.83000183105469,753100
2022-03-10,49.58000183105469,49.720001220703125,47.52000045776367,49.36000061035156,49.36000061035156,427500
2022-03-11,50.310001373291016,50.310001373291016,43.650001525878906,43.790000915527344,43.790000915527344,671700
2022-03-14,43.369998931884766,43.939998626708984,38.08000183105469,38.58000183105469,38.58000183105469,1112800
2022-03-15,38.939998626708984,41.90999984741211,38.47999954223633,40.40999984741211,40.40999984741211,843200
2022-03-16,41.65999984741211,45.91999816894531,41.099998474121094,45.83000183105469,45.83000183105469,1012000
2022-03-17,45.25,49.709999084472656,44.810001373291016,49.58000183105469,49.58000183105469,882600
2022-03-18,48.689998626708984,51.880001068115234,48.529998779296875,50.56999969482422,50.56999969482422,2507700
2022-03-21,49.25,50.540000915527344,46.06999969482422,47.119998931884766,47.119998931884766,755300
2022-03-22,46.83000183105469,50.2599983215332,46.529998779296875,49.2599983215332,49.2599983215332,633000
2022-03-23,48.540000915527344,50.560001373291016,46.560001373291016,46.97999954223633,46.97999954223633,553200
2022-03-24,47.279998779296875,47.7400016784668,43.4900016784668,47.52000045776367,47.52000045776367,571700
2022-03-25,47.79999923706055,47.810001373291016,44.45000076293945,45.40999984741211,45.40999984741211,540400
2022-03-28,45.5,47.720001220703125,44.189998626708984,47.04999923706055,47.04999923706055,609100
2022-03-29,48.369998931884766,52.650001525878906,48.369998931884766,51.09000015258789,51.09000015258789,982100
2022-03-30,50.27000045776367,51.619998931884766,49.0099983215332,50.25,50.25,1045600
2022-03-31,49.810001373291016,50.43000030517578,48.08000183105469,49.380001068115234,49.380001068115234,766500
2022-04-01,49.5,53.0,49.27000045776367,52.90999984741211,52.90999984741211,938300
2022-04-04,53.61000061035156,54.529998779296875,51.77000045776367,54.0,54.0,566100
2022-04-05,54.75,57.310001373291016,51.119998931884766,51.2599983215332,51.2599983215332,1244000
2022-04-06,49.810001373291016,49.91999816894531,46.77000045776367,48.81999969482422,48.81999969482422,664800
2022-04-07,48.369998931884766,49.70000076293945,46.380001068115234,48.29999923706055,48.29999923706055,414600
2022-04-08,48.29999923706055,48.79999923706055,45.20000076293945,45.95000076293945,45.95000076293945,522900
2022-04-11,44.9900016784668,45.65999984741211,43.34000015258789,43.95000076293945,43.95000076293945,647400
2022-04-12,45.470001220703125,48.400001525878906,43.68000030517578,44.91999816894531,44.91999816894531,674700
2022-04-13,44.84000015258789,46.540000915527344,44.5,45.150001525878906,45.150001525878906,596800
2022-04-14,45.099998474121094,46.29999923706055,42.04999923706055,42.59000015258789,42.59000015258789,668800
2022-04-18,42.5099983215332,42.56999969482422,40.38999938964844,40.720001220703125,40.720001220703125,489300
2022-04-19,40.4900016784668,42.95000076293945,40.02000045776367,41.68000030517578,41.68000030517578,494500
2022-04-20,42.220001220703125,42.220001220703125,39.650001525878906,39.689998626708984,39.689998626708984,566100
2022-04-21,40.060001373291016,41.68000030517578,34.86000061035156,35.41999816894531,35.41999816894531,1118000
2022-04-22,35.06999969482422,36.220001220703125,34.040000915527344,34.209999084472656,34.209999084472656,811400
2022-04-25,33.9900016784668,35.20000076293945,33.310001373291016,34.22999954223633,34.22999954223633,1211300
2022-04-26,34.0099983215332,34.63999938964844,31.229999542236328,31.290000915527344,31.290000915527344,1047100
2022-04-27,30.940000534057617,32.400001525878906,30.149999618530273,30.219999313354492,30.219999313354492,886200
2022-04-28,30.5,31.43000030517578,28.3799991607666,30.200000762939453,30.200000762939453,1173500
2022-04-29,30.1200008392334,31.6299991607666,28.700000762939453,28.84000015258789,28.84000015258789,872600
2022-05-02,28.81999969482422,31.34000015258789,28.209999084472656,31.34000015258789,31.34000015258789,1164900
2022-05-03,31.18000030517578,32.91999816894531,30.790000915527344,31.920000076293945,31.920000076293945,992100
2022-05-04,31.84000015258789,35.09000015258789,30.579999923706055,34.849998474121094,34.849998474121094,1397600
2022-05-05,34.13999938964844,34.29999923706055,30.360000610351562,31.139999389648438,31.139999389648438,1378000
2022-05-06,31.56999969482422,31.670000076293945,28.809999465942383,31.389999389648438,31.389999389648438,1402900
2022-05-09,29.950000762939453,30.600000381469727,27.690000534057617,28.329999923706055,28.329999923706055,1930000
2022-05-10,30.850000381469727,31.420000076293945,26.799999237060547,29.18000030517578,29.18000030517578,1431200
2022-05-11,28.520000457763672,29.700000762939453,26.219999313354492,26.6200008392334,26.6200008392334,1363400
2022-05-12,26.110000610351562,30.6200008392334,25.8799991607666,29.489999771118164,29.489999771118164,1848900
2022-05-13,30.899999618530273,35.5,30.770000457763672,34.290000915527344,34.290000915527344,3051200
2022-05-16,34.84000015258789,35.849998474121094,32.11000061035156,32.29999923706055,32.29999923706055,1237600
2022-05-17,33.880001068115234,34.150001525878906,32.04999923706055,33.90999984741211,33.90999984741211,932500
2022-05-18,32.61000061035156,34.65999984741211,32.529998779296875,34.279998779296875,34.279998779296875,2052500
2022-05-19,34.209999084472656,38.939998626708984,34.060001373291016,37.45000076293945,37.45000076293945,1106100
2022-05-20,37.689998626708984,38.380001068115234,34.29999923706055,36.9900016784668,36.9900016784668,919500
2022-05-23,37.0099983215332,37.88999938964844,35.470001220703125,37.41999816894531,37.41999816894531,1128200
2022-05-24,36.11000061035156,37.119998931884766,34.0099983215332,34.939998626708984,34.939998626708984,1069000
2022-05-25,34.650001525878906,36.0,33.880001068115234,35.16999816894531,35.16999816894531,872200
2022-05-26,35.16999816894531,36.58000183105469,34.58000183105469,34.720001220703125,34.720001220703125,984400
2022-05-27,35.5099983215332,36.779998779296875,34.790000915527344,35.95000076293945,35.95000076293945,1178000
2022-05-31,35.56999969482422,36.45000076293945,32.869998931884766,34.040000915527344,34.040000915527344,1187700
2022-06-01,34.099998474121094,34.81999969482422,30.31999969482422,30.920000076293945,30.920000076293945,979100
2022-06-02,31.0,32.599998474121094,30.18000030517578,31.8799991607666,31.8799991607666,1923900
2022-06-03,30.829999923706055,31.309999465942383,29.780000686645508,30.459999084472656,30.459999084472656,1332400
2022-06-06,31.25,32.029998779296875,29.399999618530273,30.06999969482422,30.06999969482422,941600
2022-06-07,29.479999542236328,31.100000381469727,29.15999984741211,30.790000915527344,30.790000915527344,1203000
2022-06-08,30.8799991607666,33.16999816894531,30.729999542236328,31.540000915527344,31.540000915527344,1473300
2022-06-09,30.950000762939453,31.40999984741211,28.510000228881836,28.799999237060547,28.799999237060547,1362300
2022-06-10,27.530000686645508,28.270000457763672,25.829999923706055,26.780000686645508,26.780000686645508,924100
2022-06-13,25.209999084472656,27.170000076293945,25.209999084472656,26.200000762939453,26.200000762939453,1395000
2022-06-14,26.3700008392334,27.530000686645508,25.06999969482422,27.459999084472656,27.459999084472656,1252500
2022-06-15,28.06999969482422,30.75,27.850000381469727,29.93000030517578,29.93000030517578,1363000
2022-06-16,28.399999618530273,30.1200008392334,28.190000534057617,29.84000015258789,29.84000015258789,1179700
2022-06-17,30.559999465942383,32.349998474121094,30.530000686645508,31.15999984741211,31.15999984741211,2856000
2022-06-21,31.950000762939453,33.880001068115234,31.950000762939453,32.4900016784668,32.4900016784668,1214900
2022-06-22,31.520000457763672,34.720001220703125,31.360000610351562,33.560001373291016,33.560001373291016,1229800
2022-06-23,33.5099983215332,38.16999816894531,33.33000183105469,38.11000061035156,38.11000061035156,1607700
2022-06-24,38.689998626708984,41.29999923706055,38.0099983215332,41.04999923706055,41.04999923706055,2575200
2022-06-27,40.9900016784668,41.619998931884766,38.279998779296875,39.34000015258789,39.34000015258789,1184300
2022-06-28,39.09000015258789,39.900001525878906,35.77000045776367,36.06999969482422,36.06999969482422,1263800
2022-06-29,35.540000915527344,35.68000030517578,34.13999938964844,34.77000045776367,34.77000045776367,814900
2022-06-30,33.880001068115234,35.81999969482422,33.0,34.959999084472656,34.959999084472656,838900
2022-07-01,35.279998779296875,37.25,35.13999938964844,37.08000183105469,37.08000183105469,911400
2022-07-05,36.790000915527344,41.20000076293945,35.86000061035156,41.09000015258789,41.09000015258789,1406100
2022-07-06,41.08000183105469,42.560001373291016,39.810001373291016,40.689998626708984,40.689998626708984,1098000
2022-07-07,40.41999816894531,43.88999938964844,40.040000915527344,43.25,43.25,927400
2022-07-08,42.2599983215332,44.43000030517578,41.779998779296875,42.27000045776367,42.27000045776367,640200
2022-07-11,41.43000030517578,42.20000076293945,38.34000015258789,38.56999969482422,38.56999969482422,785300
2022-07-12,38.84000015258789,41.119998931884766,37.38999938964844,40.619998931884766,40.619998931884766,746600
2022-07-13,39.790000915527344,42.689998626708984,38.88999938964844,42.40999984741211,42.40999984741211,1454500
2022-07-14,42.25,42.689998626708984,37.13999938964844,41.02000045776367,41.02000045776367,1985500
2022-07-15,41.79999923706055,42.630001068115234,38.7400016784668,42.5,42.5,1474300
2022-07-18,43.04999923706055,44.86000061035156,39.97999954223633,40.400001525878906,40.400001525878906,1109500
2022-07-19,41.06999969482422,43.47999954223633,39.59000015258789,43.459999084472656,43.459999084472656,867600
2022-07-20,43.720001220703125,47.38999938964844,43.720001220703125,46.34000015258789,46.34000015258789,958800
2022-07-21,46.4900016784668,49.369998931884766,45.95000076293945,47.7400016784668,47.7400016784668,798900
2022-07-22,48.04999923706055,48.04999923706055,43.150001525878906,43.52000045776367,43.52000045776367,1011700
2022-07-25,43.189998626708984,43.630001068115234,41.40999984741211,42.029998779296875,42.029998779296875,857300
2022-07-26,41.459999084472656,42.099998474121094,40.470001220703125,40.88999938964844,40.88999938964844,898000
2022-07-27,41.720001220703125,43.27000045776367,40.84000015258789,42.97999954223633,42.97999954223633,819400
2022-07-28,43.369998931884766,44.0,40.689998626708984,43.939998626708984,43.939998626708984,896100
2022-07-29,43.400001525878906,44.08000183105469,41.68000030517578,43.7400016784668,43.7400016784668,743600
2022-08-01,43.15999984741211,46.869998931884766,42.59000015258789,44.61000061035156,44.61000061035156,898600
2022-08-02,43.619998931884766,46.15999984741211,43.599998474121094,44.93000030517578,44.93000030517578,567700
2022-08-03,45.439998626708984,47.22999954223633,45.0099983215332,46.0099983215332,46.0099983215332,659300
2022-08-04,46.279998779296875,47.900001525878906,46.04999923706055,46.83000183105469,46.83000183105469,1242600
2022-08-05,49.0,53.08000183105469,47.029998779296875,52.77000045776367,52.77000045776367,1934300
2022-08-08,53.369998931884766,58.7599983215332,52.08000183105469,56.560001373291016,56.560001373291016,2191300
2022-08-09,54.4900016784668,54.86000061035156,48.439998626708984,48.529998779296875,48.529998779296875,1623100
2022-08-10,51.52000045776367,52.9900016784668,49.11000061035156,52.63999938964844,52.63999938964844,1297400
2022-08-11,53.11000061035156,57.400001525878906,48.52000045776367,49.08000183105469,49.08000183105469,1266700
2022-08-12,49.619998931884766,53.150001525878906,48.5099983215332,52.970001220703125,52.970001220703125,891800
2022-08-15,52.18000030517578,54.0,51.08000183105469,53.90999984741211,53.90999984741211,722000
2022-08-16,53.7599983215332,53.88999938964844,49.33000183105469,51.06999969482422,51.06999969482422,822900
2022-08-17,49.31999969482422,50.310001373291016,47.4900016784668,48.290000915527344,48.290000915527344,748800
2022-08-18,48.59000015258789,48.59000015258789,45.720001220703125,46.9900016784668,46.9900016784668,547200
2022-08-19,45.849998474121094,46.29999923706055,42.459999084472656,42.810001373291016,42.810001373291016,801800
2022-08-22,41.939998626708984,43.34000015258789,39.349998474121094,39.5,39.5,994300
2022-08-23,40.130001068115234,41.900001525878906,39.04999923706055,41.689998626708984,41.689998626708984,956000
2022-08-24,41.5,44.38999938964844,41.0,43.91999816894531,43.91999816894531,771500
2022-08-25,44.959999084472656,46.54999923706055,43.77000045776367,46.34000015258789,46.34000015258789,954700
2022-08-26,46.099998474121094,46.689998626708984,42.4900016784668,43.099998474121094,43.099998474121094,1328000
2022-08-29,41.68000030517578,43.380001068115234,40.0099983215332,40.22999954223633,40.22999954223633,692900
2022-08-30,41.220001220703125,41.81999969482422,38.599998474121094,39.58000183105469,39.58000183105469,610400
2022-08-31,41.09000015258789,41.779998779296875,39.52000045776367,40.119998931884766,40.119998931884766,586000
2022-09-01,39.36000061035156,40.61000061035156,37.54999923706055,40.459999084472656,40.459999084472656,778300
2022-09-02,41.41999816894531,41.810001373291016,38.15999984741211,38.77000045776367,38.77000045776367,924400
2022-09-06,38.540000915527344,38.939998626708984,36.58000183105469,38.11000061035156,38.11000061035156,670000
2022-09-07,38.380001068115234,40.38999938964844,38.09000015258789,40.02000045776367,40.02000045776367,1322300
2022-09-08,39.0099983215332,42.0,38.2599983215332,41.9900016784668,41.9900016784668,608700
2022-09-09,42.65999984741211,44.58000183105469,42.0,44.040000915527344,44.040000915527344,542900
2022-09-12,44.06999969482422,44.470001220703125,42.029998779296875,44.279998779296875,44.279998779296875,723100
2022-09-13,41.279998779296875,41.47999954223633,39.34000015258789,39.65999984741211,39.65999984741211,1409400
2022-09-14,39.689998626708984,40.09000015258789,38.0,39.54999923706055,39.54999923706055,984600
2022-09-15,39.47999954223633,41.869998931884766,39.27000045776367,40.43000030517578,40.43000030517578,939800
2022-09-16,39.33000183105469,39.36000061035156,36.720001220703125,37.58000183105469,37.58000183105469,2446500
2022-09-19,37.560001373291016,38.06999969482422,36.209999084472656,38.029998779296875,38.029998779296875,559600
2022-09-20,37.16999816894531,38.189998626708984,36.72999954223633,37.11000061035156,37.11000061035156,428000
2022-09-21,37.25,38.52000045776367,35.93000030517578,36.380001068115234,36.380001068115234,737100
2022-09-22,35.970001220703125,35.97999954223633,33.45000076293945,33.63999938964844,33.63999938964844,1050700
2022-09-23,32.81999969482422,34.22999954223633,32.130001068115234,33.439998626708984,33.439998626708984,1018100
2022-09-26,33.369998931884766,35.65999984741211,33.209999084472656,33.86000061035156,33.86000061035156,733800
2022-09-27,35.279998779296875,35.59000015258789,33.63999938964844,34.599998474121094,34.599998474121094,675400
2022-09-28,35.20000076293945,38.380001068115234,35.20000076293945,37.790000915527344,37.790000915527344,1125300
2022-09-29,37.09000015258789,37.45000076293945,35.029998779296875,35.779998779296875,35.779998779296875,744400
2022-09-30,35.81999969482422,38.150001525878906,35.18000030517578,35.2400016784668,35.2400016784668,734200
2022-10-03,36.13999938964844,36.45000076293945,34.70000076293945,36.08000183105469,36.08000183105469,676100
2022-10-04,37.41999816894531,39.380001068115234,37.41999816894531,39.2599983215332,39.2599983215332,814200
2022-10-05,38.0099983215332,38.939998626708984,35.63999938964844,38.5099983215332,38.5099983215332,821100
2022-10-06,38.41999816894531,39.75,37.90999984741211,39.11000061035156,39.11000061035156,576600
2022-10-07,37.529998779296875,37.529998779296875,32.279998779296875,32.65999984741211,32.65999984741211,1592300
2022-10-10,32.2400016784668,32.47999954223633,30.549999237060547,30.639999389648438,30.639999389648438,1911800
2022-10-11,30.8799991607666,31.799999237060547,29.229999542236328,30.329999923706055,30.329999923706055,1522400
2022-10-12,30.6299991607666,30.940000534057617,29.190000534057617,30.459999084472656,30.459999084472656,948700
2022-10-13,28.670000076293945,31.059999465942383,28.06999969482422,30.440000534057617,30.440000534057617,704900
2022-10-14,31.139999389648438,32.36000061035156,28.540000915527344,28.639999389648438,28.639999389648438,649100
2022-10-17,29.8700008392334,31.540000915527344,29.68000030517578,31.389999389648438,31.389999389648438,909800
2022-10-18,32.72999954223633,33.93000030517578,31.56999969482422,32.279998779296875,32.279998779296875,714700
2022-10-19,31.489999771118164,31.90999984741211,29.790000915527344,30.280000686645508,30.280000686645508,719600
2022-10-20,30.270000457763672,31.450000762939453,28.579999923706055,28.860000610351562,28.860000610351562,691900
2022-10-21,28.940000534057617,29.739999771118164,27.93000030517578,29.350000381469727,29.350000381469727,731400
2022-10-24,29.100000381469727,29.229999542236328,27.809999465942383,29.079999923706055,29.079999923706055,530800
2022-10-25,29.549999237060547,31.600000381469727,29.549999237060547,31.219999313354492,31.219999313354492,799400
2022-10-26,30.899999618530273,35.36000061035156,30.610000610351562,33.36000061035156,33.36000061035156,1100400
2022-10-27,34.20000076293945,34.349998474121094,32.08000183105469,33.470001220703125,33.470001220703125,991700
2022-10-28,33.29999923706055,34.720001220703125,32.81999969482422,33.380001068115234,33.380001068115234,1173000
2022-10-31,32.720001220703125,33.63999938964844,32.41999816894531,32.83000183105469,32.83000183105469,927100
2022-11-01,34.0099983215332,34.47999954223633,32.81999969482422,33.77000045776367,33.77000045776367,765400
2022-11-02,33.630001068115234,35.5,32.34000015258789,32.56999969482422,32.56999969482422,943500
2022-11-03,31.559999465942383,34.02000045776367,30.799999237060547,32.54999923706055,32.54999923706055,877000
2022-11-04,33.779998779296875,34.459999084472656,31.579999923706055,32.5,32.5,875000
2022-11-07,32.91999816894531,32.95000076293945,29.760000228881836,30.610000610351562,30.610000610351562,821900
2022-11-08,31.06999969482422,31.989999771118164,29.6200008392334,31.110000610351562,31.110000610351562,711400
2022-11-09,30.690000534057617,30.709999084472656,28.34000015258789,28.420000076293945,28.420000076293945,948900
2022-11-10,31.0,34.0,30.760000228881836,33.900001525878906,33.900001525878906,1664400
2022-11-11,33.310001373291016,40.5,33.20000076293945,39.369998931884766,39.369998931884766,2352700
2022-11-14,38.790000915527344,39.93000030517578,37.90999984741211,38.0,38.0,1395700
2022-11-15,28.760000228881836,31.850000381469727,25.299999237060547,30.43000030517578,30.43000030517578,7568500
2022-11-16,29.799999237060547,30.1299991607666,26.65999984741211,28.290000915527344,28.290000915527344,2768400
2022-11-17,27.459999084472656,27.809999465942383,23.899999618530273,25.399999618530273,25.399999618530273,3466600
2022-11-18,28.700000762939453,29.5,24.290000915527344,24.809999465942383,24.809999465942383,3541500
2022-11-21,24.899999618530273,26.190000534057617,24.360000610351562,25.610000610351562,25.610000610351562,1289900
2022-11-22,25.799999237060547,25.799999237060547,24.6200008392334,25.209999084472656,25.209999084472656,1098100
2022-11-23,25.200000762939453,25.979999542236328,25.010000228881836,25.530000686645508,25.530000686645508,894400
2022-11-25,25.010000228881836,25.5,24.6200008392334,25.440000534057617,25.440000534057617,408500
2022-11-28,25.239999771118164,25.81999969482422,24.540000915527344,25.040000915527344,25.040000915527344,813900
2022-11-29,25.280000686645508,25.979999542236328,24.420000076293945,24.600000381469727,24.600000381469727,922100
2022-11-30,24.8700008392334,27.459999084472656,24.860000610351562,27.350000381469727,27.350000381469727,1702200
2022-12-01,27.450000762939453,29.1200008392334,27.040000915527344,27.860000610351562,27.860000610351562,1144200
2022-12-02,26.979999542236328,28.719999313354492,26.329999923706055,28.5,28.5,724200
2022-12-05,28.209999084472656,28.739999771118164,27.459999084472656,27.739999771118164,27.739999771118164,1209000
2022-12-06,27.690000534057617,27.690000534057617,25.489999771118164,25.889999389648438,25.889999389648438,992800
2022-12-07,26.030000686645508,26.760000228881836,25.15999984741211,25.31999969482422,25.31999969482422,599200
2022-12-08,25.729999542236328,26.6299991607666,24.559999465942383,26.329999923706055,26.329999923706055,622700
2022-12-09,26.049999237060547,26.549999237060547,24.389999389648438,24.420000076293945,24.420000076293945,766800
2022-12-12,24.459999084472656,25.979999542236328,24.06999969482422,25.56999969482422,25.56999969482422,1419600
2022-12-13,27.540000915527344,29.90999984741211,25.780000686645508,26.459999084472656,26.459999084472656,1797000
2022-12-14,26.5,27.5,26.049999237060547,26.489999771118164,26.489999771118164,813000
2022-12-15,26.06999969482422,26.579999923706055,25.280000686645508,25.3799991607666,25.3799991607666,1022500
2022-12-16,24.860000610351562,25.399999618530273,23.81999969482422,25.25,25.25,3314900
2022-12-19,24.920000076293945,24.920000076293945,23.440000534057617,23.790000915527344,23.790000915527344,1573100
2022-12-20,23.530000686645508,24.100000381469727,23.1200008392334,23.6299991607666,23.6299991607666,810200
2022-12-21,23.90999984741211,24.940000534057617,23.399999618530273,24.170000076293945,24.170000076293945,774000
2022-12-22,23.600000381469727,23.729999542236328,21.84000015258789,23.540000915527344,23.540000915527344,1068000
2022-12-23,23.399999618530273,23.59000015258789,22.709999084472656,23.190000534057617,23.190000534057617,631500
2022-12-27,22.719999313354492,22.989999771118164,21.780000686645508,21.93000030517578,21.93000030517578,681800
2022-12-28,22.200000762939453,22.950000762939453,21.81999969482422,21.920000076293945,21.920000076293945,571100
2022-12-29,22.299999237060547,24.110000610351562,22.020000457763672,23.440000534057617,23.440000534057617,972500
2022-12-30,22.399999618530273,23.889999389648438,22.010000228881836,23.809999465942383,23.809999465942383,935100
2023-01-03,25.489999771118164,25.780000686645508,23.06999969482422,23.809999465942383,23.809999465942383,861800
2023-01-04,24.049999237060547,25.479999542236328,23.75,25.40999984741211,25.40999984741211,749900
2023-01-05,25.579999923706055,25.6299991607666,24.510000228881836,25.290000915527344,25.290000915527344,612200
2023-01-06,25.170000076293945,25.700000762939453,24.110000610351562,25.399999618530273,25.399999618530273,566300
2023-01-09,25.969999313354492,26.030000686645508,23.93000030517578,24.649999618530273,24.649999618530273,1160100
2023-01-10,24.579999923706055,26.469999313354492,24.579999923706055,26.0,26.0,838700
2023-01-11,26.200000762939453,26.850000381469727,25.530000686645508,26.719999313354492,26.719999313354492,894600
2023-01-12,27.020000457763672,27.020000457763672,25.639999389648438,26.559999465942383,26.559999465942383,866800
2023-01-13,25.979999542236328,26.59000015258789,25.3799991607666,25.959999084472656,25.959999084472656,854800
2023-01-17,25.920000076293945,26.920000076293945,25.15999984741211,26.8799991607666,26.8799991607666,891500
2023-01-18,27.559999465942383,28.6200008392334,27.110000610351562,27.43000030517578,27.43000030517578,1141800
2023-01-19,26.829999923706055,27.139999389648438,24.670000076293945,25.75,25.75,903900
2023-01-20,26.3799991607666,27.489999771118164,25.1200008392334,27.030000686645508,27.030000686645508,997200
2023-01-23,27.229999542236328,29.479999542236328,26.18000030517578,28.739999771118164,28.739999771118164,1325900
2023-01-24,28.270000457763672,29.18000030517578,27.760000228881836,28.739999771118164,28.739999771118164,822600
2023-01-25,27.799999237060547,28.200000762939453,26.559999465942383,27.979999542236328,27.979999542236328,663500
2023-01-26,29.09000015258789,29.450000762939453,26.989999771118164,27.959999084472656,27.959999084472656,914200
2023-01-27,27.6200008392334,29.440000534057617,27.40999984741211,29.149999618530273,29.149999618530273,741300
2023-01-30,28.5,28.850000381469727,27.520000457763672,28.25,28.25,859400
2023-01-31,28.3700008392334,29.209999084472656,27.81999969482422,28.690000534057617,28.690000534057617,948900
2023-02-01,29.020000457763672,29.579999923706055,27.25,29.079999923706055,29.079999923706055,1480100
2023-02-02,29.950000762939453,31.510000228881836,29.459999084472656,30.899999618530273,30.899999618530273,2510800
2023-02-03,25.649999618530273,26.18000030517578,23.809999465942383,25.309999465942383,25.309999465942383,3284800
2023-02-06,25.93000030517578,25.93000030517578,23.3799991607666,23.729999542236328,23.729999542236328,1861700
2023-02-07,23.799999237060547,26.200000762939453,23.3799991607666,26.18000030517578,26.18000030517578,1962300
2023-02-08,26.06999969482422,27.40999984741211,25.950000762939453,26.200000762939453,26.200000762939453,1388500
2023-02-09,26.610000610351562,26.8799991607666,24.6299991607666,24.670000076293945,24.670000076293945,1092200
2023-02-10,24.399999618530273,24.469999313354492,23.170000076293945,23.700000762939453,23.700000762939453,1101000
2023-02-13,23.889999389648438,24.899999618530273,23.559999465942383,23.950000762939453,23.950000762939453,935800
2023-02-14,23.459999084472656,24.780000686645508,22.799999237060547,24.270000457763672,24.270000457763672,968200
2023-02-15,24.139999389648438,24.549999237060547,23.559999465942383,24.1299991607666,24.1299991607666,3145300
2023-02-16,23.270000457763672,23.8700008392334,22.350000381469727,22.809999465942383,22.809999465942383,970700
2023-02-17,22.739999771118164,22.739999771118164,21.440000534057617,22.520000457763672,22.520000457763672,1053500
2023-02-21,21.850000381469727,21.8700008392334,20.31999969482422,20.530000686645508,20.530000686645508,1261600
2023-02-22,20.600000381469727,20.959999084472656,20.270000457763672,20.829999923706055,20.829999923706055,871100
2023-02-23,21.15999984741211,21.350000381469727,19.190000534057617,20.110000610351562,20.110000610351562,1333000
2023-02-24,19.649999618530273,19.799999237060547,18.969999313354492,19.18000030517578,19.18000030517578,1421900
2023-02-27,19.549999237060547,19.68000030517578,18.950000762939453,19.389999389648438,19.389999389648438,874400
2023-02-28,19.309999465942383,19.770000457763672,19.1200008392334,19.459999084472656,19.459999084472656,1105400
2023-03-01,19.43000030517578,19.489999771118164,18.18000030517578,18.299999237060547,18.299999237060547,1006900
2023-03-02,18.059999465942383,19.200000762939453,17.719999313354492,18.899999618530273,18.899999618530273,1091600
2023-03-03,19.18000030517578,19.649999618530273,19.010000228881836,19.440000534057617,19.440000534057617,891000
2023-03-06,19.639999389648438,19.639999389648438,18.610000610351562,18.84000015258789,18.84000015258789,677900
2023-03-07,18.799999237060547,18.8799991607666,18.219999313354492,18.510000228881836,18.510000228881836,770900
2023-03-08,18.31999969482422,18.440000534057617,17.709999084472656,18.079999923706055,18.079999923706055,881600
2023-03-09,18.149999618530273,18.3700008392334,16.90999984741211,17.15999984741211,17.15999984741211,978600
2023-03-10,17.149999618530273,17.219999313354492,14.979999542236328,15.779999732971191,15.779999732971191,2800400
2023-03-13,15.649999618530273,17.270000457763672,15.369999885559082,16.829999923706055,16.829999923706055,2130400
2023-03-14,17.510000228881836,17.739999771118164,16.459999084472656,16.860000610351562,16.860000610351562,1349600
2023-03-15,16.549999237060547,17.110000610351562,16.459999084472656,16.940000534057617,16.940000534057617,1285100
2023-03-16,16.829999923706055,17.09000015258789,16.280000686645508,16.780000686645508,16.780000686645508,1035800
2023-03-17,16.700000762939453,16.760000228881836,15.899999618530273,16.510000228881836,16.510000228881836,4054400
2023-03-20,16.290000915527344,16.56999969482422,15.960000038146973,16.520000457763672,16.520000457763672,1175100
2023-03-21,16.68000030517578,17.40999984741211,16.420000076293945,17.049999237060547,17.049999237060547,925900
2023-03-22,17.079999923706055,17.299999237060547,15.800000190734863,15.819999694824219,15.819999694824219,1203200
2023-03-23,16.1200008392334,16.770000457763672,15.579999923706055,15.979999542236328,15.979999542236328,889400
2023-03-24,15.699999809265137,16.399999618530273,15.529999732971191,16.18000030517578,16.18000030517578,955600
2023-03-27,16.43000030517578,16.860000610351562,16.15999984741211,16.280000686645508,16.280000686645508,758700
2023-03-28,16.040000915527344,16.260000228881836,14.569999694824219,14.600000381469727,14.600000381469727,2010100
2023-03-29,14.9399995803833,15.229999542236328,14.520000457763672,15.119999885559082,15.119999885559082,1729000
2023-03-30,15.479999542236328,15.84000015258789,14.699999809265137,14.729999542236328,14.729999542236328,1077500
2023-03-31,15.100000381469727,15.5,14.8100004196167,15.079999923706055,15.079999923706055,1427600
2023-04-03,14.979999542236328,15.020000457763672,13.829999923706055,14.09000015258789,14.09000015258789,1962000
2023-04-04,14.170000076293945,14.220000267028809,13.470000267028809,13.770000457763672,13.770000457763672,1389500
2023-04-05,13.5600004196167,13.619999885559082,13.109999656677246,13.380000114440918,13.380000114440918,1797000
2023-04-06,13.380000114440918,14.029999732971191,13.109999656677246,13.8100004196167,13.8100004196167,1185400
2023-04-10,13.630000114440918,13.920000076293945,13.40999984741211,13.640000343322754,13.640000343322754,861500
2023-04-11,13.789999961853027,14.069999694824219,13.199999809265137,13.609999656677246,13.609999656677246,943600
2023-04-12,13.930000305175781,14.069999694824219,12.65999984741211,12.720000267028809,12.720000267028809,1116700
2023-04-13,12.90999984741211,14.0600004196167,12.800000190734863,13.949999809265137,13.949999809265137,1787000
2023-04-14,13.960000038146973,14.199999809265137,13.619999885559082,13.970000267028809,13.970000267028809,1186000
2023-04-17,13.989999771118164,14.760000228881836,13.739999771118164,14.699999809265137,14.699999809265137,1209000
2023-04-18,14.800000190734863,14.8100004196167,14.029999732971191,14.369999885559082,14.369999885559082,1299600
2023-04-19,13.949999809265137,14.600000381469727,13.84000015258789,14.399999618530273,14.399999618530273,928100
2023-04-20,14.109999656677246,14.199999809265137,13.449999809265137,13.520000457763672,13.520000457763672,1417900
2023-04-21,13.5,13.819999694824219,13.460000038146973,13.75,13.75,1096400
2023-04-24,13.720000267028809,13.739999771118164,13.270000457763672,13.630000114440918,13.630000114440918,1123900
2023-04-25,13.59000015258789,13.59000015258789,12.720000267028809,12.779999732971191,12.779999732971191,1426500
2023-04-26,12.84000015258789,12.890000343322754,12.479999542236328,12.5600004196167,12.5600004196167,1092600
2023-04-27,12.75,12.890000343322754,12.239999771118164,12.380000114440918,12.380000114440918,1323700
2023-04-28,12.380000114440918,12.760000228881836,12.170000076293945,12.479999542236328,12.479999542236328,950800
2023-05-01,12.569999694824219,12.600000381469727,12.210000038146973,12.369999885559082,12.369999885559082,886000
2023-05-02,12.369999885559082,12.369999885559082,11.460000038146973,11.489999771118164,11.489999771118164,1732600
2023-05-03,11.640000343322754,12.729999542236328,11.529999732971191,12.260000228881836,12.260000228881836,2175200
2023-05-04,12.260000228881836,13.210000038146973,12.09000015258789,12.9399995803833,12.9399995803833,2295300
2023-05-05,12.5,13.1899995803833,11.920000076293945,12.890000343322754,12.890000343322754,3420400
2023-05-08,12.90999984741211,13.680000305175781,12.800000190734863,13.399999618530273,13.399999618530273,1909900
2023-05-09,13.199999809265137,13.699999809265137,12.649999618530273,13.520000457763672,13.520000457763672,1587200
2023-05-10,13.829999923706055,14.270000457763672,13.020000457763672,13.210000038146973,13.210000038146973,1521000
2023-05-11,13.199999809265137,13.199999809265137,12.510000228881836,12.699999809265137,12.699999809265137,1141100
2023-05-12,12.760000228881836,12.760000228881836,11.8100004196167,11.949999809265137,11.949999809265137,1251000
2023-05-15,12.279999732971191,13.920000076293945,12.170000076293945,13.479999542236328,13.479999542236328,1827900
2023-05-16,13.149999618530273,13.15999984741211,12.300000190734863,12.90999984741211,12.90999984741211,1581100
2023-05-17,13.0,13.130000114440918,12.6899995803833,12.979999542236328,12.979999542236328,1032100
2023-05-18,12.970000267028809,13.180000305175781,12.619999885559082,13.109999656677246,13.109999656677246,913400
2023-05-19,13.319999694824219,13.329999923706055,12.619999885559082,13.029999732971191,13.029999732971191,842100
2023-05-22,13.140000343322754,15.289999961853027,13.109999656677246,14.930000305175781,14.930000305175781,1699600
2023-05-23,14.970000267028809,16.760000228881836,14.859999656677246,14.920000076293945,14.920000076293945,2596500
2023-05-24,14.619999885559082,14.770000457763672,13.579999923706055,14.239999771118164,14.239999771118164,1266800
2023-05-25,15.0,15.25,14.449999809265137,14.960000038146973,14.960000038146973,1979100
2023-05-26,14.90999984741211,15.25,14.199999809265137,14.40999984741211,14.40999984741211,1028600
2023-05-30,14.680000305175781,15.829999923706055,14.670000076293945,15.1899995803833,15.1899995803833,1022200
2023-05-31,15.130000114440918,15.670000076293945,14.289999961853027,15.149999618530273,15.149999618530273,1173600
2023-06-01,15.15999984741211,16.3799991607666,14.75,16.010000228881836,16.010000228881836,966600
2023-06-02,16.450000762939453,16.579999923706055,15.550000190734863,16.309999465942383,16.309999465942383,976700
2023-06-05,16.329999923706055,16.729999542236328,15.789999961853027,16.190000534057617,16.190000534057617,836300
2023-06-06,16.059999465942383,17.110000610351562,15.859999656677246,16.979999542236328,16.979999542236328,1231900
2023-06-07,17.059999465942383,17.670000076293945,16.530000686645508,16.670000076293945,16.670000076293945,1332900
2023-06-08,16.649999618530273,17.219999313354492,16.270000457763672,17.15999984741211,17.15999984741211,1657700
2023-06-09,17.489999771118164,17.739999771118164,16.670000076293945,17.350000381469727,17.350000381469727,1111200
2023-06-12,17.530000686645508,18.93000030517578,17.43000030517578,18.3799991607666,18.3799991607666,1642800
2023-06-13,18.600000381469727,19.100000381469727,18.34000015258789,18.549999237060547,18.549999237060547,1313700
2023-06-14,18.610000610351562,18.950000762939453,17.969999313354492,18.450000762939453,18.450000762939453,1260300
2023-06-15,18.200000762939453,18.809999465942383,18.049999237060547,18.610000610351562,18.610000610351562,902200
2023-06-16,18.920000076293945,18.920000076293945,18.1299991607666,18.309999465942383,18.309999465942383,1826500
2023-06-20,18.110000610351562,18.329999923706055,17.700000762939453,18.239999771118164,18.239999771118164,962800
2023-06-21,18.059999465942383,18.299999237060547,17.520000457763672,17.84000015258789,17.84000015258789,1056000
2023-06-22,17.65999984741211,17.860000610351562,17.139999389648438,17.719999313354492,17.719999313354492,786800
2023-06-23,17.40999984741211,17.540000915527344,16.959999084472656,17.280000686645508,17.280000686645508,2442400
2023-06-26,17.280000686645508,17.809999465942383,17.149999618530273,17.6200008392334,17.6200008392334,648700
2023-06-27,17.690000534057617,18.350000381469727,17.25,18.280000686645508,18.280000686645508,857900
2023-06-28,18.25,19.299999237060547,17.600000381469727,19.270000457763672,19.270000457763672,1537600
2023-06-29,19.299999237060547,20.549999237060547,18.920000076293945,19.559999465942383,19.559999465942383,1678600
2023-06-30,20.020000457763672,21.1299991607666,19.760000228881836,20.459999084472656,20.459999084472656,1538300
2023-07-03,20.479999542236328,20.860000610351562,19.850000381469727,19.850000381469727,19.850000381469727,625100
2023-07-05,19.81999969482422,20.110000610351562,19.34000015258789,19.649999618530273,19.649999618530273,646800
2023-07-06,19.030000686645508,19.459999084472656,18.670000076293945,19.34000015258789,19.34000015258789,917600
2023-07-07,19.450000762939453,19.969999313354492,19.3799991607666,19.5,19.5,596500
2023-07-10,19.43000030517578,21.639999389648438,19.209999084472656,21.40999984741211,21.40999984741211,1415600
2023-07-11,21.520000457763672,21.969999313354492,20.520000457763672,20.770000457763672,20.770000457763672,1117200
2023-07-12,21.65999984741211,23.270000457763672,21.600000381469727,23.209999084472656,23.209999084472656,1937400
2023-07-13,23.600000381469727,24.170000076293945,22.5,23.3700008392334,23.3700008392334,1427200
2023-07-14,23.540000915527344,24.170000076293945,22.799999237060547,23.299999237060547,23.299999237060547,962200
2023-07-17,23.360000610351562,24.280000686645508,23.040000915527344,24.170000076293945,24.170000076293945,770800
2023-07-18,24.190000534057617,25.420000076293945,24.149999618530273,25.079999923706055,25.079999923706055,724000
2023-07-19,25.260000228881836,27.09000015258789,25.18000030517578,26.010000228881836,26.010000228881836,1024300
2023-07-20,25.65999984741211,26.059999465942383,23.149999618530273,23.40999984741211,23.40999984741211,1307900
2023-07-21,23.950000762939453,25.690000534057617,23.399999618530273,25.110000610351562,25.110000610351562,960000
2023-07-24,25.030000686645508,25.610000610351562,24.34000015258789,25.09000015258789,25.09000015258789,765600
2023-07-25,25.209999084472656,25.959999084472656,25.010000228881836,25.389999389648438,25.389999389648438,446600
2023-07-26,25.110000610351562,26.860000610351562,25.0,26.56999969482422,26.56999969482422,795800
2023-07-27,27.079999923706055,27.360000610351562,24.420000076293945,24.8700008392334,24.8700008392334,945500
2023-07-28,25.75,25.8799991607666,24.06999969482422,24.989999771118164,24.989999771118164,1233800
2023-07-31,24.829999923706055,25.219999313354492,23.260000228881836,24.34000015258789,24.34000015258789,942600
2023-08-01,24.0,24.030000686645508,22.8799991607666,22.889999389648438,22.889999389648438,1072700
2023-08-02,22.270000457763672,22.40999984741211,21.170000076293945,21.389999389648438,21.389999389648438,1361800
2023-08-03,21.219999313354492,21.5,20.459999084472656,20.670000076293945,20.670000076293945,2323600
2023-08-04,23.200000762939453,24.219999313354492,22.6200008392334,22.979999542236328,22.979999542236328,2925700
2023-08-07,22.889999389648438,24.149999618530273,22.079999923706055,23.75,23.75,2044700
2023-08-08,23.34000015258789,23.510000228881836,22.700000762939453,23.329999923706055,23.329999923706055,974300
2023-08-09,23.190000534057617,23.469999313354492,21.799999237060547,22.600000381469727,22.600000381469727,882900
2023-08-10,22.719999313354492,23.530000686645508,22.31999969482422,22.790000915527344,22.790000915527344,890600
2023-08-11,22.299999237060547,22.860000610351562,21.940000534057617,22.309999465942383,22.309999465942383,631300
2023-08-14,21.84000015258789,22.209999084472656,21.25,21.959999084472656,21.959999084472656,558500
2023-08-15,21.760000228881836,22.219999313354492,21.209999084472656,21.360000610351562,21.360000610351562,751200
2023-08-16,21.1299991607666,21.399999618530273,19.280000686645508,19.309999465942383,19.309999465942383,1233800
2023-08-17,19.290000915527344,19.420000076293945,18.579999923706055,18.6200008392334,18.6200008392334,1602800
2023-08-18,18.34000015258789,19.860000610351562,18.229999542236328,19.459999084472656,19.459999084472656,1219400
2023-08-21,19.770000457763672,19.850000381469727,19.079999923706055,19.3799991607666,19.3799991607666,755300
2023-08-22,19.799999237060547,19.989999771118164,19.229999542236328,19.559999465942383,19.559999465942383,516900
2023-08-23,19.540000915527344,20.549999237060547,19.3700008392334,20.329999923706055,20.329999923706055,749400
2023-08-24,20.450000762939453,20.479999542236328,19.100000381469727,19.18000030517578,19.18000030517578,675500
2023-08-25,19.229999542236328,19.920000076293945,19.040000915527344,19.780000686645508,19.780000686645508,660300
2023-08-28,19.56999969482422,20.229999542236328,19.559999465942383,19.719999313354492,19.719999313354492,529300
2023-08-29,19.760000228881836,21.59000015258789,19.459999084472656,21.229999542236328,21.229999542236328,915400
2023-08-30,21.270000457763672,21.989999771118164,20.899999618530273,21.670000076293945,21.670000076293945,899300
2023-08-31,21.770000457763672,22.280000686645508,21.670000076293945,21.989999771118164,21.989999771118164,882500
2023-09-01,22.5,23.8700008392334,22.309999465942383,23.559999465942383,23.559999465942383,1171300
2023-09-05,23.450000762939453,23.860000610351562,23.020000457763672,23.43000030517578,23.43000030517578,1108300
2023-09-06,23.510000228881836,24.6299991607666,23.40999984741211,24.59000015258789,24.59000015258789,924800
2023-09-07,23.90999984741211,24.09000015258789,22.920000076293945,23.40999984741211,23.40999984741211,1073000
2023-09-08,23.280000686645508,23.280000686645508,22.040000915527344,22.420000076293945,22.420000076293945,695800
2023-09-11,22.6299991607666,23.239999771118164,21.940000534057617,22.979999542236328,22.979999542236328,1042100
2023-09-12,22.829999923706055,23.25,22.520000457763672,22.989999771118164,22.989999771118164,780100
2023-09-13,22.8799991607666,23.59000015258789,22.8700008392334,23.049999237060547,23.049999237060547,775800
2023-09-14,23.350000381469727,23.350000381469727,21.610000610351562,21.989999771118164,21.989999771118164,879500
2023-09-15,21.940000534057617,22.1200008392334,20.790000915527344,20.950000762939453,20.950000762939453,2352700
2023-09-18,20.889999389648438,21.1299991607666,20.440000534057617,20.520000457763672,20.520000457763672,1236200
2023-09-19,20.399999618530273,20.469999313354492,19.8700008392334,20.329999923706055,20.329999923706055,936200
2023-09-20,20.59000015258789,21.15999984741211,20.170000076293945,20.200000762939453,20.200000762939453,578000
2023-09-21,19.65999984741211,20.049999237060547,19.420000076293945,19.68000030517578,19.68000030517578,791100
2023-09-22,19.979999542236328,20.479999542236328,19.420000076293945,20.34000015258789,20.34000015258789,674000
2023-09-25,20.34000015258789,21.149999618530273,20.0,20.959999084472656,20.959999084472656,791600
2023-09-26,20.899999618530273,21.420000076293945,19.43000030517578,19.8700008392334,19.8700008392334,1507400
2023-09-27,21.079999923706055,21.350000381469727,20.079999923706055,20.540000915527344,20.540000915527344,1121200
2023-09-28,20.549999237060547,21.1200008392334,19.899999618530273,20.559999465942383,20.559999465942383,711200
2023-09-29,21.0,21.260000228881836,19.969999313354492,20.260000228881836,20.260000228881836,734200
2023-10-02,20.079999923706055,20.079999923706055,18.84000015258789,19.170000076293945,19.170000076293945,916400
2023-10-03,18.979999542236328,19.40999984741211,18.09000015258789,18.3700008392334,18.3700008392334,1085900
2023-10-04,18.469999313354492,18.780000686645508,17.81999969482422,18.690000534057617,18.690000534057617,943700
2023-10-05,19.950000762939453,20.0,18.459999084472656,18.770000457763672,18.770000457763672,1493600
2023-10-06,18.280000686645508,18.610000610351562,17.81999969482422,18.1200008392334,18.1200008392334,1248700
2023-10-09,17.760000228881836,18.579999923706055,17.270000457763672,18.5,18.5,558700
2023-10-10,18.5,19.969999313354492,18.5,19.40999984741211,19.40999984741211,1135100
2023-10-11,19.600000381469727,20.170000076293945,18.84000015258789,19.260000228881836,19.260000228881836,458900
2023-10-12,19.260000228881836,19.260000228881836,17.3799991607666,17.399999618530273,17.399999618530273,856300
2023-10-13,17.40999984741211,17.690000534057617,16.780000686645508,16.979999542236328,16.979999542236328,709000
2023-10-16,17.09000015258789,18.049999237060547,16.649999618530273,17.799999237060547,17.799999237060547,748900
2023-10-17,17.399999618530273,18.639999389648438,17.360000610351562,18.420000076293945,18.420000076293945,583500
2023-10-18,18.200000762939453,18.200000762939453,17.049999237060547,17.149999618530273,17.149999618530273,750300
2023-10-19,17.209999084472656,17.34000015258789,16.420000076293945,16.6200008392334,16.6200008392334,835500
2023-10-20,16.639999389648438,17.200000762939453,16.229999542236328,16.75,16.75,724100
2023-10-23,16.520000457763672,16.90999984741211,15.899999618530273,15.920000076293945,15.920000076293945,612300
2023-10-24,16.09000015258789,16.860000610351562,15.960000038146973,16.579999923706055,16.579999923706055,606300
2023-10-25,16.049999237060547,16.049999237060547,14.920000076293945,15.319999694824219,15.319999694824219,1051500
2023-10-26,15.59000015258789,15.770000457763672,15.029999732971191,15.59000015258789,15.59000015258789,872800
2023-10-27,15.84000015258789,15.84000015258789,14.960000038146973,15.109999656677246,15.109999656677246,708900
2023-10-30,15.350000381469727,15.510000228881836,14.420000076293945,15.079999923706055,15.079999923706055,1792600
2023-10-31,15.279999732971191,15.930000305175781,15.15999984741211,15.760000228881836,15.760000228881836,903800
2023-11-01,15.710000038146973,15.770000457763672,15.109999656677246,15.619999885559082,15.619999885559082,847300
2023-11-02,16.239999771118164,17.530000686645508,15.789999961853027,17.309999465942383,17.309999465942383,960700
2023-11-03,17.8799991607666,19.549999237060547,17.8799991607666,18.65999984741211,18.65999984741211,1236800
2023-11-06,18.579999923706055,18.700000762939453,17.450000762939453,17.719999313354492,17.719999313354492,913300
2023-11-07,17.690000534057617,18.270000457763672,17.200000762939453,18.239999771118164,18.239999771118164,837500
2023-11-08,18.239999771118164,18.239999771118164,17.299999237060547,17.399999618530273,17.399999618530273,747100
2023-11-09,17.68000030517578,17.950000762939453,16.469999313354492,16.59000015258789,16.59000015258789,895100
2023-11-10,16.6200008392334,17.010000228881836,15.850000381469727,16.8700008392334,16.8700008392334,1063000
2023-11-13,16.520000457763672,17.270000457763672,15.989999771118164,17.260000228881836,17.260000228881836,738200
2023-11-14,19.049999237060547,19.920000076293945,18.59000015258789,19.670000076293945,19.670000076293945,1534100
2023-11-15,19.670000076293945,21.309999465942383,19.6200008392334,19.899999618530273,19.899999618530273,1007700
2023-11-16,19.770000457763672,19.809999465942383,18.799999237060547,19.06999969482422,19.06999969482422,1391100
2023-11-17,20.600000381469727,24.8799991607666,20.59000015258789,24.010000228881836,24.010000228881836,4295300
2023-11-20,24.8799991607666,25.780000686645508,23.0,24.739999771118164,24.739999771118164,1489300
2023-11-21,24.65999984741211,24.889999389648438,23.479999542236328,23.709999084472656,23.709999084472656,951700
2023-11-22,24.149999618530273,24.780000686645508,23.65999984741211,23.809999465942383,23.809999465942383,919500
2023-11-24,23.860000610351562,24.59000015258789,23.399999618530273,24.489999771118164,24.489999771118164,378200
2023-11-27,24.350000381469727,24.760000228881836,23.3799991607666,24.06999969482422,24.06999969482422,794000
2023-11-28,23.700000762939453,24.510000228881836,23.06999969482422,24.020000457763672,24.020000457763672,724200
2023-11-29,24.290000915527344,25.610000610351562,24.010000228881836,24.510000228881836,24.510000228881836,1740800
2023-11-30,25.0,25.1200008392334,23.860000610351562,24.049999237060547,24.049999237060547,922000
2023-12-01,23.81999969482422,25.059999465942383,23.25,24.780000686645508,24.780000686645508,1448400
2023-12-04,24.440000534057617,25.739999771118164,24.149999618530273,25.59000015258789,25.59000015258789,1099300
2023-12-05,25.1299991607666,25.260000228881836,24.25,24.670000076293945,24.670000076293945,846900
2023-12-06,25.209999084472656,26.399999618530273,24.600000381469727,26.0,26.0,1232000
2023-12-07,26.100000381469727,27.139999389648438,25.799999237060547,26.40999984741211,26.40999984741211,1294000
2023-12-08,25.959999084472656,27.170000076293945,24.809999465942383,26.979999542236328,26.979999542236328,1560500
2023-12-11,27.0,28.149999618530273,26.510000228881836,27.899999618530273,27.899999618530273,1628000
2023-12-12,27.950000762939453,28.959999084472656,27.190000534057617,28.25,28.25,1372200
2023-12-13,28.229999542236328,31.309999465942383,27.43000030517578,31.209999084472656,31.209999084472656,1804300
2023-12-14,32.11000061035156,35.630001068115234,32.11000061035156,35.119998931884766,35.119998931884766,4055800
2023-12-15,35.119998931884766,35.380001068115234,33.540000915527344,34.61000061035156,34.61000061035156,3862200
2023-12-18,34.81999969482422,35.75,34.25,34.560001373291016,34.560001373291016,1644800
2023-12-19,35.130001068115234,38.68000030517578,35.040000915527344,38.33000183105469,38.33000183105469,2064100
2023-12-20,38.41999816894531,39.56999969482422,34.970001220703125,35.06999969482422,35.06999969482422,2029500
2023-12-21,36.47999954223633,36.79999923706055,35.34000015258789,36.16999816894531,36.16999816894531,866900
2023-12-22,36.959999084472656,37.40999984741211,35.900001525878906,36.7599983215332,36.7599983215332,893900
2023-12-26,37.52000045776367,39.15999984741211,37.029998779296875,38.61000061035156,38.61000061035156,2178900
2023-12-27,39.2400016784668,39.7400016784668,37.810001373291016,38.2400016784668,38.2400016784668,728800
2023-12-28,38.31999969482422,38.75,37.5099983215332,38.18000030517578,38.18000030517578,836300
2023-12-29,38.2400016784668,38.310001373291016,36.31999969482422,36.86000061035156,36.86000061035156,979000
2024-01-02,35.81999969482422,37.150001525878906,33.7400016784668,34.63999938964844,34.63999938964844,1687800
2024-01-03,33.52000045776367,33.52000045776367,32.09000015258789,32.529998779296875,32.529998779296875,1284400
2024-01-04,32.4900016784668,33.88999938964844,32.27000045776367,33.560001373291016,33.560001373291016,880900
2024-01-05,32.849998474121094,34.15999984741211,32.209999084472656,33.97999954223633,33.97999954223633,720000
2024-01-08,33.83000183105469,35.06999969482422,32.79999923706055,34.97999954223633,34.97999954223633,943300
2024-01-09,34.25,37.52000045776367,34.130001068115234,37.150001525878906,37.150001525878906,1081500
2024-01-10,37.08000183105469,37.40999984741211,35.25,36.58000183105469,36.58000183105469,1424400
2024-01-11,35.959999084472656,36.2599983215332,34.18000030517578,35.84000015258789,35.84000015258789,1188700
2024-01-12,36.029998779296875,37.72999954223633,35.91999816894531,36.119998931884766,36.119998931884766,896500
2024-01-16,35.310001373291016,35.47999954223633,33.810001373291016,35.27000045776367,35.27000045776367,968800
2024-01-17,37.68000030517578,37.9900016784668,34.16999816894531,34.84000015258789,34.84000015258789,1159400
2024-01-18,35.349998474121094,35.45000076293945,33.16999816894531,33.849998474121094,33.849998474121094,1309100
2024-01-19,34.189998626708984,34.189998626708984,32.689998626708984,33.599998474121094,33.599998474121094,854500
2024-01-22,35.220001220703125,36.22999954223633,33.68000030517578,34.7599983215332,34.7599983215332,911800
2024-01-23,35.709999084472656,36.099998474121094,32.869998931884766,34.400001525878906,34.400001525878906,966000
2024-01-24,36.04999923706055,36.04999923706055,32.650001525878906,32.66999816894531,32.66999816894531,662900
2024-01-25,33.56999969482422,34.220001220703125,32.2599983215332,32.41999816894531,32.41999816894531,825700
2024-01-26,32.68000030517578,33.619998931884766,31.969999313354492,32.279998779296875,32.279998779296875,549700
2024-01-29,32.400001525878906,34.790000915527344,31.899999618530273,34.77000045776367,34.77000045776367,714200
2024-01-30,34.38999938964844,34.38999938964844,32.81999969482422,33.20000076293945,33.20000076293945,1072300
2024-01-31,32.70000076293945,34.33000183105469,32.2599983215332,32.400001525878906,32.400001525878906,1308900
2024-02-01,32.790000915527344,34.13999938964844,32.27000045776367,33.2599983215332,33.2599983215332,1680300
2024-02-02,38.0,38.040000915527344,34.33000183105469,36.59000015258789,36.59000015258789,2060700
2024-02-05,35.5,36.47999954223633,34.02000045776367,36.40999984741211,36.40999984741211,1153400
2024-02-06,36.290000915527344,37.400001525878906,35.900001525878906,36.970001220703125,36.970001220703125,1279700
2024-02-07,36.56999969482422,36.959999084472656,34.86000061035156,34.970001220703125,34.970001220703125,886400
2024-02-08,34.9900016784668,37.04999923706055,34.63999938964844,36.5099983215332,36.5099983215332,772100
2024-02-09,36.7400016784668,38.400001525878906,36.31999969482422,38.189998626708984,38.189998626708984,929700
2024-02-12,37.95000076293945,40.83000183105469,37.52000045776367,40.61000061035156,40.61000061035156,1715600
2024-02-13,37.08000183105469,38.279998779296875,35.220001220703125,37.0099983215332,37.0099983215332,1855000
2024-02-14,37.9900016784668,40.369998931884766,36.75,39.849998474121094,39.849998474121094,920100
2024-02-15,40.7599983215332,43.209999084472656,39.7400016784668,41.5,41.5,1520100
2024-02-16,40.380001068115234,42.380001068115234,39.61000061035156,40.88999938964844,40.88999938964844,949800
2024-02-20,39.93000030517578,40.779998779296875,38.54999923706055,39.5099983215332,39.5099983215332,802500
2024-02-21,38.5099983215332,38.7400016784668,37.150001525878906,38.36000061035156,38.36000061035156,798200
2024-02-22,38.869998931884766,39.209999084472656,37.959999084472656,38.619998931884766,38.619998931884766,801700
2024-02-23,38.0,38.72999954223633,37.68000030517578,38.20000076293945,38.20000076293945,597400
2024-02-26,37.779998779296875,40.68000030517578,37.66999816894531,40.59000015258789,40.59000015258789,834000
2024-02-27,41.2400016784668,41.86000061035156,40.75,40.9900016784668,40.9900016784668,919700
2024-02-28,40.40999984741211,41.58000183105469,39.650001525878906,40.25,40.25,586100
2024-02-29,42.0,42.08000183105469,39.15999984741211,39.290000915527344,39.290000915527344,915500
2024-03-01,39.36000061035156,40.70000076293945,38.25,38.88999938964844,38.88999938964844,1005600
2024-03-04,39.040000915527344,39.09000015258789,36.400001525878906,38.2400016784668,38.2400016784668,1128300
2024-03-05,37.79999923706055,38.13999938964844,36.310001373291016,36.790000915527344,36.790000915527344,803600
2024-03-06,37.66999816894531,39.25,37.099998474121094,38.08000183105469,38.08000183105469,791900
2024-03-07,38.31999969482422,39.16999816894531,37.34000015258789,37.9900016784668,37.9900016784668,618500
2024-03-08,39.08000183105469,41.45000076293945,36.599998474121094,37.56999969482422,37.56999969482422,617100
2024-03-11,36.81999969482422,37.84000015258789,36.5,36.86000061035156,36.86000061035156,490600
2024-03-12,36.81999969482422,37.279998779296875,34.400001525878906,34.79999923706055,34.79999923706055,759300
2024-03-13,34.43000030517578,36.2400016784668,34.29999923706055,35.540000915527344,35.540000915527344,728900
2024-03-14,35.02000045776367,35.060001373291016,33.84000015258789,34.560001373291016,34.560001373291016,789800
2024-03-15,34.40999984741211,35.189998626708984,33.41999816894531,33.63999938964844,33.63999938964844,1004100
2024-03-18,33.77000045776367,34.52000045776367,32.869998931884766,33.83000183105469,33.83000183105469,634200
2024-03-19,33.0099983215332,34.310001373291016,33.0,33.810001373291016,33.810001373291016,441500
2024-03-20,33.459999084472656,35.779998779296875,33.2599983215332,35.40999984741211,35.40999984741211,566400
2024-03-21,36.08000183105469,36.91999816894531,35.189998626708984,36.029998779296875,36.029998779296875,645300
2024-03-22,35.66999816894531,36.11000061035156,34.16999816894531,34.599998474121094,34.599998474121094,651500
2024-03-25,34.22999954223633,34.970001220703125,33.900001525878906,34.22999954223633,34.22999954223633,535500
2024-03-26,34.959999084472656,35.27000045776367,33.15999984741211,33.75,33.75,637100
2024-03-27,34.369998931884766,34.560001373291016,33.65999984741211,34.47999954223633,34.47999954223633,514200
2024-03-28,34.540000915527344,35.09000015258789,34.0,34.310001373291016,34.310001373291016,1187700
2024-04-01,34.209999084472656,34.5,33.189998626708984,34.40999984741211,34.40999984741211,911600
2024-04-02,33.220001220703125,33.5,32.47999954223633,32.91999816894531,32.91999816894531,991400
2024-04-03,32.689998626708984,34.38999938964844,32.52000045776367,33.34000015258789,33.34000015258789,692000
2024-04-04,33.939998626708984,34.25,31.90999984741211,31.979999542236328,31.979999542236328,701800
2024-04-05,31.56999969482422,33.09000015258789,31.209999084472656,32.61000061035156,32.61000061035156,630900
2024-04-08,32.95000076293945,33.060001373291016,32.36000061035156,32.970001220703125,32.970001220703125,513800
2024-04-09,33.08000183105469,33.83000183105469,32.869998931884766,33.72999954223633,33.72999954223633,602600
2024-04-10,31.31999969482422,32.540000915527344,30.860000610351562,31.860000610351562,31.860000610351562,704800
2024-04-11,32.18000030517578,33.040000915527344,31.809999465942383,32.68000030517578,32.68000030517578,609000
2024-04-12,32.08000183105469,32.369998931884766,30.299999237060547,30.68000030517578,30.68000030517578,1092000
2024-04-15,31.06999969482422,31.06999969482422,29.020000457763672,29.239999771118164,29.239999771118164,864300
2024-04-16,28.739999771118164,28.780000686645508,27.860000610351562,28.610000610351562,28.610000610351562,871000
2024-04-17,29.09000015258789,29.239999771118164,28.18000030517578,28.56999969482422,28.56999969482422,837800
2024-04-18,28.270000457763672,29.040000915527344,28.030000686645508,28.360000610351562,28.360000610351562,807700
2024-04-19,28.389999389648438,29.200000762939453,27.40999984741211,27.950000762939453,27.950000762939453,1089800
2024-04-22,28.3799991607666,29.489999771118164,27.959999084472656,29.450000762939453,29.450000762939453,935700
2024-04-23,29.780000686645508,32.09000015258789,29.610000610351562,31.5,31.5,1065600
2024-04-24,31.84000015258789,31.899999618530273,30.280000686645508,30.75,30.75,1402200
2024-04-25,29.780000686645508,31.290000915527344,29.760000228881836,31.079999923706055,31.079999923706055,1234600
2024-04-26,31.06999969482422,31.709999084472656,30.770000457763672,31.540000915527344,31.540000915527344,644400
2024-04-29,31.84000015258789,32.939998626708984,31.5,32.029998779296875,32.029998779296875,745700
2024-04-30,31.5,32.650001525878906,31.100000381469727,31.229999542236328,31.229999542236328,1053200
2024-05-01,31.020000457763672,33.5099983215332,30.31999969482422,31.959999084472656,31.959999084472656,1373100
2024-05-02,32.29999923706055,32.5,30.729999542236328,32.0099983215332,32.0099983215332,1120300
2024-05-03,38.279998779296875,41.77000045776367,35.18000030517578,41.209999084472656,41.209999084472656,4458400
2024-05-06,41.47999954223633,44.900001525878906,41.40999984741211,44.66999816894531,44.66999816894531,2113300
2024-05-07,44.79999923706055,44.91999816894531,43.0099983215332,43.130001068115234,43.130001068115234,1808200
2024-05-08,41.84000015258789,42.939998626708984,41.04999923706055,41.400001525878906,41.400001525878906,1250200
2024-05-09,41.63999938964844,43.349998474121094,40.790000915527344,43.20000076293945,43.20000076293945,855100
2024-05-10,43.36000061035156,43.86000061035156,41.5099983215332,42.369998931884766,42.369998931884766,938800
2024-05-13,42.709999084472656,47.470001220703125,42.709999084472656,47.43000030517578,47.43000030517578,1697600
2024-05-14,49.029998779296875,49.66999816894531,47.63999938964844,48.130001068115234,48.130001068115234,1354500
2024-05-15,49.7599983215332,50.5,47.86000061035156,48.36000061035156,48.36000061035156,1077000
2024-05-16,48.349998474121094,48.349998474121094,46.439998626708984,46.5,46.5,736200
2024-05-17,46.720001220703125,47.209999084472656,45.41999816894531,47.0099983215332,47.0099983215332,649400
2024-05-20,46.790000915527344,47.310001373291016,44.54999923706055,44.869998931884766,44.869998931884766,863000
2024-05-21,44.5099983215332,45.08000183105469,43.77000045776367,44.040000915527344,44.040000915527344,702100
2024-05-22,43.84000015258789,44.84000015258789,42.939998626708984,43.09000015258789,43.09000015258789,824400
2024-05-23,43.060001373291016,43.2400016784668,41.220001220703125,41.36000061035156,41.36000061035156,847300
2024-05-24,41.900001525878906,42.81999969482422,41.25,42.22999954223633,42.22999954223633,702600
2024-05-28,42.560001373291016,43.40999984741211,41.209999084472656,42.439998626708984,42.439998626708984,1132800
2024-05-29,41.119998931884766,41.349998474121094,40.040000915527344,40.689998626708984,40.689998626708984,819900
2024-05-30,41.13999938964844,41.36000061035156,40.040000915527344,40.83000183105469,40.83000183105469,662200
2024-05-31,41.2400016784668,42.540000915527344,39.599998474121094,41.900001525878906,41.900001525878906,1395400
2024-06-03,42.630001068115234,46.41999816894531,42.619998931884766,44.0099983215332,44.0099983215332,1654200
2024-06-04,44.150001525878906,47.11000061035156,43.95000076293945,46.97999954223633,46.97999954223633,1377800
2024-06-05,47.869998931884766,54.130001068115234,47.75,52.83000183105469,52.83000183105469,2463600
2024-06-06,52.189998626708984,53.79999923706055,50.11000061035156,53.0,53.0,1481900
2024-06-07,51.84000015258789,52.0,50.25,50.459999084472656,50.459999084472656,1039900
2024-06-10,49.45000076293945,50.540000915527344,48.16999816894531,50.0099983215332,50.0099983215332,969800
2024-06-11,49.099998474121094,52.290000915527344,48.58000183105469,51.59000015258789,51.59000015258789,967000
2024-06-12,53.099998474121094,55.2599983215332,49.13999938964844,52.439998626708984,52.439998626708984,1679900
2024-06-13,52.97999954223633,54.63999938964844,51.91999816894531,52.029998779296875,52.029998779296875,1033500
2024-06-14,50.880001068115234,51.52000045776367,49.189998626708984,49.84000015258789,49.84000015258789,968200
2024-06-17,49.52000045776367,51.06999969482422,48.11000061035156,49.0,49.0,1302500
2024-06-18,48.88999938964844,51.220001220703125,48.119998931884766,50.560001373291016,50.560001373291016,837900
2024-06-20,49.75,50.79999923706055,48.5099983215332,48.7400016784668,48.7400016784668,887900
2024-06-21,48.959999084472656,50.9900016784668,48.18000030517578,50.970001220703125,50.970001220703125,2570600
2024-06-24,50.970001220703125,52.689998626708984,49.119998931884766,49.2599983215332,49.2599983215332,751200
2024-06-25,49.119998931884766,49.849998474121094,47.59000015258789,47.83000183105469,47.83000183105469,616200
2024-06-26,47.5099983215332,48.220001220703125,46.20000076293945,46.470001220703125,46.470001220703125,910800
2024-06-27,46.4900016784668,48.31999969482422,45.61000061035156,47.47999954223633,47.47999954223633,725700
2024-06-28,48.290000915527344,49.599998474121094,47.16999816894531,49.279998779296875,49.279998779296875,3708900
2024-07-01,48.290000915527344,51.25,48.290000915527344,48.93000030517578,48.93000030517578,1126400
2024-07-02,48.81999969482422,48.84000015258789,46.040000915527344,47.31999969482422,47.31999969482422,923600
2024-07-03,47.41999816894531,49.869998931884766,47.34000015258789,48.0,48.0,385900
2024-07-05,47.5,48.61000061035156,46.849998474121094,48.470001220703125,48.470001220703125,363500
2024-07-08,49.40999984741211,50.349998474121094,48.630001068115234,48.95000076293945,48.95000076293945,554400
2024-07-09,49.130001068115234,50.900001525878906,48.54999923706055,50.5,50.5,715400
2024-07-10,51.119998931884766,52.380001068115234,49.81999969482422,50.9900016784668,50.9900016784668,812200
2024-07-11,53.16999816894531,54.20000076293945,51.90999984741211,52.47999954223633,52.47999954223633,920600
2024-07-12,52.56999969482422,54.2400016784668,51.72999954223633,53.439998626708984,53.439998626708984,680900
2024-07-15,54.119998931884766,56.380001068115234,53.540000915527344,56.150001525878906,56.150001525878906,1150900
2024-07-16,56.91999816894531,59.43000030517578,56.61000061035156,58.65999984741211,58.65999984741211,1282100
2024-07-17,57.16999816894531,59.540000915527344,55.68000030517578,56.220001220703125,56.220001220703125,990300
2024-07-18,56.0,56.52000045776367,52.0,53.560001373291016,53.560001373291016,1149900
2024-07-19,53.61000061035156,54.029998779296875,52.04999923706055,53.900001525878906,53.900001525878906,811200
2024-07-22,54.459999084472656,56.2400016784668,54.08000183105469,56.220001220703125,56.220001220703125,1286000
2024-07-23,55.79999923706055,59.13999938964844,55.09000015258789,58.880001068115234,58.880001068115234,835800
2024-07-24,57.849998474121094,59.599998474121094,55.95000076293945,56.04999923706055,56.04999923706055,1144200
2024-07-25,55.88999938964844,60.36000061035156,55.0,57.5099983215332,57.5099983215332,1045400
2024-07-26,58.619998931884766,60.900001525878906,57.029998779296875,58.08000183105469,58.08000183105469,666300
2024-07-29,58.34000015258789,58.689998626708984,54.52000045776367,57.439998626708984,57.439998626708984,958900
2024-07-30,57.93000030517578,58.20000076293945,54.7599983215332,55.869998931884766,55.869998931884766,719900
2024-07-31,56.650001525878906,57.90999984741211,55.380001068115234,55.810001373291016,55.810001373291016,894700
2024-08-01,55.34000015258789,56.84000015258789,52.470001220703125,53.04999923706055,53.04999923706055,1244300
2024-08-02,48.0,49.400001525878906,42.310001373291016,42.970001220703125,42.970001220703125,3735200
2024-08-05,38.9900016784668,47.54999923706055,36.75,45.33000183105469,45.33000183105469,2116400
2024-08-06,45.29999923706055,48.43000030517578,44.27000045776367,46.2400016784668,46.2400016784668,975100
2024-08-07,46.7400016784668,47.0,44.31999969482422,44.54999923706055,44.54999923706055,1204900
2024-08-08,45.150001525878906,46.08000183105469,44.29999923706055,45.41999816894531,45.41999816894531,875800
2024-08-09,45.63999938964844,46.15999984741211,43.849998474121094,43.970001220703125,43.970001220703125,944600
2024-08-12,43.689998626708984,43.83000183105469,42.25,42.709999084472656,42.709999084472656,786300
2024-08-13,43.439998626708984,44.83000183105469,43.130001068115234,44.560001373291016,44.560001373291016,467500
2024-08-14,45.15999984741211,45.15999984741211,41.95000076293945,42.58000183105469,42.58000183105469,754700
2024-08-15,44.189998626708984,45.630001068115234,43.369998931884766,45.0,45.0,966600
2024-08-16,44.810001373291016,45.099998474121094,43.29999923706055,43.560001373291016,43.560001373291016,718300
2024-08-19,43.61000061035156,44.45000076293945,43.22999954223633,44.38999938964844,44.38999938964844,879400
2024-08-20,44.29999923706055,44.29999923706055,42.349998474121094,42.90999984741211,42.90999984741211,601200
2024-08-21,42.880001068115234,44.72999954223633,42.880001068115234,44.130001068115234,44.130001068115234,416900
2024-08-22,44.220001220703125,44.290000915527344,42.279998779296875,42.459999084472656,42.459999084472656,454000
2024-08-23,43.189998626708984,44.720001220703125,42.459999084472656,43.65999984741211,43.65999984741211,613200
2024-08-26,44.029998779296875,44.38999938964844,43.33000183105469,43.97999954223633,43.97999954223633,568100
2024-08-27,43.54999923706055,45.209999084472656,42.869998931884766,45.119998931884766,45.119998931884766,620000
2024-08-28,44.79999923706055,45.20000076293945,43.540000915527344,44.16999816894531,44.16999816894531,569800
2024-08-29,44.79999923706055,46.84000015258789,44.380001068115234,44.900001525878906,44.900001525878906,576400
2024-08-30,45.220001220703125,45.59000015258789,42.540000915527344,43.2400016784668,43.2400016784668,1057800
2024-09-03,42.31999969482422,43.560001373291016,40.779998779296875,40.959999084472656,40.959999084472656,964500
2024-09-04,40.54999923706055,41.54999923706055,39.36000061035156,39.54999923706055,39.54999923706055,671200
2024-09-05,39.54999923706055,40.459999084472656,39.369998931884766,40.02000045776367,40.02000045776367,681200
2024-09-06,39.959999084472656,40.13999938964844,36.619998931884766,36.720001220703125,36.720001220703125,1236600
2024-09-09,37.0,38.439998626708984,36.619998931884766,37.2599983215332,37.2599983215332,1070600
2024-09-10,38.0,41.08000183105469,37.220001220703125,40.720001220703125,40.720001220703125,1024000
2024-09-11,40.2400016784668,44.72999954223633,39.939998626708984,44.36000061035156,44.36000061035156,1343400
2024-09-12,44.40999984741211,44.97999954223633,42.560001373291016,44.56999969482422,44.56999969482422,858700
2024-09-13,45.220001220703125,47.22999954223633,45.119998931884766,46.95000076293945,46.95000076293945,710800
2024-09-16,47.09000015258789,47.09000015258789,44.869998931884766,46.560001373291016,46.560001373291016,553300
2024-09-17,47.540000915527344,49.150001525878906,46.900001525878906,47.66999816894531,47.66999816894531,744800
2024-09-18,47.650001525878906,49.63999938964844,46.209999084472656,47.02000045776367,47.02000045776367,698500
2024-09-19,49.029998779296875,49.400001525878906,47.63999938964844,47.9900016784668,47.9900016784668,539600
2024-09-20,47.93000030517578,47.93000030517578,46.400001525878906,46.439998626708984,46.439998626708984,1409300
2024-09-23,46.599998474121094,46.720001220703125,44.95000076293945,45.290000915527344,45.290000915527344,744600
2024-09-24,45.349998474121094,46.83000183105469,44.95000076293945,46.459999084472656,46.459999084472656,407900
