Date,Open,High,Low,Close,Adj Close,Volume
2013-10-30,13.0,14.119999885559082,12.649999618530273,13.25,13.25,4594400
2013-10-31,12.829999923706055,13.0,12.010000228881836,12.390000343322754,12.390000343322754,339200
2013-11-01,12.390000343322754,12.5,12.149999618530273,12.300000190734863,12.300000190734863,137700
2013-11-04,12.399999618530273,12.800000190734863,12.100000381469727,12.800000190734863,12.800000190734863,38800
2013-11-05,12.350000381469727,12.770000457763672,12.0,12.399999618530273,12.399999618530273,143600
2013-11-06,12.15999984741211,12.390000343322754,11.5,11.5,11.5,157700
2013-11-07,11.5,11.600000381469727,10.880000114440918,11.149999618530273,11.149999618530273,345600
2013-11-08,11.100000381469727,11.550000190734863,11.0,11.40999984741211,11.40999984741211,26400
2013-11-11,11.300000190734863,12.149999618530273,11.300000190734863,12.100000381469727,12.100000381469727,30800
2013-11-12,12.100000381469727,12.470000267028809,11.899999618530273,12.430000305175781,12.430000305175781,21200
2013-11-13,12.300000190734863,12.729999542236328,12.0,12.239999771118164,12.239999771118164,28800
2013-11-14,12.140000343322754,12.329999923706055,12.010000228881836,12.149999618530273,12.149999618530273,45900
2013-11-15,12.079999923706055,12.649999618530273,11.8100004196167,12.149999618530273,12.149999618530273,72500
2013-11-18,12.75,13.390000343322754,12.130000114440918,12.649999618530273,12.649999618530273,65000
2013-11-19,12.5,12.979999542236328,12.020000457763672,12.470000267028809,12.470000267028809,7500
2013-11-20,12.199999809265137,13.220000267028809,12.15999984741211,12.890000343322754,12.890000343322754,72800
2013-11-21,12.630000114440918,13.149999618530273,12.5,12.760000228881836,12.760000228881836,43800
2013-11-22,13.199999809265137,13.220000267028809,11.5,12.15999984741211,12.15999984741211,55600
2013-11-25,11.850000381469727,11.850000381469727,11.0,11.359999656677246,11.359999656677246,80600
2013-11-26,13.100000381469727,13.100000381469727,11.989999771118164,12.859999656677246,12.859999656677246,182400
2013-11-27,12.359999656677246,13.149999618530273,12.029999732971191,13.010000228881836,13.010000228881836,96700
2013-11-29,13.260000228881836,13.300000190734863,12.40999984741211,12.979999542236328,12.979999542236328,30100
2013-12-02,13.199999809265137,13.199999809265137,12.489999771118164,12.989999771118164,12.989999771118164,26000
2013-12-03,12.479999542236328,13.140000343322754,12.479999542236328,12.960000038146973,12.960000038146973,18600
2013-12-04,13.100000381469727,13.149999618530273,12.84000015258789,12.890000343322754,12.890000343322754,13600
2013-12-05,12.84000015258789,13.640000343322754,12.84000015258789,13.489999771118164,13.489999771118164,17700
2013-12-06,13.510000228881836,13.930000305175781,13.34000015258789,13.710000038146973,13.710000038146973,31700
2013-12-09,13.739999771118164,14.149999618530273,13.600000381469727,13.930000305175781,13.930000305175781,40300
2013-12-10,14.649999618530273,14.649999618530273,13.720000267028809,13.890000343322754,13.890000343322754,29900
2013-12-11,13.75,14.010000228881836,13.479999542236328,13.510000228881836,13.510000228881836,21400
2013-12-12,13.760000228881836,13.9399995803833,12.5600004196167,13.069999694824219,13.069999694824219,31500
2013-12-13,13.069999694824219,13.369999885559082,12.510000228881836,13.15999984741211,13.15999984741211,51200
2013-12-16,13.239999771118164,14.0,13.199999809265137,14.0,14.0,61100
2013-12-17,14.109999656677246,14.800000190734863,13.270000457763672,14.039999961853027,14.039999961853027,161600
2013-12-18,14.300000190734863,14.779999732971191,13.5600004196167,13.920000076293945,13.920000076293945,70900
2013-12-19,13.720000267028809,14.390000343322754,13.600000381469727,13.979999542236328,13.979999542236328,61200
2013-12-20,13.609999656677246,14.0,13.609999656677246,14.0,14.0,658000
2013-12-23,14.0,14.350000381469727,13.710000038146973,13.989999771118164,13.989999771118164,106600
2013-12-24,14.0,14.0,13.800000190734863,13.920000076293945,13.920000076293945,8200
2013-12-26,13.970000267028809,14.380000114440918,13.8100004196167,14.279999732971191,14.279999732971191,100200
2013-12-27,14.34000015258789,14.40999984741211,13.960000038146973,14.149999618530273,14.149999618530273,303900
2013-12-30,14.130000114440918,14.350000381469727,13.359999656677246,13.779999732971191,13.779999732971191,24600
2013-12-31,13.84000015258789,14.65999984741211,13.609999656677246,14.5,14.5,90200
2014-01-02,14.359999656677246,14.75,14.359999656677246,14.670000076293945,14.670000076293945,15600
2014-01-03,14.770000457763672,16.360000610351562,14.449999809265137,15.3100004196167,15.3100004196167,146700
2014-01-06,15.09000015258789,15.800000190734863,14.449999809265137,15.789999961853027,15.789999961853027,88300
2014-01-07,15.920000076293945,15.920000076293945,15.300000190734863,15.739999771118164,15.739999771118164,75300
2014-01-08,15.800000190734863,15.850000381469727,15.510000228881836,15.619999885559082,15.619999885559082,53800
2014-01-09,15.720000267028809,15.899999618530273,14.90999984741211,15.899999618530273,15.899999618530273,18200
2014-01-10,15.9399995803833,16.299999237060547,15.0600004196167,16.18000030517578,16.18000030517578,113700
2014-01-13,15.329999923706055,16.399999618530273,15.329999923706055,15.880000114440918,15.880000114440918,39700
2014-01-14,16.0,16.540000915527344,15.5600004196167,16.020000457763672,16.020000457763672,21000
2014-01-15,16.1299991607666,16.229999542236328,15.819999694824219,16.049999237060547,16.049999237060547,50400
2014-01-16,16.049999237060547,16.280000686645508,15.260000228881836,16.059999465942383,16.059999465942383,73900
2014-01-17,16.09000015258789,16.309999465942383,16.06999969482422,16.299999237060547,16.299999237060547,7200
2014-01-21,16.479999542236328,16.68000030517578,15.970000267028809,16.229999542236328,16.229999542236328,17700
2014-01-22,16.31999969482422,16.68000030517578,15.729999542236328,15.9399995803833,15.9399995803833,33000
2014-01-23,15.9399995803833,15.9399995803833,15.289999961853027,15.850000381469727,15.850000381469727,37400
2014-01-24,15.6899995803833,16.030000686645508,15.010000228881836,15.920000076293945,15.920000076293945,34800
2014-01-27,15.760000228881836,15.789999961853027,14.899999618530273,15.15999984741211,15.15999984741211,32100
2014-01-28,14.8100004196167,15.449999809265137,14.760000228881836,14.970000267028809,14.970000267028809,25400
2014-01-29,15.010000228881836,15.220000267028809,14.579999923706055,14.869999885559082,14.869999885559082,10000
2014-01-30,15.050000190734863,15.149999618530273,14.770000457763672,14.819999694824219,14.819999694824219,16500
2014-01-31,14.630000114440918,15.239999771118164,14.34000015258789,14.649999618530273,14.649999618530273,59900
2014-02-03,14.680000305175781,15.100000381469727,13.760000228881836,14.670000076293945,14.670000076293945,52200
2014-02-04,15.050000190734863,15.199999809265137,14.390000343322754,14.460000038146973,14.460000038146973,39900
2014-02-05,14.470000267028809,15.0600004196167,14.229999542236328,14.930000305175781,14.930000305175781,19200
2014-02-06,15.170000076293945,15.449999809265137,14.710000038146973,15.010000228881836,15.010000228881836,23100
2014-02-07,15.100000381469727,15.430000305175781,14.880000114440918,15.039999961853027,15.039999961853027,62300
2014-02-10,15.1899995803833,15.619999885559082,14.800000190734863,14.960000038146973,14.960000038146973,13600
2014-02-11,14.90999984741211,15.399999618530273,14.59000015258789,14.920000076293945,14.920000076293945,78300
2014-02-12,14.970000267028809,15.430000305175781,14.600000381469727,14.850000381469727,14.850000381469727,65900
2014-02-13,14.779999732971191,14.989999771118164,14.229999542236328,14.949999809265137,14.949999809265137,19000
2014-02-14,14.979999542236328,15.15999984741211,14.319999694824219,14.520000457763672,14.520000457763672,27100
2014-02-18,15.170000076293945,15.260000228881836,14.399999618530273,14.84000015258789,14.84000015258789,32800
2014-02-19,14.949999809265137,15.100000381469727,14.3100004196167,14.34000015258789,14.34000015258789,22000
2014-02-20,14.40999984741211,14.760000228881836,14.199999809265137,14.760000228881836,14.760000228881836,8000
2014-02-21,14.819999694824219,15.300000190734863,14.59000015258789,14.960000038146973,14.960000038146973,30700
2014-02-24,15.119999885559082,15.300000190734863,14.470000267028809,14.760000228881836,14.760000228881836,30300
2014-02-25,14.819999694824219,15.039999961853027,14.069999694824219,14.399999618530273,14.399999618530273,26700
2014-02-26,14.460000038146973,15.479999542236328,14.399999618530273,14.880000114440918,14.880000114440918,18500
2014-02-27,14.880000114440918,15.75,14.880000114440918,15.6899995803833,15.6899995803833,21500
2014-02-28,15.720000267028809,16.469999313354492,15.720000267028809,16.010000228881836,16.010000228881836,39500
2014-03-03,15.789999961853027,16.989999771118164,15.789999961853027,16.559999465942383,16.559999465942383,40300
2014-03-04,16.850000381469727,18.31999969482422,16.850000381469727,17.799999237060547,17.799999237060547,89700
2014-03-05,17.93000030517578,17.93000030517578,16.989999771118164,17.549999237060547,17.549999237060547,19700
2014-03-06,17.65999984741211,17.989999771118164,17.309999465942383,17.520000457763672,17.520000457763672,20800
2014-03-07,17.68000030517578,18.149999618530273,17.260000228881836,17.6299991607666,17.6299991607666,43600
2014-03-10,17.68000030517578,18.25,17.5,18.239999771118164,18.239999771118164,50000
2014-03-11,18.059999465942383,18.5,17.979999542236328,18.010000228881836,18.010000228881836,19500
2014-03-12,18.0,18.040000915527344,17.100000381469727,17.309999465942383,17.309999465942383,74200
2014-03-13,17.299999237060547,17.440000534057617,16.469999313354492,17.020000457763672,17.020000457763672,27200
2014-03-14,16.959999084472656,17.049999237060547,16.530000686645508,16.950000762939453,16.950000762939453,11800
2014-03-17,17.280000686645508,17.280000686645508,16.510000228881836,16.639999389648438,16.639999389648438,12100
2014-03-18,17.139999389648438,17.139999389648438,16.65999984741211,17.020000457763672,17.020000457763672,21200
2014-03-19,19.0,19.0,17.559999465942383,18.440000534057617,18.440000534057617,130800
2014-03-20,18.520000457763672,18.639999389648438,18.110000610351562,18.3799991607666,18.3799991607666,30200
2014-03-21,18.540000915527344,18.540000915527344,17.790000915527344,17.8700008392334,17.8700008392334,33200
2014-03-24,17.829999923706055,18.5,17.510000228881836,17.540000915527344,17.540000915527344,31400
2014-03-25,17.75,17.8700008392334,15.770000457763672,16.40999984741211,16.40999984741211,93800
2014-03-26,16.579999923706055,16.8700008392334,16.3700008392334,16.600000381469727,16.600000381469727,33300
2014-03-27,16.989999771118164,17.1299991607666,15.859999656677246,16.360000610351562,16.360000610351562,21500
2014-03-28,16.299999237060547,17.34000015258789,15.75,16.31999969482422,16.31999969482422,19400
2014-03-31,16.25,17.239999771118164,16.25,17.1299991607666,17.1299991607666,36800
2014-04-01,17.229999542236328,18.010000228881836,16.84000015258789,17.059999465942383,17.059999465942383,54700
2014-04-02,17.09000015258789,17.25,16.780000686645508,16.889999389648438,16.889999389648438,17600
2014-04-03,17.0,17.0,16.530000686645508,16.65999984741211,16.65999984741211,22100
2014-04-04,16.719999313354492,17.0,15.640000343322754,15.789999961853027,15.789999961853027,25900
2014-04-07,15.960000038146973,15.960000038146973,14.010000228881836,14.100000381469727,14.100000381469727,95500
2014-04-08,14.050000190734863,16.670000076293945,14.050000190734863,14.59000015258789,14.59000015258789,29600
2014-04-09,14.739999771118164,14.770000457763672,14.010000228881836,14.1899995803833,14.1899995803833,112700
2014-04-10,14.229999542236328,14.229999542236328,13.020000457763672,13.380000114440918,13.380000114440918,43100
2014-04-11,13.359999656677246,13.600000381469727,13.199999809265137,13.489999771118164,13.489999771118164,28400
2014-04-14,13.65999984741211,14.109999656677246,13.069999694824219,13.260000228881836,13.260000228881836,32200
2014-04-15,13.510000228881836,13.800000190734863,12.770000457763672,13.050000190734863,13.050000190734863,97900
2014-04-16,13.109999656677246,13.829999923706055,12.890000343322754,13.359999656677246,13.359999656677246,75200
2014-04-17,13.359999656677246,13.460000038146973,13.25,13.300000190734863,13.300000190734863,33000
2014-04-21,13.430000305175781,13.430000305175781,13.0,13.0600004196167,13.0600004196167,105200
2014-04-22,13.039999961853027,14.59000015258789,12.970000267028809,14.470000267028809,14.470000267028809,38000
2014-04-23,14.510000228881836,14.670000076293945,13.579999923706055,13.59000015258789,13.59000015258789,12800
2014-04-24,13.770000457763672,13.90999984741211,13.069999694824219,13.199999809265137,13.199999809265137,13800
2014-04-25,13.180000305175781,13.180000305175781,12.270000457763672,12.859999656677246,12.859999656677246,28400
2014-04-28,12.869999885559082,13.649999618530273,12.5,13.0600004196167,13.0600004196167,33600
2014-04-29,13.1899995803833,13.1899995803833,12.84000015258789,13.010000228881836,13.010000228881836,41600
2014-04-30,12.979999542236328,13.100000381469727,12.239999771118164,12.8100004196167,12.8100004196167,36300
2014-05-01,12.75,13.319999694824219,12.5,13.25,13.25,32700
2014-05-02,13.220000267028809,13.510000228881836,12.710000038146973,13.470000267028809,13.470000267028809,28900
2014-05-05,14.40999984741211,14.40999984741211,13.550000190734863,13.800000190734863,13.800000190734863,27400
2014-05-06,13.670000076293945,13.880000114440918,12.859999656677246,13.039999961853027,13.039999961853027,23900
2014-05-07,13.40999984741211,13.470000267028809,12.760000228881836,13.260000228881836,13.260000228881836,68300
2014-05-08,12.75,13.25,12.40999984741211,12.579999923706055,12.579999923706055,106300
2014-05-09,12.420000076293945,13.220000267028809,12.420000076293945,13.0,13.0,98300
2014-05-12,13.109999656677246,13.3100004196167,12.520000457763672,12.640000343322754,12.640000343322754,83300
2014-05-13,12.550000190734863,13.029999732971191,12.510000228881836,12.609999656677246,12.609999656677246,80700
2014-05-14,12.5,12.90999984741211,12.420000076293945,12.819999694824219,12.819999694824219,123700
2014-05-15,12.710000038146973,13.130000114440918,12.630000114440918,12.819999694824219,12.819999694824219,104500
2014-05-16,13.029999732971191,13.194999694824219,12.800000190734863,12.970000267028809,12.970000267028809,104500
2014-05-19,12.789999961853027,13.210000038146973,12.789999961853027,13.119999885559082,13.119999885559082,117800
2014-05-20,12.90999984741211,13.550000190734863,12.899999618530273,13.1899995803833,13.1899995803833,87800
2014-05-21,12.729999542236328,13.479999542236328,12.729999542236328,13.3100004196167,13.3100004196167,35400
2014-05-22,13.3100004196167,14.0,13.119999885559082,13.800000190734863,13.800000190734863,38200
2014-05-23,13.859999656677246,14.84000015258789,13.760000228881836,14.710000038146973,14.710000038146973,28800
2014-05-27,14.819999694824219,15.279999732971191,14.680000305175781,15.149999618530273,15.149999618530273,30000
2014-05-28,15.0,15.510000228881836,14.680000305175781,15.399999618530273,15.399999618530273,29900
2014-05-29,15.470000267028809,15.59000015258789,15.25,15.430000305175781,15.430000305175781,30800
2014-05-30,15.399999618530273,15.4399995803833,15.199999809265137,15.220000267028809,15.220000267028809,38100
2014-06-02,15.140000343322754,15.149999618530273,14.470000267028809,14.609999656677246,14.609999656677246,18500
2014-06-03,14.130000114440918,14.75,14.130000114440918,14.579999923706055,14.579999923706055,32000
2014-06-04,14.579999923706055,14.84000015258789,13.899999618530273,14.319999694824219,14.319999694824219,54300
2014-06-05,14.319999694824219,14.4399995803833,14.010000228881836,14.380000114440918,14.380000114440918,57800
2014-06-06,13.5,15.15999984741211,13.5,14.9399995803833,14.9399995803833,46100
2014-06-09,15.09000015258789,15.140000343322754,14.510000228881836,15.0,15.0,34700
2014-06-10,15.239999771118164,15.420000076293945,14.869999885559082,15.369999885559082,15.369999885559082,42000
2014-06-11,15.149999618530273,15.5,14.520000457763672,14.699999809265137,14.699999809265137,27800
2014-06-12,14.75,14.789999961853027,14.430000305175781,14.630000114440918,14.630000114440918,23600
2014-06-13,14.699999809265137,15.170000076293945,14.239999771118164,14.890000343322754,14.890000343322754,55000
2014-06-16,15.0,15.0,14.5,14.859999656677246,14.859999656677246,65400
2014-06-17,14.789999961853027,14.890000343322754,14.329999923706055,14.579999923706055,14.579999923706055,31400
2014-06-18,14.529999732971191,14.949999809265137,14.359999656677246,14.9399995803833,14.9399995803833,81500
2014-06-19,15.0,15.5,14.350000381469727,15.0600004196167,15.0600004196167,74700
2014-06-20,15.5,16.40999984741211,15.260000228881836,16.270000457763672,16.270000457763672,164200
2014-06-23,16.5,17.450000762939453,16.010000228881836,16.81999969482422,16.81999969482422,211400
2014-06-24,16.920000076293945,17.440000534057617,16.399999618530273,16.770000457763672,16.770000457763672,174700
2014-06-25,16.670000076293945,17.3799991607666,15.5600004196167,17.34000015258789,17.34000015258789,52100
2014-06-26,17.5,17.825000762939453,17.100000381469727,17.5,17.5,134100
2014-06-27,17.360000610351562,18.0,17.209999084472656,17.399999618530273,17.399999618530273,393500
2014-06-30,17.350000381469727,17.350000381469727,16.469999313354492,17.1200008392334,17.1200008392334,68000
2014-07-01,17.030000686645508,17.520000457763672,16.649999618530273,17.030000686645508,17.030000686645508,55400
2014-07-02,17.06999969482422,17.920000076293945,16.25,16.459999084472656,16.459999084472656,66400
2014-07-03,16.489999771118164,17.3700008392334,15.670000076293945,16.020000457763672,16.020000457763672,41700
2014-07-07,16.229999542236328,16.229999542236328,15.25,15.729999542236328,15.729999542236328,48700
2014-07-08,15.510000228881836,15.710000038146973,15.25,15.430000305175781,15.430000305175781,43000
2014-07-09,15.369999885559082,15.65999984741211,15.039999961853027,15.25,15.25,18000
2014-07-10,15.1899995803833,15.1899995803833,14.850000381469727,14.920000076293945,14.920000076293945,28300
2014-07-11,14.880000114440918,15.119999885559082,14.210000038146973,14.5600004196167,14.5600004196167,29700
2014-07-14,14.770000457763672,14.770000457763672,13.899999618530273,14.100000381469727,14.100000381469727,35500
2014-07-15,14.229999542236328,14.229999542236328,13.680000305175781,14.020000457763672,14.020000457763672,45200
2014-07-16,14.369999885559082,14.369999885559082,13.770000457763672,14.010000228881836,14.010000228881836,88800
2014-07-17,13.930000305175781,14.9399995803833,13.550000190734863,13.640000343322754,13.640000343322754,102900
2014-07-18,13.640000343322754,14.100000381469727,13.510000228881836,14.0600004196167,14.0600004196167,47300
2014-07-21,14.020000457763672,14.329999923706055,13.779999732971191,14.15999984741211,14.15999984741211,26500
2014-07-22,14.3100004196167,14.460000038146973,14.100000381469727,14.199999809265137,14.199999809265137,42500
2014-07-23,14.289999961853027,14.630000114440918,14.289999961853027,14.399999618530273,14.399999618530273,27800
2014-07-24,14.5,14.949999809265137,14.319999694824219,14.779999732971191,14.779999732971191,50100
2014-07-25,14.619999885559082,14.90999984741211,14.279999732971191,14.670000076293945,14.670000076293945,65200
2014-07-28,14.680000305175781,14.949999809265137,14.069999694824219,14.680000305175781,14.680000305175781,79100
2014-07-29,14.760000228881836,15.0,14.399999618530273,14.550000190734863,14.550000190734863,85800
2014-07-30,14.729999542236328,15.0,14.399999618530273,14.930000305175781,14.930000305175781,84000
2014-07-31,14.760000228881836,15.0,13.779999732971191,14.300000190734863,14.300000190734863,261000
2014-08-01,14.359999656677246,14.550000190734863,13.399999618530273,14.239999771118164,14.239999771118164,359200
2014-08-04,14.229999542236328,14.800000190734863,13.640000343322754,14.289999961853027,14.289999961853027,246500
2014-08-05,14.180000305175781,14.680000305175781,13.710000038146973,14.5600004196167,14.5600004196167,185000
2014-08-06,14.380000114440918,14.970000267028809,14.300000190734863,14.770000457763672,14.770000457763672,140600
2014-08-07,14.890000343322754,14.890000343322754,14.229999542236328,14.510000228881836,14.510000228881836,30700
2014-08-08,14.649999618530273,14.920000076293945,14.470000267028809,14.770000457763672,14.770000457763672,60100
2014-08-11,14.789999961853027,15.020000457763672,14.050000190734863,14.5,14.5,124900
2014-08-12,14.5,14.760000228881836,14.279999732971191,14.65999984741211,14.65999984741211,56900
2014-08-13,14.670000076293945,15.020000457763672,14.170000076293945,14.649999618530273,14.649999618530273,95900
2014-08-14,14.989999771118164,14.989999771118164,12.77299976348877,13.470000267028809,13.470000267028809,460000
2014-08-15,13.460000038146973,13.460000038146973,12.25,12.84000015258789,12.84000015258789,207000
2014-08-18,12.920000076293945,12.920000076293945,12.140000343322754,12.539999961853027,12.539999961853027,315800
2014-08-19,12.65999984741211,12.90999984741211,12.4399995803833,12.720000267028809,12.720000267028809,107700
2014-08-20,12.539999961853027,12.90999984741211,12.329999923706055,12.619999885559082,12.619999885559082,77900
2014-08-21,12.609999656677246,12.640000343322754,12.220000267028809,12.569999694824219,12.569999694824219,68200
2014-08-22,12.494999885559082,12.899999618530273,12.399999618530273,12.449999809265137,12.449999809265137,165600
2014-08-25,12.529999732971191,12.75,12.119999885559082,12.430000305175781,12.430000305175781,215500
2014-08-26,12.5,12.789999961853027,12.350000381469727,12.770000457763672,12.770000457763672,42800
2014-08-27,12.859999656677246,13.109999656677246,12.739999771118164,12.869999885559082,12.869999885559082,131600
2014-08-28,12.859999656677246,12.949999809265137,12.520000457763672,12.65999984741211,12.65999984741211,37300
2014-08-29,12.65999984741211,12.65999984741211,12.350000381469727,12.5600004196167,12.5600004196167,38000
2014-09-02,12.579999923706055,12.710000038146973,12.270000457763672,12.489999771118164,12.489999771118164,90800
2014-09-03,12.539999961853027,12.680000305175781,12.239999771118164,12.470000267028809,12.470000267028809,80700
2014-09-04,12.569999694824219,12.720000267028809,12.350000381469727,12.420000076293945,12.420000076293945,74300
2014-09-05,12.430000305175781,12.720000267028809,12.329999923706055,12.550000190734863,12.550000190734863,45000
2014-09-08,12.5,12.760000228881836,12.420000076293945,12.510000228881836,12.510000228881836,43600
2014-09-09,12.569999694824219,12.770000457763672,12.119999885559082,12.40999984741211,12.40999984741211,655500
2014-09-10,12.289999961853027,12.300000190734863,11.760000228881836,12.0600004196167,12.0600004196167,149300
2014-09-11,12.039999961853027,12.039999961853027,11.569999694824219,11.770000457763672,11.770000457763672,83700
2014-09-12,11.739999771118164,11.739999771118164,11.119999885559082,11.279999732971191,11.279999732971191,95000
2014-09-15,11.329999923706055,11.329999923706055,10.800000190734863,11.0,11.0,145900
2014-09-16,10.970000267028809,11.0600004196167,10.350000381469727,10.449999809265137,10.449999809265137,134500
2014-09-17,10.449999809265137,10.609999656677246,10.350000381469727,10.420000076293945,10.420000076293945,188200
2014-09-18,10.430000305175781,10.5649995803833,10.210000038146973,10.260000228881836,10.260000228881836,106400
2014-09-19,10.319999694824219,10.460000038146973,10.109999656677246,10.270000457763672,10.270000457763672,127400
2014-09-22,10.270000457763672,10.399999618530273,9.600000381469727,9.859999656677246,9.859999656677246,95500
2014-09-23,10.449999809265137,10.449999809265137,9.789999961853027,9.829999923706055,9.829999923706055,34900
2014-09-24,10.270000457763672,10.270000457763672,9.75,9.949999809265137,9.949999809265137,66400
2014-09-25,9.930000305175781,9.949999809265137,9.569999694824219,9.739999771118164,9.739999771118164,169600
2014-09-26,9.729999542236328,9.779999732971191,9.260000228881836,9.550000190734863,9.550000190734863,426100
2014-09-29,9.380000114440918,9.789999961853027,9.220000267028809,9.729999542236328,9.729999542236328,77200
2014-09-30,9.6899995803833,9.9399995803833,9.5,9.75,9.75,94100
2014-10-01,9.680000305175781,9.84000015258789,9.1899995803833,9.239999771118164,9.239999771118164,151200
2014-10-02,9.229999542236328,9.6899995803833,9.140000343322754,9.5,9.5,98100
2014-10-03,9.609999656677246,9.850000381469727,9.470000267028809,9.600000381469727,9.600000381469727,90800
2014-10-06,9.619999885559082,9.75,9.270000457763672,9.369999885559082,9.369999885559082,77300
2014-10-07,9.399999618530273,9.569999694824219,9.109999656677246,9.15999984741211,9.15999984741211,121300
2014-10-08,9.130000114440918,9.380000114440918,9.010000228881836,9.079999923706055,9.079999923706055,83800
2014-10-09,9.050000190734863,9.050000190734863,8.559000015258789,8.65999984741211,8.65999984741211,106600
2014-10-10,8.670000076293945,8.800000190734863,8.569999694824219,8.649999618530273,8.649999618530273,58100
2014-10-13,8.609999656677246,8.6899995803833,8.350000381469727,8.550000190734863,8.550000190734863,38100
2014-10-14,8.600000381469727,8.720000267028809,8.170000076293945,8.229999542236328,8.229999542236328,68200
2014-10-15,8.050000190734863,8.050000190734863,7.449999809265137,7.65500020980835,7.65500020980835,103800
2014-10-16,7.460000038146973,7.860000133514404,7.21999979019165,7.480000019073486,7.480000019073486,124000
2014-10-17,7.610000133514404,7.75,7.090000152587891,7.309999942779541,7.309999942779541,151100
2014-10-20,7.230000019073486,7.78000020980835,7.210000038146973,7.71999979019165,7.71999979019165,53600
2014-10-21,7.710000038146973,7.889999866485596,7.639999866485596,7.760000228881836,7.760000228881836,47400
2014-10-22,7.820000171661377,8.170000076293945,7.820000171661377,7.880000114440918,7.880000114440918,30400
2014-10-23,7.989999771118164,8.390000343322754,7.989999771118164,8.119999885559082,8.119999885559082,32700
2014-10-24,8.149999618530273,8.180000305175781,7.800000190734863,8.0600004196167,8.0600004196167,25600
2014-10-27,8.039999961853027,8.15999984741211,7.880000114440918,7.920000076293945,7.920000076293945,40400
2014-10-28,7.940000057220459,8.15999984741211,7.840000152587891,7.920000076293945,7.920000076293945,60500
2014-10-29,7.909999847412109,7.960000038146973,7.78000020980835,7.889999866485596,7.889999866485596,107100
2014-10-30,7.829999923706055,8.010000228881836,7.809999942779541,7.960000038146973,7.960000038146973,45100
2014-10-31,8.0,8.180000305175781,7.550000190734863,8.069999694824219,8.069999694824219,154000
2014-11-03,8.130000114440918,8.130000114440918,7.840000152587891,8.010000228881836,8.010000228881836,57100
2014-11-04,7.980000019073486,8.460000038146973,7.980000019073486,8.380000114440918,8.380000114440918,45700
2014-11-05,8.470000267028809,8.470000267028809,8.130000114440918,8.229999542236328,8.229999542236328,32400
2014-11-06,8.25,8.289999961853027,7.929999828338623,8.079999923706055,8.079999923706055,54500
2014-11-07,7.820000171661377,7.880000114440918,7.539999961853027,7.730000019073486,7.730000019073486,70100
2014-11-10,7.71999979019165,8.029999732971191,7.630000114440918,7.679999828338623,7.679999828338623,36700
2014-11-11,7.619999885559082,7.900000095367432,7.619999885559082,7.800000190734863,7.800000190734863,28900
2014-11-12,7.949999809265137,7.989999771118164,7.489999771118164,7.900000095367432,7.900000095367432,50100
2014-11-13,7.880000114440918,8.100000381469727,7.380000114440918,7.460000038146973,7.460000038146973,56900
2014-11-14,6.21999979019165,6.989999771118164,6.010000228881836,6.769999980926514,6.769999980926514,260200
2014-11-17,6.75,6.980000019073486,6.659999847412109,6.820000171661377,6.820000171661377,106800
2014-11-18,6.860000133514404,7.039999961853027,6.670000076293945,6.739999771118164,6.739999771118164,45200
2014-11-19,6.760000228881836,6.760000228881836,6.519999980926514,6.539999961853027,6.539999961853027,35300
2014-11-20,6.510000228881836,6.670000076293945,6.349999904632568,6.610000133514404,6.610000133514404,79400
2014-11-21,6.699999809265137,6.75,6.5,6.599999904632568,6.599999904632568,66400
2014-11-24,6.590000152587891,7.070000171661377,6.590000152587891,6.78000020980835,6.78000020980835,155600
2014-11-25,6.820000171661377,6.840000152587891,6.599999904632568,6.610000133514404,6.610000133514404,21400
2014-11-26,6.599999904632568,6.730000019073486,6.599999904632568,6.639999866485596,6.639999866485596,79300
2014-11-28,6.690000057220459,6.710000038146973,6.489999771118164,6.519999980926514,6.519999980926514,40100
2014-12-01,6.5,6.539999961853027,6.300000190734863,6.369999885559082,6.369999885559082,66000
2014-12-02,6.360000133514404,6.769999980926514,6.25,6.329999923706055,6.329999923706055,225700
2014-12-03,6.360000133514404,6.420000076293945,6.269999980926514,6.340000152587891,6.340000152587891,62000
2014-12-04,6.380000114440918,6.5,6.309999942779541,6.480000019073486,6.480000019073486,119400
2014-12-05,6.480000019073486,6.75,6.440000057220459,6.710000038146973,6.710000038146973,82600
2014-12-08,6.670000076293945,7.46999979019165,6.670000076293945,7.230000019073486,7.230000019073486,99300
2014-12-09,7.159999847412109,7.400000095367432,6.929999828338623,7.320000171661377,7.320000171661377,116900
2014-12-10,7.289999961853027,7.789999961853027,7.289999961853027,7.550000190734863,7.550000190734863,65000
2014-12-11,7.539999961853027,7.699999809265137,7.25,7.309999942779541,7.309999942779541,115400
2014-12-12,7.210000038146973,7.519999980926514,7.179999828338623,7.449999809265137,7.449999809265137,184300
2014-12-15,7.489999771118164,7.670000076293945,7.28000020980835,7.53000020980835,7.53000020980835,83900
2014-12-16,7.559999942779541,7.599999904632568,7.150000095367432,7.28000020980835,7.28000020980835,72900
2014-12-17,7.260000228881836,7.789999961853027,7.25,7.670000076293945,7.670000076293945,59800
2014-12-18,7.800000190734863,7.889999866485596,7.449999809265137,7.75,7.75,100500
2014-12-19,7.789999961853027,8.449999809265137,7.789999961853027,8.34000015258789,8.34000015258789,96400
2014-12-22,8.350000381469727,8.529999732971191,8.0,8.079999923706055,8.079999923706055,32700
2014-12-23,8.109999656677246,8.270000457763672,7.840000152587891,8.170000076293945,8.170000076293945,106600
2014-12-24,7.809999942779541,8.470000267028809,7.809999942779541,8.239999771118164,8.239999771118164,48800
2014-12-26,8.34000015258789,9.289999961853027,8.270000457763672,9.270000457763672,9.270000457763672,114900
2014-12-29,9.3100004196167,9.479999542236328,8.720000267028809,9.170000076293945,9.170000076293945,103600
2014-12-30,9.109999656677246,9.6899995803833,9.109999656677246,9.520000457763672,9.520000457763672,240800
2014-12-31,9.600000381469727,9.850000381469727,9.470000267028809,9.65999984741211,9.65999984741211,183000
2015-01-02,9.729999542236328,9.739999771118164,9.010000228881836,9.449999809265137,9.449999809265137,56200
2015-01-05,9.430000305175781,9.470000267028809,9.020000457763672,9.1899995803833,9.1899995803833,88800
2015-01-06,9.25,9.40999984741211,8.5,8.600000381469727,8.600000381469727,78500
2015-01-07,8.6899995803833,8.6899995803833,8.149999618530273,8.369999885559082,8.369999885559082,66000
2015-01-08,8.430000305175781,8.510000228881836,8.1850004196167,8.229999542236328,8.229999542236328,47700
2015-01-09,8.25,8.289999961853027,8.0600004196167,8.199999809265137,8.199999809265137,23500
2015-01-12,8.25,8.600000381469727,8.029999732971191,8.039999961853027,8.039999961853027,72700
2015-01-13,8.15999984741211,8.64900016784668,8.15999984741211,8.430000305175781,8.430000305175781,62900
2015-01-14,8.329999923706055,8.510000228881836,8.170000076293945,8.25,8.25,29700
2015-01-15,8.390000343322754,8.390000343322754,7.849999904632568,7.96999979019165,7.96999979019165,61300
2015-01-16,7.929999828338623,8.329999923706055,7.889999866485596,8.229999542236328,8.229999542236328,45000
2015-01-20,8.199999809265137,8.600000381469727,8.109999656677246,8.390000343322754,8.390000343322754,44100
2015-01-21,8.390000343322754,8.390000343322754,7.949999809265137,7.980000019073486,7.980000019073486,34300
2015-01-22,8.010000228881836,8.130000114440918,7.789999961853027,8.079999923706055,8.079999923706055,44100
2015-01-23,8.09000015258789,8.260000228881836,7.96999979019165,8.029999732971191,8.029999732971191,35500
2015-01-26,8.0600004196167,8.180000305175781,7.900000095367432,7.940000057220459,7.940000057220459,36600
2015-01-27,7.889999866485596,8.199999809265137,7.769999980926514,8.039999961853027,8.039999961853027,42900
2015-01-28,8.050000190734863,8.079999923706055,7.880000114440918,7.960000038146973,7.960000038146973,37900
2015-01-29,8.0,8.470000267028809,7.909999847412109,8.3100004196167,8.3100004196167,55100
2015-01-30,8.229999542236328,8.470000267028809,8.020000457763672,8.100000381469727,8.100000381469727,65700
2015-02-02,8.15999984741211,8.25,8.0,8.199999809265137,8.199999809265137,49500
2015-02-03,8.270000457763672,8.399999618530273,8.010000228881836,8.109999656677246,8.109999656677246,43900
2015-02-04,8.09000015258789,8.510000228881836,8.069999694824219,8.289999961853027,8.289999961853027,61700
2015-02-05,8.484999656677246,8.645000457763672,8.34000015258789,8.460000038146973,8.460000038146973,77100
2015-02-06,8.600000381469727,8.640000343322754,8.4399995803833,8.460000038146973,8.460000038146973,70100
2015-02-09,8.449999809265137,8.510000228881836,8.34000015258789,8.470000267028809,8.470000267028809,106400
2015-02-10,8.430000305175781,8.430000305175781,8.1899995803833,8.359999656677246,8.359999656677246,14300
2015-02-11,8.369999885559082,8.619999885559082,8.329999923706055,8.5600004196167,8.5600004196167,30000
2015-02-12,8.640000343322754,8.829999923706055,8.489999771118164,8.550000190734863,8.550000190734863,25800
2015-02-13,8.600000381469727,8.779999732971191,8.449999809265137,8.770000457763672,8.770000457763672,70800
2015-02-17,8.789999961853027,9.0600004196167,8.1899995803833,9.010000228881836,9.010000228881836,82700
2015-02-18,9.020000457763672,9.130000114440918,8.920000076293945,9.020000457763672,9.020000457763672,23700
2015-02-19,9.079999923706055,9.229999542236328,8.869999885559082,8.979999542236328,8.979999542236328,35200
2015-02-20,9.010000228881836,9.095000267028809,8.710000038146973,8.789999961853027,8.789999961853027,97300
2015-02-23,8.800000190734863,8.989999771118164,8.569999694824219,8.619999885559082,8.619999885559082,30400
2015-02-24,8.600000381469727,8.720000267028809,8.470000267028809,8.600000381469727,8.600000381469727,37500
2015-02-25,8.449999809265137,8.960000038146973,8.449999809265137,8.65999984741211,8.65999984741211,39100
2015-02-26,8.680000305175781,8.90999984741211,8.579999923706055,8.640000343322754,8.640000343322754,35100
2015-02-27,8.75,8.829999923706055,8.640000343322754,8.789999961853027,8.789999961853027,20400
2015-03-02,8.8100004196167,8.90999984741211,8.744999885559082,8.859999656677246,8.859999656677246,26600
2015-03-03,8.8100004196167,8.8149995803833,8.539999961853027,8.609999656677246,8.609999656677246,36000
2015-03-04,8.600000381469727,8.600000381469727,8.380000114440918,8.550000190734863,8.550000190734863,40600
2015-03-05,8.510000228881836,8.609999656677246,8.399999618530273,8.489999771118164,8.489999771118164,36400
2015-03-06,8.420000076293945,8.520000457763672,8.359999656677246,8.449999809265137,8.449999809265137,96800
2015-03-09,8.489999771118164,8.510000228881836,8.0,8.09000015258789,8.09000015258789,60800
2015-03-10,8.0,8.079999923706055,7.859000205993652,7.949999809265137,7.949999809265137,34300
2015-03-11,7.880000114440918,8.15999984741211,7.809999942779541,7.900000095367432,7.900000095367432,62700
2015-03-12,8.029999732971191,8.050000190734863,7.889999866485596,7.980000019073486,7.980000019073486,40700
2015-03-13,7.960000038146973,8.029999732971191,7.599999904632568,7.679999828338623,7.679999828338623,78400
2015-03-16,7.889999866485596,7.889999866485596,7.579999923706055,7.650000095367432,7.650000095367432,24300
2015-03-17,7.619999885559082,7.769999980926514,7.434999942779541,7.679999828338623,7.679999828338623,30900
2015-03-18,7.639999866485596,8.300000190734863,7.639999866485596,8.199999809265137,8.199999809265137,26300
2015-03-19,8.210000038146973,8.300000190734863,7.949999809265137,8.300000190734863,8.300000190734863,45100
2015-03-20,8.300000190734863,8.350000381469727,7.300000190734863,7.309999942779541,7.309999942779541,183500
2015-03-23,7.289999961853027,7.289999961853027,6.940000057220459,6.96999979019165,6.96999979019165,103900
2015-03-24,6.949999809265137,6.960000038146973,6.820000171661377,6.929999828338623,6.929999828338623,23600
2015-03-25,6.989999771118164,7.110000133514404,6.804999828338623,6.960000038146973,6.960000038146973,36400
2015-03-26,6.909999847412109,6.909999847412109,6.5,6.679999828338623,6.679999828338623,55300
2015-03-27,6.659999847412109,7.119999885559082,6.659999847412109,7.059999942779541,7.059999942779541,83400
2015-03-30,7.059999942779541,7.150000095367432,6.96999979019165,7.050000190734863,7.050000190734863,59900
2015-03-31,7.019999980926514,7.340000152587891,6.989999771118164,7.28000020980835,7.28000020980835,99700
2015-04-01,7.449999809265137,7.71999979019165,7.28000020980835,7.590000152587891,7.590000152587891,234200
2015-04-02,7.659999847412109,7.659999847412109,7.239999771118164,7.440000057220459,7.440000057220459,60400
2015-04-06,7.369999885559082,8.199999809265137,7.239999771118164,8.109999656677246,8.109999656677246,183500
2015-04-07,8.260000228881836,8.449999809265137,8.0,8.03499984741211,8.03499984741211,59700
2015-04-08,8.229999542236328,8.279999732971191,8.0,8.229999542236328,8.229999542236328,66100
2015-04-09,8.270000457763672,8.300000190734863,8.0,8.239999771118164,8.239999771118164,34500
2015-04-10,8.34000015258789,8.34000015258789,8.0600004196167,8.15999984741211,8.15999984741211,37100
2015-04-13,8.199999809265137,8.390000343322754,8.15999984741211,8.3100004196167,8.3100004196167,26800
2015-04-14,8.520000457763672,9.25,8.520000457763672,8.880000114440918,8.880000114440918,240300
2015-04-15,9.0,9.039999961853027,8.75,8.899999618530273,8.899999618530273,76600
2015-04-16,8.930000305175781,8.979999542236328,8.800000190734863,8.819999694824219,8.819999694824219,28500
2015-04-17,8.800000190734863,8.890000343322754,8.800000190734863,8.829999923706055,8.829999923706055,32700
2015-04-20,8.859999656677246,8.880000114440918,8.399999618530273,8.420000076293945,8.420000076293945,61900
2015-04-21,8.489999771118164,8.529999732971191,8.010000228881836,8.100000381469727,8.100000381469727,50100
2015-04-22,8.140000343322754,8.220000267028809,8.0,8.149999618530273,8.149999618530273,32800
2015-04-23,8.479999542236328,9.380000114440918,8.479999542236328,9.229999542236328,9.229999542236328,213300
2015-04-24,9.289999961853027,9.649999618530273,9.100000381469727,9.630000114440918,9.630000114440918,116800
2015-04-27,9.6899995803833,10.079999923706055,9.6899995803833,9.829999923706055,9.829999923706055,171400
2015-04-28,9.880000114440918,9.880000114440918,9.359999656677246,9.5600004196167,9.5600004196167,89600
2015-04-29,9.569999694824219,9.630000114440918,9.199999809265137,9.510000228881836,9.510000228881836,89300
2015-04-30,9.510000228881836,9.510000228881836,9.010000228881836,9.149999618530273,9.149999618530273,138300
2015-05-01,9.15999984741211,9.3100004196167,8.84000015258789,8.970000267028809,8.970000267028809,58600
2015-05-04,9.010000228881836,9.239999771118164,8.899999618530273,8.930000305175781,8.930000305175781,55100
2015-05-05,8.949999809265137,8.949999809265137,8.4399995803833,8.539999961853027,8.539999961853027,61500
2015-05-06,8.489999771118164,8.680000305175781,8.369999885559082,8.550000190734863,8.550000190734863,65000
2015-05-07,8.510000228881836,8.699999809265137,8.479999542236328,8.579999923706055,8.579999923706055,32700
2015-05-08,8.699999809265137,8.87399959564209,8.65999984741211,8.8100004196167,8.8100004196167,131500
2015-05-11,8.75,8.920000076293945,8.699999809265137,8.819999694824219,8.819999694824219,56500
2015-05-12,8.75,8.869999885559082,8.649999618530273,8.8100004196167,8.8100004196167,38700
2015-05-13,8.84000015258789,8.84000015258789,8.449999809265137,8.649999618530273,8.649999618530273,34800
2015-05-14,8.680000305175781,8.770000457763672,8.5,8.569999694824219,8.569999694824219,38400
2015-05-15,8.600000381469727,9.390000343322754,8.5600004196167,9.270000457763672,9.270000457763672,42600
2015-05-18,9.770000457763672,10.65999984741211,9.609999656677246,10.630000114440918,10.630000114440918,448600
2015-05-19,10.720000267028809,10.880000114440918,9.960000038146973,10.40999984741211,10.40999984741211,237700
2015-05-20,10.40999984741211,10.899999618530273,10.15999984741211,10.789999961853027,10.789999961853027,83900
2015-05-21,10.819999694824219,10.9399995803833,10.569999694824219,10.84000015258789,10.84000015258789,74100
2015-05-22,10.75,10.869999885559082,10.029999732971191,10.6899995803833,10.6899995803833,76600
2015-05-26,10.6899995803833,10.6899995803833,10.239999771118164,10.329999923706055,10.329999923706055,74200
2015-05-27,10.3100004196167,10.420000076293945,9.890000343322754,10.329999923706055,10.329999923706055,77200
2015-05-28,10.229999542236328,10.390000343322754,10.050000190734863,10.25,10.25,51600
2015-05-29,10.1899995803833,10.6899995803833,10.119999885559082,10.5,10.5,63000
2015-06-01,10.5600004196167,10.744000434875488,8.880000114440918,10.039999961853027,10.039999961853027,259300
2015-06-02,9.789999961853027,10.729999542236328,9.789999961853027,10.699999809265137,10.699999809265137,109000
2015-06-03,10.710000038146973,11.149999618530273,10.130000114440918,11.130000114440918,11.130000114440918,115600
2015-06-04,11.140000343322754,11.5,11.029999732971191,11.460000038146973,11.460000038146973,131000
2015-06-05,11.479999542236328,12.199999809265137,11.289999961853027,11.739999771118164,11.739999771118164,265400
2015-06-08,11.770000457763672,11.880000114440918,10.970000267028809,11.520000457763672,11.520000457763672,176900
2015-06-09,11.279999732971191,11.390000343322754,11.050000190734863,11.229999542236328,11.229999542236328,44200
2015-06-10,11.34000015258789,11.34000015258789,11.050000190734863,11.229999542236328,11.229999542236328,47000
2015-06-11,11.449999809265137,11.5600004196167,11.09000015258789,11.140000343322754,11.140000343322754,54300
2015-06-12,11.119999885559082,11.220000267028809,10.539999961853027,10.819999694824219,10.819999694824219,79300
2015-06-15,10.800000190734863,11.359999656677246,10.800000190734863,11.239999771118164,11.239999771118164,152500
2015-06-16,11.239999771118164,11.595000267028809,11.069999694824219,11.25,11.25,85500
2015-06-17,11.25,11.289999961853027,11.029999732971191,11.25,11.25,76800
2015-06-18,11.520000457763672,11.520000457763672,11.170000076293945,11.300000190734863,11.300000190734863,89300
2015-06-19,11.260000228881836,11.8100004196167,11.09000015258789,11.65999984741211,11.65999984741211,129400
2015-06-22,11.6899995803833,11.970000267028809,11.010000228881836,11.539999961853027,11.539999961853027,123500
2015-06-23,11.479999542236328,11.779999732971191,11.319999694824219,11.729999542236328,11.729999542236328,94200
2015-06-24,11.770000457763672,11.850000381469727,11.470000267028809,11.520000457763672,11.520000457763672,125100
2015-06-25,11.510000228881836,11.550000190734863,10.579999923706055,11.180000305175781,11.180000305175781,124100
2015-06-26,11.210000038146973,12.138999938964844,11.0600004196167,11.930000305175781,11.930000305175781,924600
2015-06-29,11.800000190734863,11.9399995803833,10.979999542236328,11.079999923706055,11.079999923706055,120000
2015-06-30,11.130000114440918,11.199999809265137,10.720000267028809,11.140000343322754,11.140000343322754,58300
2015-07-01,11.15999984741211,11.288000106811523,10.380000114440918,10.59000015258789,10.59000015258789,85800
2015-07-02,10.619999885559082,10.670000076293945,10.220000267028809,10.270000457763672,10.270000457763672,32700
2015-07-06,10.119999885559082,10.170000076293945,9.420000076293945,9.770000457763672,9.770000457763672,107600
2015-07-07,9.819999694824219,9.829999923706055,9.40999984741211,9.8100004196167,9.8100004196167,76900
2015-07-08,9.75,9.84000015258789,9.5,9.609999656677246,9.609999656677246,63800
2015-07-09,9.699999809265137,9.930000305175781,9.331999778747559,9.550000190734863,9.550000190734863,49300
2015-07-10,9.640000343322754,10.789999961853027,9.640000343322754,10.770000457763672,10.770000457763672,54200
2015-07-13,10.819999694824219,10.880000114440918,10.510000228881836,10.770000457763672,10.770000457763672,49000
2015-07-14,10.800000190734863,11.270000457763672,10.670000076293945,11.010000228881836,11.010000228881836,38100
2015-07-15,11.079999923706055,11.25,10.949999809265137,11.109999656677246,11.109999656677246,41100
2015-07-16,11.119999885559082,11.494999885559082,11.119999885559082,11.390000343322754,11.390000343322754,52600
2015-07-17,11.4399995803833,11.470000267028809,11.1899995803833,11.390000343322754,11.390000343322754,47700
2015-07-20,11.369999885559082,11.489999771118164,10.579999923706055,11.25,11.25,71100
2015-07-21,11.319999694824219,11.34000015258789,10.859999656677246,11.069999694824219,11.069999694824219,32500
2015-07-22,11.0,12.0,11.0,11.989999771118164,11.989999771118164,212600
2015-07-23,11.970000267028809,12.420000076293945,11.59000015258789,12.359999656677246,12.359999656677246,88100
2015-07-24,12.470000267028809,12.470000267028809,11.619999885559082,11.970000267028809,11.970000267028809,207900
2015-07-27,11.869999885559082,12.199999809265137,11.795000076293945,11.960000038146973,11.960000038146973,66900
2015-07-28,11.9399995803833,11.949999809265137,11.4399995803833,11.449999809265137,11.449999809265137,50300
2015-07-29,11.4399995803833,11.739999771118164,10.880000114440918,11.289999961853027,11.289999961853027,80100
2015-07-30,11.100000381469727,11.4399995803833,10.539999961853027,11.130000114440918,11.130000114440918,33900
2015-07-31,11.199999809265137,11.670000076293945,10.609999656677246,11.600000381469727,11.600000381469727,29500
2015-08-03,11.5600004196167,12.0,11.420000076293945,11.649999618530273,11.649999618530273,47600
2015-08-04,11.390000343322754,11.770000457763672,11.279999732971191,11.300000190734863,11.300000190734863,21900
2015-08-05,11.420000076293945,11.539999961853027,10.770000457763672,10.90999984741211,10.90999984741211,94700
2015-08-06,10.880000114440918,10.880000114440918,10.449999809265137,10.619999885559082,10.619999885559082,27500
2015-08-07,10.579999923706055,10.579999923706055,9.996000289916992,10.050000190734863,10.050000190734863,29800
2015-08-10,10.0,10.510000228881836,10.0,10.130000114440918,10.130000114440918,33300
2015-08-11,10.050000190734863,10.199999809265137,9.630000114440918,9.770000457763672,9.770000457763672,33200
2015-08-12,9.630000114440918,10.329999923706055,9.520000457763672,9.970000267028809,9.970000267028809,36800
2015-08-13,10.942000389099121,10.942000389099121,9.779999732971191,9.8100004196167,9.8100004196167,29400
2015-08-14,9.119999885559082,9.649999618530273,9.109999656677246,9.180000305175781,9.180000305175781,82500
2015-08-17,9.119999885559082,9.5600004196167,9.109999656677246,9.329999923706055,9.329999923706055,50700
2015-08-18,9.34000015258789,9.449999809265137,9.149999618530273,9.260000228881836,9.260000228881836,39300
2015-08-19,9.229999542236328,9.34000015258789,8.949999809265137,8.949999809265137,8.949999809265137,104000
2015-08-20,8.890000343322754,9.149999618530273,8.300000190734863,8.430000305175781,8.430000305175781,99400
2015-08-21,8.170000076293945,9.359999656677246,8.010000228881836,8.40999984741211,8.40999984741211,88800
2015-08-24,8.0600004196167,9.0,8.0600004196167,8.300000190734863,8.300000190734863,71200
2015-08-25,8.5,8.5,8.0,8.029999732971191,8.029999732971191,65000
2015-08-26,8.229999542236328,8.529999732971191,7.949999809265137,8.25,8.25,101100
2015-08-27,8.279999732971191,8.380000114440918,8.010000228881836,8.270000457763672,8.270000457763672,64100
2015-08-28,8.279999732971191,8.899999618530273,8.279999732971191,8.739999771118164,8.739999771118164,51600
2015-08-31,8.720000267028809,9.6899995803833,8.720000267028809,9.430000305175781,9.430000305175781,78700
2015-09-01,9.239999771118164,9.529999732971191,8.069999694824219,8.90999984741211,8.90999984741211,82000
2015-09-02,8.989999771118164,8.989999771118164,8.710000038146973,8.779999732971191,8.779999732971191,46200
2015-09-03,8.845000267028809,9.0,8.789999961853027,8.850000381469727,8.850000381469727,62600
2015-09-04,8.710000038146973,9.100000381469727,8.710000038146973,8.84000015258789,8.84000015258789,38600
2015-09-08,9.0,9.0,8.800000190734863,8.84000015258789,8.84000015258789,79300
2015-09-09,8.970000267028809,8.989999771118164,8.65999984741211,8.8100004196167,8.8100004196167,48400
2015-09-10,8.739999771118164,9.0,8.739999771118164,8.960000038146973,8.960000038146973,45700
2015-09-11,8.880000114440918,9.5600004196167,8.880000114440918,9.430000305175781,9.430000305175781,28600
2015-09-14,9.399999618530273,9.399999618530273,8.994999885559082,9.109999656677246,9.109999656677246,29800
2015-09-15,9.109999656677246,9.329999923706055,8.949999809265137,9.0,9.0,84100
2015-09-16,8.949999809265137,9.0600004196167,8.574999809265137,8.680000305175781,8.680000305175781,114600
2015-09-17,8.640000343322754,8.859999656677246,8.529999732971191,8.609999656677246,8.609999656677246,71700
2015-09-18,8.510000228881836,8.760000228881836,8.229999542236328,8.390000343322754,8.390000343322754,81900
2015-09-21,8.390000343322754,8.600000381469727,8.029999732971191,8.140000343322754,8.140000343322754,63800
2015-09-22,8.050000190734863,8.270000457763672,7.684999942779541,7.840000152587891,7.840000152587891,46700
2015-09-23,7.869999885559082,8.0,7.554999828338623,7.699999809265137,7.699999809265137,71500
2015-09-24,7.659999847412109,7.659999847412109,7.400000095367432,7.480000019073486,7.480000019073486,59800
2015-09-25,7.550000190734863,7.550000190734863,6.980000019073486,7.03000020980835,7.03000020980835,90900
2015-09-28,6.940000057220459,7.079999923706055,5.449999809265137,5.510000228881836,5.510000228881836,182700
2015-09-29,5.5,5.510000228881836,4.809999942779541,4.940000057220459,4.940000057220459,216200
2015-09-30,5.050000190734863,5.199999809265137,4.590000152587891,4.690000057220459,4.690000057220459,208100
2015-10-01,4.75,5.369999885559082,4.690000057220459,5.179999828338623,5.179999828338623,192300
2015-10-02,5.139999866485596,5.940000057220459,5.0,5.829999923706055,5.829999923706055,96700
2015-10-05,5.929999828338623,6.019999980926514,5.635000228881836,5.809999942779541,5.809999942779541,46300
2015-10-06,5.789999961853027,5.940000057220459,5.510000228881836,5.769999980926514,5.769999980926514,93200
2015-10-07,5.769999980926514,6.389999866485596,5.760000228881836,6.300000190734863,6.300000190734863,59500
2015-10-08,6.239999771118164,6.420000076293945,6.119999885559082,6.400000095367432,6.400000095367432,39200
2015-10-09,6.409999847412109,6.514999866485596,6.380000114440918,6.5,6.5,30300
2015-10-12,6.510000228881836,6.510000228881836,5.989999771118164,6.090000152587891,6.090000152587891,72700
2015-10-13,6.090000152587891,6.139999866485596,5.800000190734863,5.880000114440918,5.880000114440918,46200
2015-10-14,5.900000095367432,6.059999942779541,5.710000038146973,5.809999942779541,5.809999942779541,35200
2015-10-15,5.829999923706055,6.380000114440918,5.730000019073486,6.369999885559082,6.369999885559082,53000
2015-10-16,6.619999885559082,6.619999885559082,6.260000228881836,6.519999980926514,6.519999980926514,38500
2015-10-19,6.539999961853027,6.940000057220459,6.360000133514404,6.440000057220459,6.440000057220459,33500
2015-10-20,6.460000038146973,6.794000148773193,6.150000095367432,6.409999847412109,6.409999847412109,30300
2015-10-21,6.449999809265137,6.739999771118164,6.199999809265137,6.570000171661377,6.570000171661377,47500
2015-10-22,6.679999828338623,6.881999969482422,6.190000057220459,6.420000076293945,6.420000076293945,44300
2015-10-23,6.579999923706055,6.96999979019165,6.322999954223633,6.909999847412109,6.909999847412109,41800
2015-10-26,6.920000076293945,7.010000228881836,6.610000133514404,6.800000190734863,6.800000190734863,55000
2015-10-27,6.829999923706055,7.340000152587891,6.289999961853027,6.369999885559082,6.369999885559082,97300
2015-10-28,6.28000020980835,7.25,6.210000038146973,6.880000114440918,6.880000114440918,100200
2015-10-29,6.909999847412109,7.139999866485596,6.0,6.550000190734863,6.550000190734863,137300
2015-10-30,6.5,7.139999866485596,6.150000095367432,6.510000228881836,6.510000228881836,199300
2015-11-02,6.519999980926514,6.958000183105469,5.940000057220459,6.119999885559082,6.119999885559082,194900
2015-11-03,6.070000171661377,6.179999828338623,5.889999866485596,6.010000228881836,6.010000228881836,101100
2015-11-04,5.989999771118164,7.349999904632568,5.949999809265137,7.150000095367432,7.150000095367432,106400
2015-11-05,7.150000095367432,7.820000171661377,6.760000228881836,7.139999866485596,7.139999866485596,123100
2015-11-06,6.800000190734863,7.179999828338623,6.239999771118164,7.079999923706055,7.079999923706055,37500
2015-11-09,6.980000019073486,7.685999870300293,6.949999809265137,7.119999885559082,7.119999885559082,92700
2015-11-10,6.860000133514404,6.889999866485596,6.53000020980835,6.650000095367432,6.650000095367432,67000
2015-11-11,6.400000095367432,7.519999980926514,6.260000228881836,6.380000114440918,6.380000114440918,57800
2015-11-12,6.340000152587891,6.5,6.110000133514404,6.139999866485596,6.139999866485596,48000
2015-11-13,6.099999904632568,6.789999961853027,6.099999904632568,6.320000171661377,6.320000171661377,49500
2015-11-16,6.139999866485596,6.53000020980835,6.139999866485596,6.289999961853027,6.289999961853027,27400
2015-11-17,6.309999942779541,6.480000019073486,6.110000133514404,6.269999980926514,6.269999980926514,59800
2015-11-18,6.5,8.149999618530273,6.5,7.269999980926514,7.269999980926514,667200
2015-11-19,7.260000228881836,7.349999904632568,7.110000133514404,7.28000020980835,7.28000020980835,298800
2015-11-20,7.360000133514404,7.5,7.179999828338623,7.260000228881836,7.260000228881836,150100
2015-11-23,7.210000038146973,7.644999980926514,7.170000076293945,7.28000020980835,7.28000020980835,155400
2015-11-24,7.320000171661377,7.460000038146973,6.989999771118164,7.199999809265137,7.199999809265137,169100
2015-11-25,7.230000019073486,7.349999904632568,7.159999847412109,7.239999771118164,7.239999771118164,73800
2015-11-27,7.179999828338623,7.420000076293945,7.110000133514404,7.300000190734863,7.300000190734863,48100
2015-11-30,7.289999961853027,7.349999904632568,6.989999771118164,7.190000057220459,7.190000057220459,111300
2015-12-01,7.25,7.329999923706055,6.869999885559082,7.190000057220459,7.190000057220459,48100
2015-12-02,7.119999885559082,7.239999771118164,6.802000045776367,7.050000190734863,7.050000190734863,54100
2015-12-03,7.039999961853027,7.09499979019165,6.849999904632568,7.019999980926514,7.019999980926514,66000
2015-12-04,7.0,7.099999904632568,6.829999923706055,6.989999771118164,6.989999771118164,65300
2015-12-07,7.03000020980835,7.090000152587891,6.690000057220459,6.829999923706055,6.829999923706055,68000
2015-12-08,6.769999980926514,7.03000020980835,6.769999980926514,7.010000228881836,7.010000228881836,49800
2015-12-09,7.010000228881836,7.099999904632568,6.869999885559082,7.039999961853027,7.039999961853027,68300
2015-12-10,7.039999961853027,7.260000228881836,6.909999847412109,7.139999866485596,7.139999866485596,42200
2015-12-11,6.940000057220459,7.139999866485596,6.769999980926514,6.820000171661377,6.820000171661377,90500
2015-12-14,6.929999828338623,7.0,6.679999828338623,6.820000171661377,6.820000171661377,56000
2015-12-15,7.079999923706055,7.369999885559082,6.789999961853027,7.039999961853027,7.039999961853027,191700
2015-12-16,7.079999923706055,7.309999942779541,7.039999961853027,7.190000057220459,7.190000057220459,66200
2015-12-17,7.349999904632568,7.349999904632568,7.090000152587891,7.099999904632568,7.099999904632568,67300
2015-12-18,7.199999809265137,7.449999809265137,6.989999771118164,7.039999961853027,7.039999961853027,263000
2015-12-21,7.130000114440918,7.150000095367432,6.889999866485596,7.0,7.0,115400
2015-12-22,6.949999809265137,7.480000019073486,6.849999904632568,7.329999923706055,7.329999923706055,82900
2015-12-23,7.380000114440918,7.480000019073486,7.260000228881836,7.369999885559082,7.369999885559082,42300
2015-12-24,7.420000076293945,7.440000057220459,7.199999809265137,7.320000171661377,7.320000171661377,31100
2015-12-28,7.25,7.420000076293945,7.110000133514404,7.199999809265137,7.199999809265137,35500
2015-12-29,7.199999809265137,7.255000114440918,7.025000095367432,7.099999904632568,7.099999904632568,78800
2015-12-30,7.110000133514404,7.409999847412109,6.869999885559082,7.170000076293945,7.170000076293945,88900
2015-12-31,7.150000095367432,7.480000019073486,6.900000095367432,7.199999809265137,7.199999809265137,228500
2016-01-04,7.050000190734863,7.304999828338623,6.46999979019165,6.789999961853027,6.789999961853027,168200
2016-01-05,6.829999923706055,6.920000076293945,6.599999904632568,6.820000171661377,6.820000171661377,47200
2016-01-06,6.699999809265137,7.099999904632568,6.53000020980835,6.650000095367432,6.650000095367432,39600
2016-01-07,6.510000228881836,6.599999904632568,6.28000020980835,6.510000228881836,6.510000228881836,54300
2016-01-08,6.53000020980835,6.659999847412109,6.260000228881836,6.260000228881836,6.260000228881836,38900
2016-01-11,6.28000020980835,6.409999847412109,5.650000095367432,5.800000190734863,5.800000190734863,94000
2016-01-12,5.849999904632568,6.920000076293945,5.849999904632568,6.199999809265137,6.199999809265137,100600
2016-01-13,6.179999828338623,6.550000190734863,5.730000019073486,6.0,6.0,82500
2016-01-14,6.010000228881836,6.090000152587891,5.739999771118164,5.929999828338623,5.929999828338623,48100
2016-01-15,5.769999980926514,5.960000038146973,5.409999847412109,5.949999809265137,5.949999809265137,88900
2016-01-19,5.96999979019165,6.099999904632568,5.679999828338623,5.829999923706055,5.829999923706055,83700
2016-01-20,5.71999979019165,6.170000076293945,5.449999809265137,6.130000114440918,6.130000114440918,51100
2016-01-21,6.119999885559082,6.340000152587891,5.900000095367432,6.159999847412109,6.159999847412109,46000
2016-01-22,6.28000020980835,6.53000020980835,6.110000133514404,6.46999979019165,6.46999979019165,51400
2016-01-25,6.46999979019165,6.53000020980835,6.300000190734863,6.400000095367432,6.400000095367432,40700
2016-01-26,6.489999771118164,6.539999961853027,6.144000053405762,6.510000228881836,6.510000228881836,48100
2016-01-27,6.519999980926514,6.599999904632568,6.199999809265137,6.289999961853027,6.289999961853027,60100
2016-01-28,6.309999942779541,6.340000152587891,6.065000057220459,6.260000228881836,6.260000228881836,55600
2016-01-29,6.25,6.619999885559082,6.25,6.480000019073486,6.480000019073486,79700
2016-02-01,6.460000038146973,6.460000038146973,5.869999885559082,6.059999942779541,6.059999942779541,129100
2016-02-02,5.980000019073486,5.980000019073486,5.699999809265137,5.760000228881836,5.760000228881836,55100
2016-02-03,5.809999942779541,5.880000114440918,5.46999979019165,5.78000020980835,5.78000020980835,57100
2016-02-04,5.75,5.940000057220459,5.5,5.809999942779541,5.809999942779541,59600
2016-02-05,5.769999980926514,5.769999980926514,5.25,5.360000133514404,5.360000133514404,91900
2016-02-08,5.309999942779541,5.579999923706055,5.150000095367432,5.510000228881836,5.510000228881836,38500
2016-02-09,5.409999847412109,5.769999980926514,5.21999979019165,5.489999771118164,5.489999771118164,30800
2016-02-10,5.510000228881836,5.599999904632568,5.260000228881836,5.320000171661377,5.320000171661377,38200
2016-02-11,5.210000038146973,5.400000095367432,5.170000076293945,5.329999923706055,5.329999923706055,61300
2016-02-12,5.409999847412109,5.619999885559082,5.309999942779541,5.599999904632568,5.599999904632568,76600
2016-02-16,5.670000076293945,5.789999961853027,5.53000020980835,5.599999904632568,5.599999904632568,88500
2016-02-17,5.659999847412109,6.409999847412109,5.599999904632568,6.320000171661377,6.320000171661377,70800
2016-02-18,6.360000133514404,6.360000133514404,5.989999771118164,6.090000152587891,6.090000152587891,112000
2016-02-19,6.090000152587891,6.230000019073486,6.050000190734863,6.179999828338623,6.179999828338623,69100
2016-02-22,6.300000190734863,6.440000057220459,6.230000019073486,6.380000114440918,6.380000114440918,56800
2016-02-23,6.349999904632568,6.440000057220459,5.869999885559082,6.050000190734863,6.050000190734863,63100
2016-02-24,5.980000019073486,6.230000019073486,5.889999866485596,6.159999847412109,6.159999847412109,121500
2016-02-25,6.429999828338623,6.429999828338623,5.940000057220459,6.210000038146973,6.210000038146973,23900
2016-02-26,6.409999847412109,6.480000019073486,6.119999885559082,6.440000057220459,6.440000057220459,49400
2016-02-29,6.460000038146973,6.639999866485596,6.389999866485596,6.599999904632568,6.599999904632568,45300
2016-03-01,6.690000057220459,6.690000057220459,6.300000190734863,6.449999809265137,6.449999809265137,38300
2016-03-02,6.480000019073486,6.53000020980835,6.349999904632568,6.5,6.5,67000
2016-03-03,6.550000190734863,6.599999904632568,6.409999847412109,6.489999771118164,6.489999771118164,56600
2016-03-04,6.460000038146973,6.699999809265137,6.34499979019165,6.480000019073486,6.480000019073486,36400
2016-03-07,6.429999828338623,6.951000213623047,6.070000171661377,6.670000076293945,6.670000076293945,30300
2016-03-08,6.670000076293945,6.840000152587891,6.34499979019165,6.480000019073486,6.480000019073486,42600
2016-03-09,6.559999942779541,6.730000019073486,6.380000114440918,6.460000038146973,6.460000038146973,21900
2016-03-10,6.539999961853027,6.539999961853027,5.699999809265137,6.199999809265137,6.199999809265137,100900
2016-03-11,6.340000152587891,6.340000152587891,5.769999980926514,5.889999866485596,5.889999866485596,65300
2016-03-14,5.75,5.960000038146973,5.369999885559082,5.610000133514404,5.610000133514404,113900
2016-03-15,5.5,5.659999847412109,5.389999866485596,5.429999828338623,5.429999828338623,41300
2016-03-16,5.429999828338623,5.679999828338623,4.949999809265137,5.090000152587891,5.090000152587891,90100
2016-03-17,5.070000171661377,5.099999904632568,4.5,4.71999979019165,4.71999979019165,122300
2016-03-18,4.75,4.869999885559082,4.650000095367432,4.760000228881836,4.760000228881836,197200
2016-03-21,4.789999961853027,5.050000190734863,4.679999828338623,4.699999809265137,4.699999809265137,114100
2016-03-22,4.710000038146973,4.710000038146973,4.550000190734863,4.579999923706055,4.579999923706055,161500
2016-03-23,4.579999923706055,4.650000095367432,4.46999979019165,4.510000228881836,4.510000228881836,208800
2016-03-24,4.480000019073486,4.96999979019165,4.210000038146973,4.900000095367432,4.900000095367432,202200
2016-03-28,4.880000114440918,5.360000133514404,4.769999980926514,5.199999809265137,5.199999809265137,161000
2016-03-29,4.869999885559082,5.5,4.869999885559082,5.400000095367432,5.400000095367432,91000
2016-03-30,5.51200008392334,5.519999980926514,5.28000020980835,5.329999923706055,5.329999923706055,133900
2016-03-31,5.010000228881836,5.559999942779541,5.010000228881836,5.400000095367432,5.400000095367432,93000
2016-04-01,5.389999866485596,5.550000190734863,5.309999942779541,5.340000152587891,5.340000152587891,88900
2016-04-04,5.320000171661377,5.380000114440918,5.139999866485596,5.230000019073486,5.230000019073486,62300
2016-04-05,5.199999809265137,5.389999866485596,4.974999904632568,5.119999885559082,5.119999885559082,52800
2016-04-06,5.099999904632568,5.440000057220459,5.099999904632568,5.349999904632568,5.349999904632568,105100
2016-04-07,5.300000190734863,5.420000076293945,5.139999866485596,5.260000228881836,5.260000228881836,53500
2016-04-08,5.340000152587891,5.429999828338623,5.099999904632568,5.269999980926514,5.269999980926514,37800
2016-04-11,5.300000190734863,5.550000190734863,5.255000114440918,5.380000114440918,5.380000114440918,56100
2016-04-12,5.369999885559082,5.574999809265137,5.139999866485596,5.440000057220459,5.440000057220459,32700
2016-04-13,5.510000228881836,5.570000171661377,5.400000095367432,5.5,5.5,45900
2016-04-14,5.170000076293945,5.690000057220459,5.170000076293945,5.519999980926514,5.519999980926514,28700
2016-04-15,5.46999979019165,5.75,5.283999919891357,5.559999942779541,5.559999942779541,52000
2016-04-18,5.440000057220459,5.590000152587891,4.889999866485596,5.559999942779541,5.559999942779541,33600
2016-04-19,5.440000057220459,5.46999979019165,5.289999961853027,5.389999866485596,5.389999866485596,46000
2016-04-20,5.400000095367432,5.590000152587891,5.340000152587891,5.449999809265137,5.449999809265137,102100
2016-04-21,5.400000095367432,5.46999979019165,5.340000152587891,5.420000076293945,5.420000076293945,86700
2016-04-22,5.400000095367432,5.849999904632568,5.349999904632568,5.800000190734863,5.800000190734863,137100
2016-04-25,5.829999923706055,5.880000114440918,5.730000019073486,5.849999904632568,5.849999904632568,52000
2016-04-26,5.889999866485596,5.980000019073486,5.809999942779541,5.840000152587891,5.840000152587891,46100
2016-04-27,5.880000114440918,5.960000038146973,5.775000095367432,5.849999904632568,5.849999904632568,42100
2016-04-28,5.849999904632568,5.920000076293945,5.760000228881836,5.789999961853027,5.789999961853027,46100
2016-04-29,5.789999961853027,5.869999885559082,5.730000019073486,5.800000190734863,5.800000190734863,50500
2016-05-02,5.829999923706055,5.829999923706055,5.559999942779541,5.739999771118164,5.739999771118164,80600
2016-05-03,5.690000057220459,5.690000057220459,5.519999980926514,5.599999904632568,5.599999904632568,28100
2016-05-04,5.590000152587891,5.789999961853027,5.260000228881836,5.289999961853027,5.289999961853027,62600
2016-05-05,5.300000190734863,5.559999942779541,5.03000020980835,5.230000019073486,5.230000019073486,51200
2016-05-06,5.179999828338623,5.389999866485596,5.150000095367432,5.349999904632568,5.349999904632568,30000
2016-05-09,5.369999885559082,5.679999828338623,5.340000152587891,5.519999980926514,5.519999980926514,32400
2016-05-10,5.510000228881836,5.619999885559082,5.394999980926514,5.510000228881836,5.510000228881836,18100
2016-05-11,5.539999961853027,5.550000190734863,5.260000228881836,5.320000171661377,5.320000171661377,35000
2016-05-12,5.329999923706055,5.429999828338623,5.099999904632568,5.260000228881836,5.260000228881836,41200
2016-05-13,5.190000057220459,5.269999980926514,5.059999942779541,5.159999847412109,5.159999847412109,79000
2016-05-16,5.119999885559082,5.480000019073486,5.119999885559082,5.400000095367432,5.400000095367432,80000
2016-05-17,5.340000152587891,5.449999809265137,5.050000190734863,5.179999828338623,5.179999828338623,79000
2016-05-18,5.199999809265137,5.320000171661377,5.110000133514404,5.21999979019165,5.21999979019165,25200
2016-05-19,5.329999923706055,5.340000152587891,5.099999904632568,5.260000228881836,5.260000228881836,44200
2016-05-20,5.300000190734863,5.329999923706055,5.110000133514404,5.260000228881836,5.260000228881836,57200
2016-05-23,5.260000228881836,5.300000190734863,5.179999828338623,5.21999979019165,5.21999979019165,17000
2016-05-24,5.28000020980835,5.449999809265137,5.239999771118164,5.400000095367432,5.400000095367432,29100
2016-05-25,5.429999828338623,5.559999942779541,5.349999904632568,5.559999942779541,5.559999942779541,37900
2016-05-26,5.599999904632568,5.599999904632568,5.349999904632568,5.440000057220459,5.440000057220459,25400
2016-05-27,5.5,5.5,5.289999961853027,5.360000133514404,5.360000133514404,19500
2016-05-31,5.380000114440918,5.5,5.369999885559082,5.489999771118164,5.489999771118164,29800
2016-06-01,5.489999771118164,5.5,5.289999961853027,5.449999809265137,5.449999809265137,66600
2016-06-02,5.46999979019165,5.5,5.300000190734863,5.480000019073486,5.480000019073486,77700
2016-06-03,5.5,5.5,5.25,5.300000190734863,5.300000190734863,67500
2016-06-06,5.230000019073486,5.480000019073486,5.119999885559082,5.449999809265137,5.449999809265137,43600
2016-06-07,5.400000095367432,5.489999771118164,5.289999961853027,5.46999979019165,5.46999979019165,178700
2016-06-08,5.5,5.5,5.369999885559082,5.460000038146973,5.460000038146973,119100
2016-06-09,5.489999771118164,5.5,5.260000228881836,5.369999885559082,5.369999885559082,92600
2016-06-10,5.349999904632568,5.480000019073486,5.110000133514404,5.269999980926514,5.269999980926514,93400
2016-06-13,5.269999980926514,5.349999904632568,4.949999809265137,4.96999979019165,4.96999979019165,250000
2016-06-14,4.860000133514404,5.079999923706055,4.809999942779541,5.03000020980835,5.03000020980835,117300
2016-06-15,5.079999923706055,5.260000228881836,4.914000034332275,5.190000057220459,5.190000057220459,63500
2016-06-16,5.190000057220459,5.190000057220459,5.0,5.139999866485596,5.139999866485596,38700
2016-06-17,5.170000076293945,5.289999961853027,5.050000190734863,5.099999904632568,5.099999904632568,127800
2016-06-20,5.309999942779541,5.400000095367432,5.190000057220459,5.28000020980835,5.28000020980835,116200
2016-06-21,5.320000171661377,5.320000171661377,5.130000114440918,5.199999809265137,5.199999809265137,37000
2016-06-22,5.239999771118164,5.269999980926514,5.099999904632568,5.21999979019165,5.21999979019165,53300
2016-06-23,5.320000171661377,5.320000171661377,5.210000038146973,5.25,5.25,85200
2016-06-24,4.949999809265137,5.150000095367432,4.860000133514404,5.050000190734863,5.050000190734863,154300
2016-06-27,5.010000228881836,5.130000114440918,4.9079999923706055,4.949999809265137,4.949999809265137,101000
2016-06-28,5.03000020980835,5.050000190734863,4.869999885559082,5.010000228881836,5.010000228881836,144700
2016-06-29,5.050000190734863,5.059999942779541,4.849999904632568,5.0,5.0,82400
2016-06-30,4.989999771118164,5.059999942779541,4.900000095367432,5.03000020980835,5.03000020980835,84100
2016-07-01,5.050000190734863,5.050000190734863,4.909999847412109,5.019999980926514,5.019999980926514,121300
2016-07-05,5.03000020980835,5.050000190734863,4.869999885559082,4.989999771118164,4.989999771118164,48900
2016-07-06,4.900000095367432,5.059999942779541,4.880000114440918,5.010000228881836,5.010000228881836,76800
2016-07-07,4.949999809265137,5.130000114440918,4.920000076293945,5.039999961853027,5.039999961853027,60100
2016-07-08,5.070000171661377,5.090000152587891,4.849999904632568,4.989999771118164,4.989999771118164,65800
2016-07-11,4.940000057220459,5.079999923706055,4.909999847412109,5.050000190734863,5.050000190734863,47600
2016-07-12,5.079999923706055,5.199999809265137,5.079999923706055,5.199999809265137,5.199999809265137,55600
2016-07-13,5.269999980926514,5.269999980926514,5.099999904632568,5.119999885559082,5.119999885559082,58600
2016-07-14,5.150000095367432,5.150000095367432,5.0,5.110000133514404,5.110000133514404,30800
2016-07-15,5.150000095367432,5.230000019073486,5.119999885559082,5.199999809265137,5.199999809265137,26200
2016-07-18,5.159999847412109,5.199999809265137,5.019999980926514,5.150000095367432,5.150000095367432,24800
2016-07-19,5.170000076293945,5.170000076293945,4.940000057220459,4.980000019073486,4.980000019073486,52400
2016-07-20,5.019999980926514,5.039999961853027,4.940000057220459,4.96999979019165,4.96999979019165,38300
2016-07-21,4.949999809265137,5.019999980926514,4.940000057220459,4.96999979019165,4.96999979019165,25600
2016-07-22,5.0,5.039999961853027,4.940000057220459,5.0,5.0,20500
2016-07-25,5.010000228881836,5.010000228881836,4.880000114440918,4.920000076293945,4.920000076293945,27300
2016-07-26,4.949999809265137,5.039999961853027,4.824999809265137,5.0,5.0,29700
2016-07-27,4.96999979019165,5.03000020980835,4.96999979019165,4.989999771118164,4.989999771118164,26000
2016-07-28,5.010000228881836,5.050000190734863,4.880000114440918,4.960000038146973,4.960000038146973,19800
2016-07-29,4.980000019073486,5.079999923706055,4.949999809265137,4.949999809265137,4.949999809265137,90500
2016-08-01,4.989999771118164,5.0,4.860000133514404,4.980000019073486,4.980000019073486,55900
2016-08-02,5.0,5.0,4.909999847412109,4.940000057220459,4.940000057220459,12800
2016-08-03,5.010000228881836,5.010000228881836,4.889999866485596,4.929999828338623,4.929999828338623,10900
2016-08-04,5.0,5.0,4.880000114440918,4.929999828338623,4.929999828338623,124300
2016-08-05,4.989999771118164,5.099999904632568,4.940000057220459,5.090000152587891,5.090000152587891,32900
2016-08-08,5.119999885559082,5.139999866485596,4.920000076293945,5.0,5.0,73900
2016-08-09,5.03000020980835,5.03000020980835,4.929999828338623,4.980000019073486,4.980000019073486,30700
2016-08-10,4.980000019073486,4.980000019073486,4.869999885559082,4.940000057220459,4.940000057220459,34000
2016-08-11,4.989999771118164,5.110000133514404,4.880000114440918,5.050000190734863,5.050000190734863,74200
2016-08-12,5.050000190734863,5.059999942779541,4.980000019073486,5.050000190734863,5.050000190734863,145000
2016-08-15,5.050000190734863,5.190000057220459,5.010000228881836,5.110000133514404,5.110000133514404,85800
2016-08-16,5.110000133514404,5.170000076293945,5.059999942779541,5.090000152587891,5.090000152587891,65200
2016-08-17,5.119999885559082,5.210000038146973,5.090000152587891,5.119999885559082,5.119999885559082,47100
2016-08-18,5.130000114440918,5.25,5.110000133514404,5.159999847412109,5.159999847412109,37900
2016-08-19,5.170000076293945,5.230000019073486,5.090000152587891,5.170000076293945,5.170000076293945,27000
2016-08-22,5.199999809265137,5.28000020980835,5.079999923706055,5.199999809265137,5.199999809265137,208500
2016-08-23,5.289999961853027,5.340000152587891,5.199999809265137,5.25,5.25,112000
2016-08-24,5.269999980926514,5.5,5.269999980926514,5.340000152587891,5.340000152587891,69000
2016-08-25,5.369999885559082,5.380000114440918,5.28000020980835,5.309999942779541,5.309999942779541,43200
2016-08-26,5.409999847412109,5.539999961853027,5.289999961853027,5.429999828338623,5.429999828338623,28100
2016-08-29,5.449999809265137,5.570000171661377,5.335000038146973,5.534999847412109,5.534999847412109,42400
2016-08-30,5.539999961853027,5.599999904632568,5.510000228881836,5.539999961853027,5.539999961853027,88500
2016-08-31,5.550000190734863,5.659999847412109,5.550000190734863,5.630000114440918,5.630000114440918,35700
2016-09-01,5.630000114440918,5.650000095367432,5.5,5.599999904632568,5.599999904632568,32400
2016-09-02,5.659999847412109,5.679999828338623,5.570000171661377,5.650000095367432,5.650000095367432,35400
2016-09-06,5.659999847412109,5.75,5.599999904632568,5.679999828338623,5.679999828338623,42300
2016-09-07,5.710000038146973,5.880000114440918,5.699999809265137,5.820000171661377,5.820000171661377,59600
2016-09-08,6.03000020980835,6.900000095367432,6.03000020980835,6.739999771118164,6.739999771118164,400000
2016-09-09,6.730000019073486,6.755000114440918,6.559999942779541,6.570000171661377,6.570000171661377,100800
2016-09-12,6.539999961853027,7.0,6.539999961853027,6.840000152587891,6.840000152587891,100500
2016-09-13,6.829999923706055,6.840000152587891,6.699999809265137,6.78000020980835,6.78000020980835,59900
2016-09-14,6.800000190734863,6.96999979019165,6.659999847412109,6.75,6.75,54400
2016-09-15,6.71999979019165,6.980000019073486,6.670000076293945,6.829999923706055,6.829999923706055,62400
2016-09-16,6.880000114440918,7.099999904632568,6.849999904632568,6.960000038146973,6.960000038146973,139200
2016-09-19,6.960000038146973,6.960000038146973,6.75,6.760000228881836,6.760000228881836,38100
2016-09-20,6.820000171661377,6.889999866485596,6.75,6.829999923706055,6.829999923706055,21700
2016-09-21,6.809999942779541,7.010000228881836,6.800000190734863,7.0,7.0,19400
2016-09-22,6.989999771118164,7.300000190734863,6.989999771118164,7.230000019073486,7.230000019073486,17900
2016-09-23,7.199999809265137,7.5,7.159999847412109,7.400000095367432,7.400000095367432,73100
2016-09-26,7.349999904632568,7.954999923706055,7.150000095367432,7.239999771118164,7.239999771118164,32700
2016-09-27,7.190000057220459,7.369999885559082,7.170000076293945,7.28000020980835,7.28000020980835,26800
2016-09-28,7.230000019073486,7.489999771118164,7.171000003814697,7.46999979019165,7.46999979019165,24700
2016-09-29,7.489999771118164,7.539999961853027,7.360000133514404,7.440000057220459,7.440000057220459,48100
2016-09-30,7.510000228881836,7.670000076293945,7.309999942779541,7.610000133514404,7.610000133514404,39700
2016-10-03,7.559999942779541,7.71999979019165,7.436999797821045,7.670000076293945,7.670000076293945,20300
2016-10-04,7.690000057220459,7.690000057220459,7.400000095367432,7.489999771118164,7.489999771118164,25800
2016-10-05,7.739999771118164,7.900000095367432,7.409999847412109,7.760000228881836,7.760000228881836,56100
2016-10-06,7.690000057220459,7.869999885559082,7.650000095367432,7.739999771118164,7.739999771118164,39700
2016-10-07,7.71999979019165,7.809999942779541,7.590000152587891,7.690000057220459,7.690000057220459,25700
2016-10-10,7.739999771118164,8.1899995803833,7.739999771118164,8.100000381469727,8.100000381469727,54300
2016-10-11,8.079999923706055,8.140000343322754,7.71999979019165,7.760000228881836,7.760000228881836,36300
2016-10-12,7.710000038146973,7.710000038146973,7.440999984741211,7.579999923706055,7.579999923706055,28500
2016-10-13,7.53000020980835,7.540999889373779,7.360000133514404,7.460000038146973,7.460000038146973,60300
2016-10-14,7.489999771118164,7.664999961853027,7.400000095367432,7.579999923706055,7.579999923706055,39800
2016-10-17,7.559999942779541,7.78000020980835,7.360000133514404,7.590000152587891,7.590000152587891,174700
2016-10-18,7.96999979019165,7.96999979019165,7.269999980926514,7.75,7.75,319900
2016-10-19,7.739999771118164,7.989999771118164,7.71999979019165,7.960000038146973,7.960000038146973,140500
2016-10-20,7.96999979019165,8.449999809265137,7.949999809265137,8.130000114440918,8.130000114440918,177300
2016-10-21,8.0600004196167,8.260000228881836,8.053000450134277,8.119999885559082,8.119999885559082,82400
2016-10-24,8.1899995803833,8.1899995803833,8.0,8.140000343322754,8.140000343322754,19600
2016-10-25,8.130000114440918,8.15999984741211,7.929999828338623,7.989999771118164,7.989999771118164,142600
2016-10-26,7.96999979019165,8.09000015258789,7.854000091552734,7.960000038146973,7.960000038146973,34000
2016-10-27,8.020000457763672,8.319999694824219,7.699999809265137,7.78000020980835,7.78000020980835,47600
2016-10-28,7.730000019073486,7.929999828338623,7.5,7.53000020980835,7.53000020980835,14600
2016-10-31,7.289999961853027,7.510000228881836,7.039999961853027,7.260000228881836,7.260000228881836,65300
2016-11-01,7.28000020980835,7.28000020980835,6.890999794006348,7.130000114440918,7.130000114440918,26400
2016-11-02,6.0,6.480000019073486,5.820000171661377,6.400000095367432,6.400000095367432,893600
2016-11-03,6.369999885559082,6.630000114440918,5.929999828338623,6.119999885559082,6.119999885559082,230000
2016-11-04,6.150000095367432,6.489999771118164,5.860000133514404,6.28000020980835,6.28000020980835,261100
2016-11-07,6.449999809265137,6.5,6.21999979019165,6.5,6.5,79500
2016-11-08,6.389999866485596,6.840000152587891,6.389999866485596,6.739999771118164,6.739999771118164,172800
2016-11-09,6.739999771118164,7.099999904632568,6.699999809265137,6.980000019073486,6.980000019073486,225100
2016-11-10,7.070000171661377,7.300000190734863,6.949999809265137,7.230000019073486,7.230000019073486,158800
2016-11-11,7.230000019073486,7.380000114440918,6.989999771118164,7.0,7.0,330500
2016-11-14,7.079999923706055,7.300000190734863,6.840000152587891,7.170000076293945,7.170000076293945,295500
2016-11-15,7.21999979019165,7.460000038146973,7.070000171661377,7.25,7.25,140100
2016-11-16,7.239999771118164,7.5,7.179999828338623,7.309999942779541,7.309999942779541,101100
2016-11-17,7.380000114440918,7.639999866485596,6.699999809265137,7.429999828338623,7.429999828338623,172400
2016-11-18,7.400000095367432,7.880000114440918,7.389999866485596,7.690000057220459,7.690000057220459,142100
2016-11-21,7.679999828338623,7.855000019073486,7.389999866485596,7.650000095367432,7.650000095367432,184500
2016-11-22,7.619999885559082,7.710000038146973,7.269999980926514,7.519999980926514,7.519999980926514,94100
2016-11-23,7.5,7.739999771118164,7.420000076293945,7.730000019073486,7.730000019073486,170100
2016-11-25,7.699999809265137,8.079999923706055,7.599999904632568,7.75,7.75,42700
2016-11-28,7.769999980926514,7.769999980926514,7.610000133514404,7.679999828338623,7.679999828338623,74000
2016-11-29,8.029999732971191,8.050000190734863,7.789999961853027,7.829999923706055,7.829999923706055,197100
2016-11-30,7.900000095367432,7.914000034332275,7.599999904632568,7.630000114440918,7.630000114440918,103700
2016-12-01,7.71999979019165,7.800000190734863,7.369999885559082,7.710000038146973,7.710000038146973,250900
2016-12-02,7.699999809265137,7.900000095367432,7.550000190734863,7.630000114440918,7.630000114440918,81400
2016-12-05,7.78000020980835,7.78000020980835,7.610000133514404,7.699999809265137,7.699999809265137,88800
2016-12-06,7.699999809265137,7.71999979019165,7.429999828338623,7.46999979019165,7.46999979019165,84800
2016-12-07,7.440000057220459,7.510000228881836,7.25,7.400000095367432,7.400000095367432,57000
2016-12-08,7.440000057220459,7.599999904632568,7.260000228881836,7.579999923706055,7.579999923706055,108000
2016-12-09,7.360000133514404,7.71999979019165,7.329999923706055,7.489999771118164,7.489999771118164,114700
2016-12-12,7.510000228881836,7.550000190734863,7.289999961853027,7.389999866485596,7.389999866485596,70000
2016-12-13,7.420000076293945,7.5,7.349999904632568,7.389999866485596,7.389999866485596,160700
2016-12-14,7.349999904632568,7.460000038146973,7.320000171661377,7.340000152587891,7.340000152587891,122300
2016-12-15,7.400000095367432,7.409999847412109,7.260000228881836,7.289999961853027,7.289999961853027,103000
2016-12-16,7.320000171661377,7.460000038146973,7.179999828338623,7.190000057220459,7.190000057220459,374000
2016-12-19,7.25,7.369999885559082,7.070000171661377,7.210000038146973,7.210000038146973,128400
2016-12-20,7.260000228881836,7.5,7.190000057220459,7.409999847412109,7.409999847412109,143300
2016-12-21,7.329999923706055,7.565000057220459,7.248000144958496,7.329999923706055,7.329999923706055,42600
2016-12-22,7.329999923706055,7.400000095367432,7.255000114440918,7.349999904632568,7.349999904632568,55800
2016-12-23,7.349999904632568,7.820000171661377,7.349999904632568,7.670000076293945,7.670000076293945,64600
2016-12-27,7.690000057220459,7.920000076293945,7.590000152587891,7.769999980926514,7.769999980926514,112300
2016-12-28,7.679999828338623,7.699999809265137,7.329999923706055,7.409999847412109,7.409999847412109,88000
2016-12-29,7.460000038146973,7.679999828338623,7.460000038146973,7.659999847412109,7.659999847412109,51300
2016-12-30,7.690000057220459,7.75,7.579999923706055,7.739999771118164,7.739999771118164,77800
2017-01-03,7.75,7.940000057220459,7.690999984741211,7.849999904632568,7.849999904632568,118300
2017-01-04,7.940000057220459,8.319999694824219,7.789999961853027,7.989999771118164,7.989999771118164,308000
2017-01-05,7.929999828338623,7.989999771118164,7.639999866485596,7.760000228881836,7.760000228881836,69200
2017-01-06,7.71999979019165,7.789999961853027,7.599999904632568,7.639999866485596,7.639999866485596,162300
2017-01-09,7.650000095367432,7.71999979019165,7.449999809265137,7.53000020980835,7.53000020980835,154300
2017-01-10,7.570000171661377,7.599999904632568,7.440000057220459,7.5,7.5,119100
2017-01-11,7.53000020980835,7.619999885559082,7.190000057220459,7.489999771118164,7.489999771118164,105500
2017-01-12,7.429999828338623,7.650000095367432,7.150000095367432,7.519999980926514,7.519999980926514,177600
2017-01-13,7.489999771118164,7.859000205993652,7.489999771118164,7.699999809265137,7.699999809265137,147500
2017-01-17,7.679999828338623,7.809999942779541,7.5,7.710000038146973,7.710000038146973,90400
2017-01-18,7.71999979019165,7.800000190734863,7.559999942779541,7.690000057220459,7.690000057220459,47200
2017-01-19,7.679999828338623,7.730000019073486,7.329999923706055,7.440000057220459,7.440000057220459,291800
2017-01-20,7.429999828338623,7.619999885559082,7.389999866485596,7.429999828338623,7.429999828338623,40700
2017-01-23,7.400000095367432,7.480000019073486,7.239999771118164,7.420000076293945,7.420000076293945,58800
2017-01-24,7.380000114440918,7.699999809265137,7.210000038146973,7.590000152587891,7.590000152587891,63300
2017-01-25,7.679999828338623,7.880000114440918,7.599999904632568,7.670000076293945,7.670000076293945,182700
2017-01-26,7.659999847412109,7.659999847412109,7.170000076293945,7.420000076293945,7.420000076293945,325800
2017-01-27,7.480000019073486,7.559999942779541,7.295000076293945,7.429999828338623,7.429999828338623,116300
2017-01-30,7.429999828338623,7.590000152587891,7.031000137329102,7.440000057220459,7.440000057220459,193600
2017-01-31,7.429999828338623,7.619999885559082,7.309999942779541,7.380000114440918,7.380000114440918,99700
2017-02-01,7.429999828338623,7.53000020980835,7.25,7.420000076293945,7.420000076293945,79300
2017-02-02,7.369999885559082,7.570000171661377,7.269999980926514,7.440000057220459,7.440000057220459,66600
2017-02-03,7.449999809265137,7.590000152587891,7.300000190734863,7.559999942779541,7.559999942779541,64400
2017-02-06,7.369999885559082,7.824999809265137,7.369999885559082,7.630000114440918,7.630000114440918,57400
2017-02-07,7.690000057220459,7.730999946594238,7.480000019073486,7.579999923706055,7.579999923706055,53500
2017-02-08,7.809999942779541,7.909999847412109,7.199999809265137,7.53000020980835,7.53000020980835,84300
2017-02-09,7.510000228881836,7.679999828338623,7.480999946594238,7.619999885559082,7.619999885559082,39800
2017-02-10,7.690000057220459,7.824999809265137,7.630000114440918,7.760000228881836,7.760000228881836,48100
2017-02-13,7.75,7.8429999351501465,7.610000133514404,7.730000019073486,7.730000019073486,75600
2017-02-14,7.690000057220459,7.849999904632568,7.639999866485596,7.75,7.75,136200
2017-02-15,7.71999979019165,7.829999923706055,7.650000095367432,7.769999980926514,7.769999980926514,66100
2017-02-16,7.760000228881836,7.820000171661377,7.670000076293945,7.730000019073486,7.730000019073486,60000
2017-02-17,7.739999771118164,8.479999542236328,7.739999771118164,8.0,8.0,606300
2017-02-21,8.170000076293945,8.40999984741211,7.940000057220459,8.289999961853027,8.289999961853027,198800
2017-02-22,8.329999923706055,8.390000343322754,7.889999866485596,8.050000190734863,8.050000190734863,146300
2017-02-23,8.109999656677246,8.196000099182129,7.75,7.889999866485596,7.889999866485596,55100
2017-02-24,7.840000152587891,8.149999618530273,7.730000019073486,7.949999809265137,7.949999809265137,41100
2017-02-27,8.010000228881836,8.1899995803833,7.75,7.960000038146973,7.960000038146973,154500
2017-02-28,7.889999866485596,7.980000019073486,7.715000152587891,7.75,7.75,54700
2017-03-01,7.860000133514404,8.119999885559082,7.699999809265137,8.039999961853027,8.039999961853027,155300
2017-03-02,8.079999923706055,8.84000015258789,8.050000190734863,8.680000305175781,8.680000305175781,776400
2017-03-03,8.720000267028809,9.170000076293945,8.720000267028809,9.050000190734863,9.050000190734863,275700
2017-03-06,9.050000190734863,9.1899995803833,8.960000038146973,9.130000114440918,9.130000114440918,372400
2017-03-07,9.149999618530273,9.300000190734863,9.039999961853027,9.130000114440918,9.130000114440918,296100
2017-03-08,9.15999984741211,9.369999885559082,9.079999923706055,9.149999618530273,9.149999618530273,253800
2017-03-09,9.149999618530273,9.380000114440918,9.050000190734863,9.119999885559082,9.119999885559082,139000
2017-03-10,9.229999542236328,9.607999801635742,9.15999984741211,9.40999984741211,9.40999984741211,215500
2017-03-13,9.210000038146973,9.210000038146973,8.710000038146973,8.920000076293945,8.920000076293945,258700
2017-03-14,8.880000114440918,8.970000267028809,8.670000076293945,8.890000343322754,8.890000343322754,104700
2017-03-15,8.920000076293945,9.199999809265137,8.465999603271484,9.149999618530273,9.149999618530273,153000
2017-03-16,9.170000076293945,9.239999771118164,8.961000442504883,9.210000038146973,9.210000038146973,77900
2017-03-17,9.15999984741211,9.25,9.029999732971191,9.220000267028809,9.220000267028809,156800
2017-03-20,9.220000267028809,9.229999542236328,9.045000076293945,9.1899995803833,9.1899995803833,82200
2017-03-21,9.199999809265137,9.25,8.899999618530273,9.039999961853027,9.039999961853027,87500
2017-03-22,9.020000457763672,9.149999618530273,8.800000190734863,9.0,9.0,91900
2017-03-23,8.949999809265137,9.279999732971191,8.8100004196167,9.109999656677246,9.109999656677246,174300
2017-03-24,9.029999732971191,9.220000267028809,8.847999572753906,9.170000076293945,9.170000076293945,80900
2017-03-27,9.029999732971191,9.300000190734863,8.930000305175781,9.15999984741211,9.15999984741211,124000
2017-03-28,9.170000076293945,9.199999809265137,9.029999732971191,9.100000381469727,9.100000381469727,55000
2017-03-29,9.119999885559082,9.708999633789062,9.039999961853027,9.1899995803833,9.1899995803833,236000
2017-03-30,9.1899995803833,9.199999809265137,8.932000160217285,9.050000190734863,9.050000190734863,126800
2017-03-31,8.989999771118164,9.270000457763672,8.930000305175781,9.180000305175781,9.180000305175781,97800
2017-04-03,9.180000305175781,9.300000190734863,9.09000015258789,9.149999618530273,9.149999618530273,104900
2017-04-04,9.109999656677246,9.130000114440918,8.699999809265137,9.010000228881836,9.010000228881836,108500
2017-04-05,9.029999732971191,9.100000381469727,8.729999542236328,8.850000381469727,8.850000381469727,84800
2017-04-06,8.829999923706055,8.829999923706055,8.460000038146973,8.710000038146973,8.710000038146973,149500
2017-04-07,8.670000076293945,8.885000228881836,8.600000381469727,8.770000457763672,8.770000457763672,109200
2017-04-10,8.800000190734863,8.960000038146973,8.5,8.529999732971191,8.529999732971191,62400
2017-04-11,8.5,8.630000114440918,8.25,8.520000457763672,8.520000457763672,57500
2017-04-12,8.489999771118164,8.600000381469727,8.270000457763672,8.399999618530273,8.399999618530273,40700
2017-04-13,8.369999885559082,8.369999885559082,8.09000015258789,8.15999984741211,8.15999984741211,67100
2017-04-17,8.199999809265137,8.430000305175781,8.09000015258789,8.300000190734863,8.300000190734863,64500
2017-04-18,8.199999809265137,8.270000457763672,8.109999656677246,8.130000114440918,8.130000114440918,30900
2017-04-19,8.180000305175781,8.199999809265137,8.020000457763672,8.109999656677246,8.109999656677246,51800
2017-04-20,8.149999618530273,8.154999732971191,8.0,8.09000015258789,8.09000015258789,91700
2017-04-21,8.050000190734863,8.119999885559082,7.760000228881836,7.820000171661377,7.820000171661377,78200
2017-04-24,8.010000228881836,8.010000228881836,7.630000114440918,7.769999980926514,7.769999980926514,71000
2017-04-25,7.820000171661377,8.239999771118164,7.800000190734863,8.210000038146973,8.210000038146973,124700
2017-04-26,8.210000038146973,8.729999542236328,8.199999809265137,8.65999984741211,8.65999984741211,84500
2017-04-27,8.630000114440918,8.789999961853027,8.510000228881836,8.579999923706055,8.579999923706055,49000
2017-04-28,8.539999961853027,8.609999656677246,8.40999984741211,8.470000267028809,8.470000267028809,59100
2017-05-01,8.5600004196167,8.5600004196167,8.210000038146973,8.520000457763672,8.520000457763672,59500
2017-05-02,8.510000228881836,8.520000457763672,8.25,8.300000190734863,8.300000190734863,227800
2017-05-03,8.229999542236328,8.270000457763672,7.800000190734863,7.829999923706055,7.829999923706055,44700
2017-05-04,8.390000343322754,8.390000343322754,7.150000095367432,8.260000228881836,8.260000228881836,373800
2017-05-05,8.229999542236328,8.470000267028809,7.610000133514404,8.220000267028809,8.220000267028809,188100
2017-05-08,7.809999942779541,7.809999942779541,7.244999885559082,7.630000114440918,7.630000114440918,289200
2017-05-09,7.650000095367432,7.820000171661377,7.369999885559082,7.769999980926514,7.769999980926514,114500
2017-05-10,7.730000019073486,8.0,7.53000020980835,7.880000114440918,7.880000114440918,282600
2017-05-11,7.769999980926514,7.929999828338623,7.599999904632568,7.869999885559082,7.869999885559082,115800
2017-05-12,7.78000020980835,8.119999885559082,7.679999828338623,8.09000015258789,8.09000015258789,101000
2017-05-15,8.0600004196167,8.220000267028809,7.940000057220459,8.15999984741211,8.15999984741211,125200
2017-05-16,8.079999923706055,8.260000228881836,8.0600004196167,8.199999809265137,8.199999809265137,99100
2017-05-17,8.09000015258789,8.109999656677246,7.78000020980835,7.889999866485596,7.889999866485596,164500
2017-05-18,7.849999904632568,8.399999618530273,7.610000133514404,8.329999923706055,8.329999923706055,263300
2017-05-19,8.239999771118164,8.359999656677246,7.940999984741211,8.229999542236328,8.229999542236328,140900
2017-05-22,8.260000228881836,8.359999656677246,7.989999771118164,8.279999732971191,8.279999732971191,108000
2017-05-23,7.764999866485596,8.430000305175781,7.764999866485596,8.25,8.25,93500
2017-05-24,8.1899995803833,8.319999694824219,7.974999904632568,8.050000190734863,8.050000190734863,120200
2017-05-25,8.029999732971191,8.050000190734863,7.860000133514404,7.980000019073486,7.980000019073486,50400
2017-05-26,7.929999828338623,8.119999885559082,7.849999904632568,8.109999656677246,8.109999656677246,55200
2017-05-30,8.079999923706055,8.119999885559082,7.849999904632568,7.889999866485596,7.889999866485596,102000
2017-05-31,7.909999847412109,8.289999961853027,7.800000190734863,8.140000343322754,8.140000343322754,95900
2017-06-01,8.239999771118164,8.399999618530273,7.860000133514404,8.34000015258789,8.34000015258789,65200
2017-06-02,8.399999618530273,8.399999618530273,8.170000076293945,8.260000228881836,8.260000228881836,79100
2017-06-05,8.319999694824219,8.479999542236328,7.960000038146973,8.029999732971191,8.029999732971191,43100
2017-06-06,8.029999732971191,8.149999618530273,7.989999771118164,7.989999771118164,7.989999771118164,85300
2017-06-07,8.0,8.029999732971191,7.909999847412109,7.940000057220459,7.940000057220459,34200
2017-06-08,7.960000038146973,8.015000343322754,7.864999771118164,7.920000076293945,7.920000076293945,66100
2017-06-09,7.900000095367432,8.069999694824219,7.659999847412109,7.78000020980835,7.78000020980835,62700
2017-06-12,7.769999980926514,7.989999771118164,7.659999847412109,7.96999979019165,7.96999979019165,56100
2017-06-13,7.980000019073486,8.0600004196167,7.840000152587891,7.989999771118164,7.989999771118164,52800
2017-06-14,7.989999771118164,8.0,7.78000020980835,7.889999866485596,7.889999866485596,48600
2017-06-15,7.800000190734863,7.989999771118164,7.78000020980835,7.889999866485596,7.889999866485596,48400
2017-06-16,7.820000171661377,7.900000095367432,7.170000076293945,7.670000076293945,7.670000076293945,154800
2017-06-19,7.650000095367432,7.960000038146973,7.460000038146973,7.860000133514404,7.860000133514404,68100
2017-06-20,7.840000152587891,7.920000076293945,7.760000228881836,7.849999904632568,7.849999904632568,43800
2017-06-21,7.849999904632568,7.989999771118164,7.75,7.789999961853027,7.789999961853027,104500
2017-06-22,7.809999942779541,7.900000095367432,7.760000228881836,7.880000114440918,7.880000114440918,98600
2017-06-23,7.880000114440918,8.182000160217285,7.724999904632568,7.760000228881836,7.760000228881836,771300
2017-06-26,7.760000228881836,8.020000457763672,7.519999980926514,7.900000095367432,7.900000095367432,144600
2017-06-27,7.900000095367432,8.15999984741211,7.809999942779541,8.130000114440918,8.130000114440918,141100
2017-06-28,8.130000114440918,8.380000114440918,7.940000057220459,8.25,8.25,113900
2017-06-29,8.260000228881836,8.456999778747559,8.239999771118164,8.369999885559082,8.369999885559082,96900
2017-06-30,8.380000114440918,8.468999862670898,8.289999961853027,8.329999923706055,8.329999923706055,40900
2017-07-03,8.350000381469727,8.399999618530273,8.029999732971191,8.260000228881836,8.260000228881836,54000
2017-07-05,8.260000228881836,8.260000228881836,7.579999923706055,7.900000095367432,7.900000095367432,104500
2017-07-06,7.829999923706055,7.920000076293945,7.5,7.659999847412109,7.659999847412109,152300
2017-07-07,7.599999904632568,7.840000152587891,7.519999980926514,7.710000038146973,7.710000038146973,77900
2017-07-10,7.710000038146973,7.820000171661377,7.539999961853027,7.710000038146973,7.710000038146973,39600
2017-07-11,7.710000038146973,8.119999885559082,7.659999847412109,8.100000381469727,8.100000381469727,51700
2017-07-12,8.109999656677246,8.300000190734863,7.960000038146973,8.140000343322754,8.140000343322754,59600
2017-07-13,8.140000343322754,8.220000267028809,7.840000152587891,8.039999961853027,8.039999961853027,47800
2017-07-14,8.0,8.085000038146973,7.909999847412109,7.929999828338623,7.929999828338623,23300
2017-07-17,7.96999979019165,8.130000114440918,7.860000133514404,8.029999732971191,8.029999732971191,50300
2017-07-18,8.020000457763672,8.130000114440918,7.800000190734863,7.960000038146973,7.960000038146973,34000
2017-07-19,7.960000038146973,8.180000305175781,7.909999847412109,8.029999732971191,8.029999732971191,29900
2017-07-20,8.020000457763672,8.149999618530273,8.0,8.140000343322754,8.140000343322754,41700
2017-07-21,8.170000076293945,8.270000457763672,8.069999694824219,8.220000267028809,8.220000267028809,49600
2017-07-24,8.199999809265137,8.199999809265137,7.925000190734863,8.0600004196167,8.0600004196167,52300
2017-07-25,8.170000076293945,8.229999542236328,7.940000057220459,8.079999923706055,8.079999923706055,37100
2017-07-26,8.100000381469727,8.229999542236328,7.570000171661377,8.109999656677246,8.109999656677246,36800
2017-07-27,8.119999885559082,8.34000015258789,8.119999885559082,8.289999961853027,8.289999961853027,68200
2017-07-28,8.279999732971191,8.470000267028809,8.279999732971191,8.380000114440918,8.380000114440918,67200
2017-07-31,8.069999694824219,8.239999771118164,7.679999828338623,8.0,8.0,166300
2017-08-01,8.100000381469727,8.300000190734863,7.885000228881836,8.199999809265137,8.199999809265137,170000
2017-08-02,8.119999885559082,8.399999618530273,8.0,8.329999923706055,8.329999923706055,145700
2017-08-03,8.239999771118164,8.375,8.109999656677246,8.25,8.25,49700
2017-08-04,8.260000228881836,8.34000015258789,8.210000038146973,8.270000457763672,8.270000457763672,37900
2017-08-07,8.25,8.399999618530273,8.25,8.260000228881836,8.260000228881836,96900
2017-08-08,8.210000038146973,8.343999862670898,8.0,8.029999732971191,8.029999732971191,78800
2017-08-09,7.889999866485596,8.170000076293945,7.730000019073486,8.050000190734863,8.050000190734863,111500
2017-08-10,7.949999809265137,8.119999885559082,7.929999828338623,8.0,8.0,53800
2017-08-11,8.069999694824219,8.289999961853027,8.069999694824219,8.079999923706055,8.079999923706055,47100
2017-08-14,8.09000015258789,8.25,8.079999923706055,8.09000015258789,8.09000015258789,94900
2017-08-15,8.109999656677246,8.149999618530273,7.96999979019165,8.109999656677246,8.109999656677246,58600
2017-08-16,8.069999694824219,8.239999771118164,8.039999961853027,8.140000343322754,8.140000343322754,37900
2017-08-17,8.050000190734863,8.25,8.0,8.069999694824219,8.069999694824219,56500
2017-08-18,7.920000076293945,8.25,7.920000076293945,8.069999694824219,8.069999694824219,73400
2017-08-21,8.0600004196167,8.09000015258789,7.929999828338623,8.050000190734863,8.050000190734863,42300
2017-08-22,8.050000190734863,8.199999809265137,7.75,7.820000171661377,7.820000171661377,163500
2017-08-23,7.710000038146973,8.079999923706055,7.710000038146973,7.909999847412109,7.909999847412109,63400
2017-08-24,7.96999979019165,8.020000457763672,7.679999828338623,7.820000171661377,7.820000171661377,64800
2017-08-25,7.900000095367432,8.029999732971191,7.704999923706055,7.869999885559082,7.869999885559082,54600
2017-08-28,7.900000095367432,7.96999979019165,7.769999980926514,7.840000152587891,7.840000152587891,59600
2017-08-29,7.829999923706055,8.0,7.71999979019165,7.889999866485596,7.889999866485596,64700
2017-08-30,7.880000114440918,8.020000457763672,7.800000190734863,7.980000019073486,7.980000019073486,116100
2017-08-31,8.1899995803833,8.199999809265137,8.0,8.1899995803833,8.1899995803833,166100
2017-09-01,8.199999809265137,8.300000190734863,8.039999961853027,8.270000457763672,8.270000457763672,98800
2017-09-05,8.260000228881836,8.569999694824219,8.149999618530273,8.510000228881836,8.510000228881836,132800
2017-09-06,8.5,8.899999618530273,8.5,8.550000190734863,8.550000190734863,190300
2017-09-07,8.270000457763672,8.449999809265137,7.824999809265137,8.270000457763672,8.270000457763672,172600
2017-09-08,8.210000038146973,8.390000343322754,8.149999618530273,8.229999542236328,8.229999542236328,66100
2017-09-11,8.289999961853027,8.4399995803833,8.109999656677246,8.270000457763672,8.270000457763672,78200
2017-09-12,8.229999542236328,8.270000457763672,8.069999694824219,8.199999809265137,8.199999809265137,50700
2017-09-13,8.1899995803833,8.227999687194824,7.960000038146973,8.050000190734863,8.050000190734863,55900
2017-09-14,8.0,8.079999923706055,7.9120001792907715,8.069999694824219,8.069999694824219,23900
2017-09-15,8.09000015258789,8.09000015258789,7.800000190734863,7.989999771118164,7.989999771118164,204100
2017-09-18,7.989999771118164,8.1899995803833,7.760000228881836,7.809999942779541,7.809999942779541,122400
2017-09-19,7.769999980926514,8.100000381469727,7.769999980926514,8.039999961853027,8.039999961853027,69200
2017-09-20,8.0649995803833,8.550000190734863,8.039999961853027,8.520000457763672,8.520000457763672,212700
2017-09-21,8.460000038146973,8.524999618530273,8.149999618530273,8.300000190734863,8.300000190734863,131700
2017-09-22,8.350000381469727,8.550000190734863,8.289999961853027,8.479999542236328,8.479999542236328,115700
2017-09-25,8.550000190734863,8.640000343322754,8.270000457763672,8.489999771118164,8.489999771118164,175100
2017-09-26,8.710000038146973,8.75,8.5,8.630000114440918,8.630000114440918,204600
2017-09-27,8.569999694824219,8.600000381469727,8.289999961853027,8.319999694824219,8.319999694824219,292200
2017-09-28,8.279999732971191,8.609999656677246,8.260000228881836,8.479999542236328,8.479999542236328,301500
2017-09-29,8.539999961853027,8.890000343322754,8.399999618530273,8.770000457763672,8.770000457763672,334000
2017-10-02,8.829999923706055,9.119000434875488,8.770000457763672,9.09000015258789,9.09000015258789,287500
2017-10-03,9.09000015258789,9.430000305175781,9.050000190734863,9.369999885559082,9.369999885559082,172400
2017-10-04,9.319999694824219,9.489999771118164,9.119999885559082,9.170000076293945,9.170000076293945,150500
2017-10-05,9.140000343322754,9.300000190734863,8.864999771118164,9.229999542236328,9.229999542236328,130300
2017-10-06,9.319999694824219,9.329999923706055,9.09000015258789,9.220000267028809,9.220000267028809,112100
2017-10-09,9.220000267028809,9.300000190734863,8.949999809265137,8.949999809265137,8.949999809265137,55200
2017-10-10,8.869999885559082,9.039999961853027,8.779999732971191,8.819999694824219,8.819999694824219,96300
2017-10-11,8.800000190734863,8.980999946594238,8.800000190734863,8.970000267028809,8.970000267028809,64600
2017-10-12,8.829999923706055,9.112000465393066,8.829999923706055,8.899999618530273,8.899999618530273,54200
2017-10-13,8.859999656677246,8.9399995803833,8.6899995803833,8.800000190734863,8.800000190734863,65700
2017-10-16,8.850000381469727,9.119999885559082,8.699999809265137,9.039999961853027,9.039999961853027,109200
2017-10-17,9.029999732971191,9.170000076293945,8.84000015258789,8.899999618530273,8.899999618530273,68700
2017-10-18,8.979999542236328,9.369999885559082,8.819999694824219,9.1899995803833,9.1899995803833,150800
2017-10-19,9.140000343322754,9.239999771118164,8.920000076293945,9.1899995803833,9.1899995803833,72800
2017-10-20,9.270000457763672,9.800000190734863,9.15999984741211,9.300000190734863,9.300000190734863,269200
2017-10-23,9.329999923706055,9.640000343322754,9.199999809265137,9.239999771118164,9.239999771118164,117400
2017-10-24,9.220000267028809,9.380000114440918,8.850000381469727,8.880000114440918,8.880000114440918,107200
2017-10-25,8.020999908447266,8.789999961853027,8.020000457763672,8.399999618530273,8.399999618530273,206900
2017-10-26,8.460000038146973,8.592000007629395,8.25,8.34000015258789,8.34000015258789,105200
2017-10-27,8.399999618530273,8.579999923706055,8.279999732971191,8.520000457763672,8.520000457763672,99000
2017-10-30,8.5,8.710000038146973,8.220000267028809,8.569999694824219,8.569999694824219,100400
2017-10-31,8.579999923706055,8.67199993133545,8.399999618530273,8.550000190734863,8.550000190734863,129800
2017-11-01,8.569999694824219,8.670000076293945,8.300000190734863,8.489999771118164,8.489999771118164,79900
2017-11-02,8.479999542236328,8.649999618530273,8.270000457763672,8.300000190734863,8.300000190734863,124400
2017-11-03,8.239999771118164,8.529999732971191,8.140000343322754,8.359999656677246,8.359999656677246,168100
2017-11-06,8.319999694824219,8.399999618530273,8.09000015258789,8.260000228881836,8.260000228881836,333000
2017-11-07,7.349999904632568,7.349999904632568,5.75,6.489999771118164,6.489999771118164,1268400
2017-11-08,6.5,6.75,6.369999885559082,6.635000228881836,6.635000228881836,277000
2017-11-09,6.570000171661377,6.710000038146973,6.485000133514404,6.579999923706055,6.579999923706055,166500
2017-11-10,6.519999980926514,6.619999885559082,6.170000076293945,6.289999961853027,6.289999961853027,252200
2017-11-13,6.21999979019165,6.260000228881836,6.130000114440918,6.130000114440918,6.130000114440918,102700
2017-11-14,6.130000114440918,6.139999866485596,5.929999828338623,6.070000171661377,6.070000171661377,201200
2017-11-15,6.039999961853027,6.130000114440918,5.940000057220459,6.050000190734863,6.050000190734863,103500
2017-11-16,6.019999980926514,6.210000038146973,6.019999980926514,6.130000114440918,6.130000114440918,179600
2017-11-17,6.079999923706055,6.239999771118164,6.050000190734863,6.179999828338623,6.179999828338623,152700
2017-11-20,6.239999771118164,6.46999979019165,6.130000114440918,6.400000095367432,6.400000095367432,179700
2017-11-21,6.389999866485596,6.53000020980835,6.369999885559082,6.489999771118164,6.489999771118164,220300
2017-11-22,6.460000038146973,6.664999961853027,6.460000038146973,6.550000190734863,6.550000190734863,108100
2017-11-24,6.579999923706055,6.659999847412109,6.360000133514404,6.420000076293945,6.420000076293945,31500
2017-11-27,6.440000057220459,6.614999771118164,6.420000076293945,6.5,6.5,177300
2017-11-28,6.539999961853027,6.75,6.480000019073486,6.53000020980835,6.53000020980835,142200
2017-11-29,6.53000020980835,6.570000171661377,6.429999828338623,6.510000228881836,6.510000228881836,118900
2017-11-30,6.550000190734863,6.809999942779541,6.510000228881836,6.78000020980835,6.78000020980835,162900
2017-12-01,6.800000190734863,6.889999866485596,6.539999961853027,6.690000057220459,6.690000057220459,113100
2017-12-04,6.78000020980835,6.900000095367432,6.570000171661377,6.630000114440918,6.630000114440918,105300
2017-12-05,6.599999904632568,6.65500020980835,6.269999980926514,6.349999904632568,6.349999904632568,289000
2017-12-06,6.360000133514404,6.656000137329102,6.120999813079834,6.289999961853027,6.289999961853027,170200
2017-12-07,6.309999942779541,6.585000038146973,6.197999954223633,6.409999847412109,6.409999847412109,118400
2017-12-08,6.445000171661377,6.550000190734863,6.389999866485596,6.460000038146973,6.460000038146973,106000
2017-12-11,6.510000228881836,6.610000133514404,6.389999866485596,6.460000038146973,6.460000038146973,183500
2017-12-12,6.5,6.579999923706055,6.400000095367432,6.440000057220459,6.440000057220459,126300
2017-12-13,6.440000057220459,6.610000133514404,6.090000152587891,6.369999885559082,6.369999885559082,298600
2017-12-14,6.369999885559082,6.489999771118164,6.28000020980835,6.295000076293945,6.295000076293945,210900
2017-12-15,6.28000020980835,6.590000152587891,6.28000020980835,6.440000057220459,6.440000057220459,940800
2017-12-18,6.420000076293945,6.739999771118164,6.340000152587891,6.539999961853027,6.539999961853027,181300
2017-12-19,6.550000190734863,6.639999866485596,6.480000019073486,6.599999904632568,6.599999904632568,175100
2017-12-20,6.590000152587891,6.710000038146973,6.574999809265137,6.710000038146973,6.710000038146973,96200
2017-12-21,6.71999979019165,6.769999980926514,6.610000133514404,6.679999828338623,6.679999828338623,115200
2017-12-22,6.650000095367432,6.650000095367432,6.380000114440918,6.510000228881836,6.510000228881836,102700
2017-12-26,6.46999979019165,6.489999771118164,6.210000038146973,6.329999923706055,6.329999923706055,300000
2017-12-27,6.320000171661377,6.599999904632568,6.28000020980835,6.429999828338623,6.429999828338623,426200
2017-12-28,6.409999847412109,6.429999828338623,6.239999771118164,6.400000095367432,6.400000095367432,237700
2017-12-29,6.400000095367432,6.809999942779541,6.320000171661377,6.53000020980835,6.53000020980835,112500
2018-01-02,6.550000190734863,6.755000114440918,6.46999979019165,6.71999979019165,6.71999979019165,62600
2018-01-03,6.760000228881836,6.829999923706055,6.574999809265137,6.690000057220459,6.690000057220459,50400
2018-01-04,6.739999771118164,6.769999980926514,6.550000190734863,6.699999809265137,6.699999809265137,56500
2018-01-05,6.710000038146973,6.760000228881836,6.560999870300293,6.619999885559082,6.619999885559082,64300
2018-01-08,6.610000133514404,6.639999866485596,6.434999942779541,6.579999923706055,6.579999923706055,69300
2018-01-09,6.570000171661377,6.730000019073486,6.559999942779541,6.679999828338623,6.679999828338623,110100
2018-01-10,6.650000095367432,6.840000152587891,6.519999980926514,6.809999942779541,6.809999942779541,170200
2018-01-11,6.849999904632568,6.980000019073486,6.71999979019165,6.75,6.75,76000
2018-01-12,6.739999771118164,6.789999961853027,6.579999923706055,6.630000114440918,6.630000114440918,87300
2018-01-16,6.690000057220459,6.690000057220459,6.25,6.260000228881836,6.260000228881836,141100
2018-01-17,6.25,6.489999771118164,6.190000057220459,6.480000019073486,6.480000019073486,88700
2018-01-18,6.329999923706055,6.514999866485596,6.230000019073486,6.400000095367432,6.400000095367432,146000
2018-01-19,6.360000133514404,6.656000137329102,6.260000228881836,6.53000020980835,6.53000020980835,176500
2018-01-22,6.539999961853027,6.849999904632568,6.429999828338623,6.5,6.5,86100
2018-01-23,6.409999847412109,6.989999771118164,6.409999847412109,6.900000095367432,6.900000095367432,149300
2018-01-24,6.869999885559082,6.989999771118164,6.679999828338623,6.829999923706055,6.829999923706055,164600
2018-01-25,6.900000095367432,7.010000228881836,6.769999980926514,6.96999979019165,6.96999979019165,109700
2018-01-26,7.0,7.039999961853027,6.800000190734863,6.949999809265137,6.949999809265137,119500
2018-01-29,6.909999847412109,7.260000228881836,6.849999904632568,6.949999809265137,6.949999809265137,148900
2018-01-30,6.889999866485596,6.900000095367432,6.420000076293945,6.489999771118164,6.489999771118164,174900
2018-01-31,6.550000190734863,6.570000171661377,6.300000190734863,6.389999866485596,6.389999866485596,67900
2018-02-01,6.340000152587891,6.460000038146973,6.25,6.289999961853027,6.289999961853027,181800
2018-02-02,6.239999771118164,6.480000019073486,6.199999809265137,6.28000020980835,6.28000020980835,124800
2018-02-05,6.25,6.400000095367432,5.860000133514404,5.909999847412109,5.909999847412109,181700
2018-02-06,5.75,6.5,5.75,6.150000095367432,6.150000095367432,97700
2018-02-07,6.139999866485596,6.168000221252441,5.965000152587891,6.0,6.0,114100
2018-02-08,6.0,6.0,5.639999866485596,5.650000095367432,5.650000095367432,76700
2018-02-09,5.730000019073486,5.809000015258789,5.360000133514404,5.690000057220459,5.690000057220459,78200
2018-02-12,5.840000152587891,5.840000152587891,5.429999828338623,5.75,5.75,138200
2018-02-13,5.690000057220459,5.78000020980835,5.46999979019165,5.570000171661377,5.570000171661377,128400
2018-02-14,5.480000019073486,5.590000152587891,5.389999866485596,5.440000057220459,5.440000057220459,96600
2018-02-15,5.460000038146973,5.639999866485596,5.230000019073486,5.610000133514404,5.610000133514404,119600
2018-02-16,5.570000171661377,5.699999809265137,5.519999980926514,5.699999809265137,5.699999809265137,118200
2018-02-20,5.639999866485596,5.800000190734863,5.599999904632568,5.659999847412109,5.659999847412109,65300
2018-02-21,5.670000076293945,5.849999904632568,5.639999866485596,5.699999809265137,5.699999809265137,57600
2018-02-22,5.730000019073486,5.849999904632568,5.639999866485596,5.690000057220459,5.690000057220459,136000
2018-02-23,5.690000057220459,5.829999923706055,5.5320000648498535,5.760000228881836,5.760000228881836,77500
2018-02-26,5.769999980926514,6.0,5.670000076293945,5.960000038146973,5.960000038146973,142600
2018-02-27,5.940000057220459,6.239999771118164,5.849999904632568,5.849999904632568,5.849999904632568,93100
2018-02-28,5.75,6.5,5.675000190734863,6.019999980926514,6.019999980926514,176500
2018-03-01,6.010000228881836,6.045000076293945,5.715000152587891,5.929999828338623,5.929999828338623,119600
2018-03-02,5.880000114440918,6.070000171661377,5.78000020980835,5.980000019073486,5.980000019073486,123000
2018-03-05,5.940000057220459,6.039999961853027,5.860000133514404,5.909999847412109,5.909999847412109,77900
2018-03-06,5.940000057220459,6.179999828338623,5.730000019073486,6.059999942779541,6.059999942779541,110100
2018-03-07,6.0,6.322999954223633,5.960000038146973,6.25,6.25,100200
2018-03-08,6.260000228881836,6.409999847412109,6.099999904632568,6.170000076293945,6.170000076293945,102200
2018-03-09,6.210000038146973,6.630000114440918,6.210000038146973,6.449999809265137,6.449999809265137,145300
2018-03-12,6.510000228881836,6.840000152587891,6.489999771118164,6.590000152587891,6.590000152587891,135200
2018-03-13,6.510000228881836,6.840000152587891,6.340000152587891,6.389999866485596,6.389999866485596,128600
2018-03-14,6.409999847412109,6.440000057220459,6.210000038146973,6.239999771118164,6.239999771118164,81000
2018-03-15,6.25,6.320000171661377,6.170000076293945,6.28000020980835,6.28000020980835,56000
2018-03-16,6.25,6.400000095367432,6.170000076293945,6.190000057220459,6.190000057220459,154000
2018-03-19,6.179999828338623,6.21999979019165,6.019999980926514,6.159999847412109,6.159999847412109,79700
2018-03-20,6.159999847412109,6.329999923706055,6.090000152587891,6.239999771118164,6.239999771118164,51800
2018-03-21,6.230000019073486,6.309999942779541,6.050000190734863,6.150000095367432,6.150000095367432,59300
2018-03-22,6.079999923706055,6.190000057220459,5.841000080108643,5.849999904632568,5.849999904632568,48200
2018-03-23,5.840000152587891,5.89900016784668,5.63100004196167,5.690000057220459,5.690000057220459,94000
2018-03-26,5.789999961853027,5.789999961853027,5.644999980926514,5.699999809265137,5.699999809265137,82200
2018-03-27,5.71999979019165,5.829999923706055,5.53000020980835,5.559999942779541,5.559999942779541,54000
2018-03-28,5.570000171661377,5.599999904632568,5.380000114440918,5.570000171661377,5.570000171661377,41900
2018-03-29,5.599999904632568,5.739999771118164,5.429999828338623,5.559999942779541,5.559999942779541,83700
2018-04-02,5.550000190734863,5.570000171661377,5.320000171661377,5.389999866485596,5.389999866485596,42100
2018-04-03,5.389999866485596,5.960000038146973,5.360000133514404,5.760000228881836,5.760000228881836,309300
2018-04-04,5.659999847412109,5.889999866485596,5.639999866485596,5.820000171661377,5.820000171661377,48300
2018-04-05,5.849999904632568,5.880000114440918,5.699999809265137,5.739999771118164,5.739999771118164,64500
2018-04-06,5.699999809265137,6.070000171661377,5.519999980926514,5.590000152587891,5.590000152587891,35500
2018-04-09,5.639999866485596,5.679999828338623,5.380000114440918,5.389999866485596,5.389999866485596,50100
2018-04-10,5.429999828338623,5.690000057220459,5.400000095367432,5.489999771118164,5.489999771118164,134100
2018-04-11,5.409999847412109,5.880000114440918,5.400000095367432,5.739999771118164,5.739999771118164,123300
2018-04-12,5.789999961853027,5.900000095367432,5.590000152587891,5.619999885559082,5.619999885559082,114400
2018-04-13,5.650000095367432,5.670000076293945,5.389999866485596,5.420000076293945,5.420000076293945,76600
2018-04-16,5.510000228881836,5.71999979019165,5.409999847412109,5.690000057220459,5.690000057220459,149800
2018-04-17,5.71999979019165,5.909999847412109,5.679999828338623,5.730000019073486,5.730000019073486,140000
2018-04-18,5.730000019073486,5.75,5.5,5.639999866485596,5.639999866485596,177900
2018-04-19,5.630000114440918,5.889999866485596,5.5,5.769999980926514,5.769999980926514,474300
2018-04-20,5.760000228881836,6.21999979019165,5.699999809265137,6.119999885559082,6.119999885559082,94500
2018-04-23,6.239999771118164,6.300000190734863,6.119999885559082,6.269999980926514,6.269999980926514,117200
2018-04-24,6.28000020980835,6.400000095367432,6.170000076293945,6.289999961853027,6.289999961853027,81300
2018-04-25,6.300000190734863,6.360000133514404,6.0,6.130000114440918,6.130000114440918,38700
2018-04-26,6.130000114440918,6.195000171661377,6.110000133514404,6.150000095367432,6.150000095367432,80100
2018-04-27,6.150000095367432,6.199999809265137,6.059999942779541,6.090000152587891,6.090000152587891,69700
2018-04-30,6.130000114440918,6.190000057220459,5.96999979019165,6.059999942779541,6.059999942779541,83900
2018-05-01,6.059999942779541,6.230000019073486,5.980000019073486,6.130000114440918,6.130000114440918,87700
2018-05-02,6.159999847412109,6.340000152587891,5.929999828338623,5.929999828338623,5.929999828338623,212100
2018-05-03,5.929999828338623,6.065000057220459,5.559999942779541,5.940000057220459,5.940000057220459,165000
2018-05-04,5.920000076293945,6.139999866485596,5.857999801635742,6.090000152587891,6.090000152587891,82700
2018-05-07,6.090000152587891,6.289999961853027,6.079999923706055,6.190000057220459,6.190000057220459,80000
2018-05-08,6.159999847412109,6.349999904632568,6.159999847412109,6.320000171661377,6.320000171661377,47100
2018-05-09,6.28000020980835,6.639999866485596,6.28000020980835,6.570000171661377,6.570000171661377,73700
2018-05-10,6.579999923706055,6.829999923706055,6.440000057220459,6.480000019073486,6.480000019073486,188000
2018-05-11,6.480000019073486,6.550000190734863,6.28000020980835,6.429999828338623,6.429999828338623,117100
2018-05-14,6.440000057220459,6.619999885559082,6.440000057220459,6.53000020980835,6.53000020980835,96300
2018-05-15,6.5,6.5,6.25,6.420000076293945,6.420000076293945,97500
2018-05-16,6.429999828338623,6.460000038146973,6.300000190734863,6.400000095367432,6.400000095367432,103500
2018-05-17,6.400000095367432,6.590000152587891,6.289999961853027,6.539999961853027,6.539999961853027,114500
2018-05-18,6.579999923706055,6.724999904632568,6.420000076293945,6.449999809265137,6.449999809265137,127000
2018-05-21,6.460000038146973,6.5,6.349999904632568,6.440000057220459,6.440000057220459,95300
2018-05-22,6.440000057220459,7.210000038146973,6.300000190734863,7.110000133514404,7.110000133514404,283200
2018-05-23,7.110000133514404,7.64900016784668,7.110000133514404,7.579999923706055,7.579999923706055,251700
2018-05-24,7.510000228881836,7.789999961853027,7.480000019073486,7.730000019073486,7.730000019073486,207400
2018-05-25,7.690000057220459,7.78000020980835,7.380000114440918,7.5,7.5,67300
2018-05-29,7.489999771118164,7.570000171661377,7.380000114440918,7.570000171661377,7.570000171661377,56500
2018-05-30,7.590000152587891,7.735000133514404,7.515999794006348,7.639999866485596,7.639999866485596,105800
2018-05-31,7.670000076293945,7.739999771118164,7.489999771118164,7.650000095367432,7.650000095367432,89900
2018-06-01,7.690000057220459,7.980000019073486,7.650000095367432,7.880000114440918,7.880000114440918,100600
2018-06-04,7.889999866485596,7.90500020980835,7.559999942779541,7.710000038146973,7.710000038146973,256800
2018-06-05,7.710000038146973,8.0,7.630000114440918,7.670000076293945,7.670000076293945,275500
2018-06-06,7.670000076293945,7.949999809265137,7.579999923706055,7.590000152587891,7.590000152587891,206500
2018-06-07,7.5,7.78000020980835,7.050000190734863,7.599999904632568,7.599999904632568,121300
2018-06-08,7.610000133514404,7.820000171661377,7.389999866485596,7.570000171661377,7.570000171661377,197700
2018-06-11,7.559999942779541,7.960000038146973,7.559999942779541,7.889999866485596,7.889999866485596,271100
2018-06-12,7.920000076293945,8.079999923706055,7.829999923706055,7.949999809265137,7.949999809265137,163400
2018-06-13,7.949999809265137,8.329999923706055,7.940000057220459,8.039999961853027,8.039999961853027,104600
2018-06-14,8.029999732971191,8.75,7.960000038146973,8.720000267028809,8.720000267028809,303700
2018-06-15,8.699999809265137,9.010000228881836,8.600000381469727,8.859999656677246,8.859999656677246,366200
2018-06-18,8.800000190734863,8.800000190734863,8.550000190734863,8.569999694824219,8.569999694824219,134900
2018-06-19,8.5,9.369999885559082,8.479999542236328,9.260000228881836,9.260000228881836,224900
2018-06-20,9.369999885559082,9.670000076293945,9.149999618530273,9.65999984741211,9.65999984741211,223300
2018-06-21,9.609999656677246,9.760000228881836,9.529999732971191,9.609999656677246,9.609999656677246,245300
2018-06-22,9.739999771118164,9.84000015258789,9.350000381469727,9.5,9.5,585800
2018-06-25,9.40999984741211,9.40999984741211,9.050000190734863,9.300000190734863,9.300000190734863,127600
2018-06-26,9.289999961853027,9.579999923706055,9.069999694824219,9.289999961853027,9.289999961853027,153300
2018-06-27,9.239999771118164,9.57800006866455,9.020000457763672,9.279999732971191,9.279999732971191,189500
2018-06-28,9.260000228881836,9.449999809265137,9.130000114440918,9.25,9.25,130200
2018-06-29,9.260000228881836,9.430000305175781,9.170000076293945,9.34000015258789,9.34000015258789,120300
2018-07-02,9.289999961853027,9.720000267028809,9.260000228881836,9.670000076293945,9.670000076293945,168900
2018-07-03,9.680000305175781,9.979999542236328,9.680000305175781,9.9399995803833,9.9399995803833,90000
2018-07-05,9.979999542236328,10.0,9.699999809265137,9.960000038146973,9.960000038146973,97100
2018-07-06,9.960000038146973,10.25,9.789999961853027,10.229999542236328,10.229999542236328,200200
2018-07-09,10.270000457763672,10.430000305175781,10.029999732971191,10.300000190734863,10.300000190734863,131800
2018-07-10,10.329999923706055,10.430000305175781,10.109999656677246,10.380000114440918,10.380000114440918,205400
2018-07-11,10.3100004196167,10.510000228881836,10.270000457763672,10.40999984741211,10.40999984741211,135700
2018-07-12,10.460000038146973,10.5,10.300000190734863,10.350000381469727,10.350000381469727,168100
2018-07-13,10.359999656677246,10.460000038146973,10.279999732971191,10.3100004196167,10.3100004196167,127500
2018-07-16,10.319999694824219,10.399999618530273,10.0,10.239999771118164,10.239999771118164,144000
2018-07-17,10.25,10.460000038146973,10.119999885559082,10.170000076293945,10.170000076293945,127700
2018-07-18,10.170000076293945,10.170000076293945,9.789999961853027,9.989999771118164,9.989999771118164,92300
2018-07-19,9.979999542236328,10.489999771118164,9.890000343322754,10.319999694824219,10.319999694824219,175400
2018-07-20,10.270000457763672,10.380000114440918,10.09000015258789,10.220000267028809,10.220000267028809,80000
2018-07-23,10.199999809265137,10.449999809265137,9.960000038146973,10.359999656677246,10.359999656677246,189300
2018-07-24,11.0,11.5,10.75,11.100000381469727,11.100000381469727,1234300
2018-07-25,10.539999961853027,11.4399995803833,10.01099967956543,11.199999809265137,11.199999809265137,1015500
2018-07-26,10.579999923706055,11.079999923706055,10.5,10.640000343322754,10.640000343322754,3487300
2018-07-27,10.6899995803833,10.800000190734863,10.4399995803833,10.630000114440918,10.630000114440918,781200
2018-07-30,10.579999923706055,11.029999732971191,10.579999923706055,10.869999885559082,10.869999885559082,555000
2018-07-31,10.899999618530273,10.944999694824219,10.529999732971191,10.829999923706055,10.829999923706055,1062500
2018-08-01,10.890000343322754,11.079999923706055,10.670000076293945,10.890000343322754,10.890000343322754,580600
2018-08-02,10.859999656677246,11.569999694824219,10.75100040435791,11.550000190734863,11.550000190734863,512400
2018-08-03,11.640000343322754,11.722000122070312,11.100000381469727,11.15999984741211,11.15999984741211,732400
2018-08-06,11.079999923706055,11.470000267028809,10.795999526977539,11.329999923706055,11.329999923706055,204700
2018-08-07,11.350000381469727,11.550000190734863,11.170000076293945,11.359999656677246,11.359999656677246,612700
2018-08-08,11.390000343322754,11.710000038146973,11.359999656677246,11.619999885559082,11.619999885559082,272300
2018-08-09,11.59000015258789,12.074000358581543,11.510000228881836,11.890000343322754,11.890000343322754,306800
2018-08-10,11.819999694824219,12.095000267028809,11.619999885559082,12.0,12.0,208600
2018-08-13,11.979999542236328,12.125,11.649999618530273,11.789999961853027,11.789999961853027,223000
2018-08-14,11.869999885559082,12.119999885559082,11.729999542236328,12.039999961853027,12.039999961853027,248200
2018-08-15,11.930000305175781,12.15999984741211,11.890000343322754,12.100000381469727,12.100000381469727,235100
2018-08-16,12.1899995803833,12.208000183105469,11.789999961853027,11.819999694824219,11.819999694824219,142900
2018-08-17,11.859999656677246,12.039999961853027,11.550000190734863,11.680000305175781,11.680000305175781,143400
2018-08-20,11.649999618530273,11.859999656677246,11.520000457763672,11.710000038146973,11.710000038146973,228200
2018-08-21,11.699999809265137,11.979999542236328,11.539999961853027,11.800000190734863,11.800000190734863,166500
2018-08-22,11.760000228881836,11.930000305175781,11.654999732971191,11.8100004196167,11.8100004196167,128700
2018-08-23,11.850000381469727,12.1899995803833,11.760000228881836,12.15999984741211,12.15999984741211,288100
2018-08-24,12.140000343322754,12.390000343322754,12.100000381469727,12.3100004196167,12.3100004196167,382300
2018-08-27,12.34000015258789,12.34000015258789,11.760000228881836,12.15999984741211,12.15999984741211,492900
2018-08-28,12.140000343322754,12.350000381469727,12.050000190734863,12.289999961853027,12.289999961853027,435300
2018-08-29,12.289999961853027,12.390000343322754,11.961000442504883,12.25,12.25,226100
2018-08-30,12.210000038146973,12.4399995803833,12.140000343322754,12.279999732971191,12.279999732971191,220100
2018-08-31,12.489999771118164,12.859999656677246,12.399999618530273,12.640000343322754,12.640000343322754,366500
2018-09-04,12.640000343322754,12.729000091552734,11.694000244140625,11.850000381469727,11.850000381469727,419300
2018-09-05,11.850000381469727,11.859999656677246,11.279999732971191,11.699999809265137,11.699999809265137,298900
2018-09-06,11.699999809265137,11.75,11.25,11.479999542236328,11.479999542236328,239900
2018-09-07,11.479999542236328,11.699999809265137,11.260000228881836,11.369999885559082,11.369999885559082,147700
2018-09-10,11.4399995803833,11.460000038146973,11.180000305175781,11.25,11.25,169700
2018-09-11,11.25,11.569999694824219,11.010000228881836,11.40999984741211,11.40999984741211,304000
2018-09-12,11.380000114440918,11.4399995803833,11.029999732971191,11.079999923706055,11.079999923706055,169400
2018-09-13,11.069999694824219,11.180000305175781,10.90999984741211,11.109999656677246,11.109999656677246,155300
2018-09-14,11.100000381469727,11.404999732971191,11.020000457763672,11.15999984741211,11.15999984741211,145000
2018-09-17,11.149999618530273,11.220000267028809,10.475000381469727,10.529999732971191,10.529999732971191,208300
2018-09-18,10.5,10.6899995803833,10.329999923706055,10.5,10.5,265900
2018-09-19,10.5,10.609999656677246,10.270000457763672,10.300000190734863,10.300000190734863,230800
2018-09-20,10.359999656677246,10.479999542236328,10.0600004196167,10.170000076293945,10.170000076293945,225100
2018-09-21,10.100000381469727,10.199999809265137,9.895000457763672,10.029999732971191,10.029999732971191,768000
2018-09-24,10.020000457763672,10.449999809265137,9.914999961853027,10.3100004196167,10.3100004196167,204600
2018-09-25,10.3100004196167,10.739999771118164,10.279999732971191,10.699999809265137,10.699999809265137,331700
2018-09-26,10.680000305175781,10.774999618530273,9.890000343322754,9.899999618530273,9.899999618530273,201300
2018-09-27,9.960000038146973,10.02400016784668,9.520000457763672,9.609999656677246,9.609999656677246,248700
2018-09-28,9.600000381469727,9.779999732971191,9.510000228881836,9.550000190734863,9.550000190734863,434900
2018-10-01,9.609999656677246,9.729999542236328,9.069999694824219,9.579999923706055,9.579999923706055,821900
2018-10-02,9.5600004196167,9.600000381469727,9.170000076293945,9.420000076293945,9.420000076293945,261100
2018-10-03,9.510000228881836,9.609999656677246,9.380000114440918,9.489999771118164,9.489999771118164,200500
2018-10-04,9.460000038146973,9.460000038146973,8.770000457763672,9.149999618530273,9.149999618530273,322900
2018-10-05,9.130000114440918,9.550000190734863,9.130000114440918,9.3100004196167,9.3100004196167,284000
2018-10-08,9.300000190734863,9.619999885559082,9.210000038146973,9.529999732971191,9.529999732971191,402800
2018-10-09,9.529999732971191,10.029999732971191,9.529999732971191,9.829999923706055,9.829999923706055,371900
2018-10-10,9.819999694824219,10.029999732971191,9.460000038146973,9.890000343322754,9.890000343322754,355700
2018-10-11,9.779999732971191,10.380000114440918,9.59000015258789,10.199999809265137,10.199999809265137,592000
2018-10-12,10.149999618530273,10.550000190734863,9.961000442504883,10.180000305175781,10.180000305175781,432200
2018-10-15,10.220000267028809,10.710000038146973,10.0,10.630000114440918,10.630000114440918,222800
2018-10-16,10.670000076293945,11.0600004196167,10.619999885559082,10.850000381469727,10.850000381469727,237400
2018-10-17,10.819999694824219,10.949999809265137,10.510000228881836,10.920000076293945,10.920000076293945,141300
2018-10-18,10.90999984741211,11.140000343322754,10.479999542236328,10.569999694824219,10.569999694824219,331900
2018-10-19,10.569999694824219,10.779999732971191,10.0,10.229999542236328,10.229999542236328,156800
2018-10-22,10.270000457763672,10.279999732971191,9.989999771118164,10.220000267028809,10.220000267028809,143900
2018-10-23,10.100000381469727,10.390000343322754,9.869999885559082,10.180000305175781,10.180000305175781,192200
2018-10-24,10.180000305175781,10.359999656677246,9.390000343322754,9.4399995803833,9.4399995803833,367800
2018-10-25,9.550000190734863,9.760000228881836,9.289999961853027,9.59000015258789,9.59000015258789,278000
2018-10-26,9.460000038146973,9.84000015258789,9.199999809265137,9.600000381469727,9.600000381469727,219800
2018-10-29,9.729999542236328,9.800000190734863,9.329999923706055,9.4399995803833,9.4399995803833,220800
2018-10-30,10.949999809265137,12.699999809265137,10.0,11.5600004196167,11.5600004196167,3298300
2018-10-31,11.970000267028809,15.1899995803833,11.850000381469727,14.850000381469727,14.850000381469727,2836400
2018-11-01,14.649999618530273,14.960000038146973,12.989999771118164,13.010000228881836,13.010000228881836,1163300
2018-11-02,13.449999809265137,14.760000228881836,13.380000114440918,14.199999809265137,14.199999809265137,673000
2018-11-05,14.199999809265137,14.359999656677246,13.170000076293945,13.850000381469727,13.850000381469727,464400
2018-11-06,13.729999542236328,13.979999542236328,13.449999809265137,13.890000343322754,13.890000343322754,324000
2018-11-07,14.0,14.229000091552734,13.529999732971191,14.010000228881836,14.010000228881836,595400
2018-11-08,14.199999809265137,15.5,14.199999809265137,14.84000015258789,14.84000015258789,712700
2018-11-09,14.899999618530273,14.899999618530273,13.579999923706055,14.479999542236328,14.479999542236328,615800
2018-11-12,14.329999923706055,14.479999542236328,12.649999618530273,13.430000305175781,13.430000305175781,548800
2018-11-13,13.430000305175781,14.619999885559082,13.430000305175781,14.005000114440918,14.005000114440918,426200
2018-11-14,14.010000228881836,14.140000343322754,13.140000343322754,13.329999923706055,13.329999923706055,237000
2018-11-15,13.329999923706055,13.9350004196167,13.220000267028809,13.84000015258789,13.84000015258789,235000
2018-11-16,13.829999923706055,13.979999542236328,13.350000381469727,13.869999885559082,13.869999885559082,348500
2018-11-19,13.890000343322754,13.970000267028809,13.430000305175781,13.609999656677246,13.609999656677246,214500
2018-11-20,13.34000015258789,13.630000114440918,12.479999542236328,12.609999656677246,12.609999656677246,457100
2018-11-21,12.5,12.720000267028809,12.149999618530273,12.4399995803833,12.4399995803833,177600
2018-11-23,12.420000076293945,12.979999542236328,12.420000076293945,12.65999984741211,12.65999984741211,98300
2018-11-26,12.729999542236328,13.010000228881836,12.260000228881836,12.6899995803833,12.6899995803833,196200
2018-11-27,12.630000114440918,12.989999771118164,12.029999732971191,12.130000114440918,12.130000114440918,224500
2018-11-28,12.170000076293945,12.789999961853027,11.90999984741211,12.539999961853027,12.539999961853027,330500
2018-11-29,12.199999809265137,12.369999885559082,11.869999885559082,12.170000076293945,12.170000076293945,446500
2018-11-30,12.069999694824219,12.399999618530273,11.670000076293945,12.239999771118164,12.239999771118164,355500
2018-12-03,12.5,13.550000190734863,12.350000381469727,13.220000267028809,13.220000267028809,919200
2018-12-04,13.180000305175781,13.319999694824219,11.699999809265137,12.069999694824219,12.069999694824219,546600
2018-12-06,11.859999656677246,12.270000457763672,11.670000076293945,12.170000076293945,12.170000076293945,237300
2018-12-07,12.09000015258789,12.300000190734863,11.770000457763672,11.90999984741211,11.90999984741211,340900
2018-12-10,11.920000076293945,12.5,11.760000228881836,12.489999771118164,12.489999771118164,212700
2018-12-11,12.84000015258789,12.84000015258789,12.010000228881836,12.649999618530273,12.649999618530273,167800
2018-12-12,12.819999694824219,13.300000190734863,12.510000228881836,13.050000190734863,13.050000190734863,232200
2018-12-13,13.210000038146973,13.260000228881836,12.84000015258789,13.119999885559082,13.119999885559082,810800
2018-12-14,13.010000228881836,13.0600004196167,12.149999618530273,12.220000267028809,12.220000267028809,255200
2018-12-17,12.079999923706055,12.229999542236328,11.489999771118164,11.800000190734863,11.800000190734863,256000
2018-12-18,11.470000267028809,12.050000190734863,11.470000267028809,11.720000267028809,11.720000267028809,250600
2018-12-19,11.739999771118164,12.260000228881836,11.430000305175781,11.569999694824219,11.569999694824219,567600
2018-12-20,11.449999809265137,11.90999984741211,11.210000038146973,11.579999923706055,11.579999923706055,284900
2018-12-21,11.539999961853027,11.569999694824219,10.725000381469727,11.130000114440918,11.130000114440918,698000
2018-12-24,10.949999809265137,11.319999694824219,10.930000305175781,11.119999885559082,11.119999885559082,117700
2018-12-26,11.279999732971191,12.100000381469727,11.020000457763672,12.0,12.0,226300
2018-12-27,11.760000228881836,11.920000076293945,11.180000305175781,11.880000114440918,11.880000114440918,278400
2018-12-28,11.9399995803833,12.569999694824219,11.819999694824219,12.170000076293945,12.170000076293945,214400
2018-12-31,12.260000228881836,12.800000190734863,12.260000228881836,12.579999923706055,12.579999923706055,216600
2019-01-02,12.210000038146973,12.390000343322754,11.699999809265137,12.0,12.0,301500
2019-01-03,12.050000190734863,13.460000038146973,12.050000190734863,13.09000015258789,13.09000015258789,466700
2019-01-04,13.6899995803833,14.760000228881836,13.279999732971191,14.239999771118164,14.239999771118164,483300
2019-01-07,14.3100004196167,14.65999984741211,13.970000267028809,14.430000305175781,14.430000305175781,797000
2019-01-08,14.420000076293945,14.960000038146973,14.239999771118164,14.539999961853027,14.539999961853027,386700
2019-01-09,14.680000305175781,15.390000343322754,14.40999984741211,15.199999809265137,15.199999809265137,235200
2019-01-10,15.140000343322754,16.6200008392334,14.940999984741211,15.949999809265137,15.949999809265137,505300
2019-01-11,16.09000015258789,16.299999237060547,15.529999732971191,16.059999465942383,16.059999465942383,374800
2019-01-14,16.1200008392334,16.1200008392334,15.420000076293945,15.819999694824219,15.819999694824219,418300
2019-01-15,15.819999694824219,15.890000343322754,15.380000114440918,15.6899995803833,15.6899995803833,614300
2019-01-16,15.699999809265137,16.579999923706055,15.539999961853027,15.930000305175781,15.930000305175781,643500
2019-01-17,15.920000076293945,16.59000015258789,15.819999694824219,16.350000381469727,16.350000381469727,349700
2019-01-18,16.440000534057617,17.329999923706055,16.309999465942383,17.280000686645508,17.280000686645508,603400
2019-01-22,17.200000762939453,18.06999969482422,17.110000610351562,17.350000381469727,17.350000381469727,612000
2019-01-23,17.469999313354492,17.6299991607666,17.066999435424805,17.260000228881836,17.260000228881836,227100
2019-01-24,17.260000228881836,17.809999465942383,17.149999618530273,17.610000610351562,17.610000610351562,272400
2019-01-25,17.65999984741211,17.8700008392334,16.8799991607666,17.770000457763672,17.770000457763672,339400
2019-01-28,17.489999771118164,17.84000015258789,17.344999313354492,17.690000534057617,17.690000534057617,216300
2019-01-29,17.690000534057617,17.899999618530273,17.43400001525879,17.729999542236328,17.729999542236328,239200
2019-01-30,17.93000030517578,17.93000030517578,16.989999771118164,17.670000076293945,17.670000076293945,224700
2019-01-31,17.6299991607666,18.25,17.479999542236328,18.190000534057617,18.190000534057617,350700
2019-02-01,18.200000762939453,18.780000686645508,17.899999618530273,18.459999084472656,18.459999084472656,311400
2019-02-04,18.479999542236328,19.200000762939453,17.969999313354492,19.19499969482422,19.19499969482422,932900
2019-02-05,19.06999969482422,19.239999771118164,18.670000076293945,19.1200008392334,19.1200008392334,600400
2019-02-06,19.1200008392334,19.440000534057617,18.299999237060547,18.770000457763672,18.770000457763672,561300
2019-02-07,18.610000610351562,18.649999618530273,17.959999084472656,18.270000457763672,18.270000457763672,339100
2019-02-08,17.959999084472656,18.625,17.950000762939453,18.520000457763672,18.520000457763672,256800
2019-02-11,18.469999313354492,18.510000228881836,17.8700008392334,18.18000030517578,18.18000030517578,390200
2019-02-12,18.1299991607666,18.43000030517578,17.950000762939453,18.299999237060547,18.299999237060547,346200
2019-02-13,18.329999923706055,18.434999465942383,17.735000610351562,18.299999237060547,18.299999237060547,272200
2019-02-14,18.280000686645508,18.5,17.972999572753906,18.0,18.0,247500
2019-02-15,18.06999969482422,19.104999542236328,17.700000762939453,18.600000381469727,18.600000381469727,900200
2019-02-19,18.540000915527344,18.950000762939453,18.459999084472656,18.540000915527344,18.540000915527344,201100
2019-02-20,18.579999923706055,19.18000030517578,18.559999465942383,19.010000228881836,19.010000228881836,209700
2019-02-21,18.979999542236328,18.979999542236328,18.43000030517578,18.799999237060547,18.799999237060547,258200
2019-02-22,19.15999984741211,19.719999313354492,18.799999237060547,19.68000030517578,19.68000030517578,466700
2019-02-25,20.0,20.010000228881836,19.200000762939453,19.690000534057617,19.690000534057617,561400
2019-02-26,20.75,22.229999542236328,20.149999618530273,21.469999313354492,21.469999313354492,1497700
2019-02-27,21.459999084472656,22.299999237060547,21.281999588012695,22.0,22.0,868400
2019-02-28,21.440000534057617,21.940000534057617,19.8700008392334,20.209999084472656,20.209999084472656,1475300
2019-03-01,20.299999237060547,20.959999084472656,20.010000228881836,20.18000030517578,20.18000030517578,619400
2019-03-04,19.860000610351562,20.950000762939453,19.5,20.719999313354492,20.719999313354492,1158800
2019-03-05,20.719999313354492,21.059999465942383,20.100000381469727,20.440000534057617,20.440000534057617,512400
2019-03-06,19.6200008392334,20.0049991607666,18.549999237060547,18.84000015258789,18.84000015258789,1136000
2019-03-07,18.8799991607666,19.709999084472656,18.709999084472656,19.40999984741211,19.40999984741211,971600
2019-03-08,19.3700008392334,20.09000015258789,19.309999465942383,20.0,20.0,395400
2019-03-11,20.049999237060547,20.25,19.78499984741211,20.239999771118164,20.239999771118164,669500
2019-03-12,20.25,20.829999923706055,20.170000076293945,20.690000534057617,20.690000534057617,734400
2019-03-13,20.799999237060547,21.209999084472656,20.75,21.18000030517578,21.18000030517578,997500
2019-03-14,21.149999618530273,21.440000534057617,20.75,21.0,21.0,439500
2019-03-15,21.0,21.729999542236328,20.739999771118164,21.65999984741211,21.65999984741211,1865900
2019-03-18,21.65999984741211,21.850000381469727,21.100000381469727,21.850000381469727,21.850000381469727,674200
2019-03-19,22.0,22.34000015258789,21.5,22.040000915527344,22.040000915527344,527000
2019-03-20,22.209999084472656,22.860000610351562,22.06999969482422,22.479999542236328,22.479999542236328,427400
2019-03-21,22.81999969482422,24.170000076293945,22.65999984741211,24.15999984741211,24.15999984741211,768400
2019-03-22,24.239999771118164,24.950000762939453,23.8700008392334,24.459999084472656,24.459999084472656,1355400
2019-03-25,24.5,25.809999465942383,23.860000610351562,25.760000228881836,25.760000228881836,1001700
2019-03-26,25.959999084472656,26.260000228881836,24.549999237060547,25.110000610351562,25.110000610351562,872700
2019-03-27,25.239999771118164,25.469999313354492,23.510000228881836,23.6299991607666,23.6299991607666,701700
2019-03-28,23.6299991607666,25.079999923706055,23.160999298095703,25.020000457763672,25.020000457763672,622000
2019-03-29,25.309999465942383,26.170000076293945,24.790000915527344,25.020000457763672,25.020000457763672,952500
2019-04-01,25.469999313354492,25.878000259399414,24.81999969482422,25.06999969482422,25.06999969482422,823900
2019-04-02,24.790000915527344,25.56999969482422,23.600000381469727,24.350000381469727,24.350000381469727,903400
2019-04-03,24.549999237060547,25.229999542236328,23.649999618530273,24.780000686645508,24.780000686645508,677500
2019-04-04,24.790000915527344,25.809999465942383,24.790000915527344,25.549999237060547,25.549999237060547,616300
2019-04-05,25.809999465942383,26.59000015258789,25.6299991607666,26.40999984741211,26.40999984741211,427400
2019-04-08,26.459999084472656,26.75,24.329999923706055,25.15999984741211,25.15999984741211,721700
2019-04-09,25.09000015258789,25.510000228881836,24.56999969482422,24.969999313354492,24.969999313354492,367900
2019-04-10,24.899999618530273,25.739999771118164,24.899999618530273,25.489999771118164,25.489999771118164,460600
2019-04-11,25.540000915527344,25.65999984741211,24.5,25.239999771118164,25.239999771118164,449600
2019-04-12,25.3700008392334,26.030000686645508,25.3700008392334,25.649999618530273,25.649999618530273,552700
2019-04-15,25.579999923706055,26.03700065612793,24.299999237060547,24.639999389648438,24.639999389648438,443000
2019-04-16,24.670000076293945,25.559999465942383,24.06999969482422,24.389999389648438,24.389999389648438,448900
2019-04-17,24.389999389648438,24.389999389648438,22.280000686645508,22.93000030517578,22.93000030517578,752600
2019-04-18,22.709999084472656,23.540000915527344,22.579999923706055,23.030000686645508,23.030000686645508,339600
2019-04-22,23.0,23.190000534057617,22.610000610351562,23.020000457763672,23.020000457763672,218800
2019-04-23,23.0,23.850000381469727,22.25,23.709999084472656,23.709999084472656,314900
2019-04-24,23.84000015258789,24.06999969482422,23.239999771118164,23.360000610351562,23.360000610351562,212100
2019-04-25,23.360000610351562,23.790000915527344,22.65999984741211,22.920000076293945,22.920000076293945,265500
2019-04-26,23.0,23.485000610351562,22.6299991607666,23.3799991607666,23.3799991607666,231700
2019-04-29,23.34000015258789,23.700000762939453,22.850000381469727,23.06999969482422,23.06999969482422,374000
2019-04-30,23.149999618530273,23.483999252319336,22.260000228881836,22.8700008392334,22.8700008392334,406200
2019-05-01,24.3799991607666,26.799999237060547,24.049999237060547,25.170000076293945,25.170000076293945,890400
2019-05-02,23.149999618530273,24.739999771118164,22.25,24.170000076293945,24.170000076293945,1005500
2019-05-03,24.489999771118164,25.3700008392334,23.722999572753906,24.600000381469727,24.600000381469727,3996700
2019-05-06,24.040000915527344,25.84000015258789,23.700000762939453,25.5,25.5,1807300
2019-05-07,25.1200008392334,25.5,23.190000534057617,23.799999237060547,23.799999237060547,608300
2019-05-08,23.829999923706055,24.1299991607666,23.389999389648438,23.600000381469727,23.600000381469727,431300
2019-05-09,23.299999237060547,23.389999389648438,22.1200008392334,22.610000610351562,22.610000610351562,581200
2019-05-10,22.540000915527344,23.770000457763672,22.329999923706055,23.649999618530273,23.649999618530273,587700
2019-05-13,23.020000457763672,23.389999389648438,22.170000076293945,22.209999084472656,22.209999084472656,516100
2019-05-14,21.559999465942383,23.625,20.77899932861328,23.3799991607666,23.3799991607666,581000
2019-05-15,23.229999542236328,24.649999618530273,23.229999542236328,24.610000610351562,24.610000610351562,504200
2019-05-16,24.639999389648438,25.510000228881836,24.639999389648438,25.110000610351562,25.110000610351562,552200
2019-05-17,24.739999771118164,24.764999389648438,23.6200008392334,24.389999389648438,24.389999389648438,621700
2019-05-20,24.219999313354492,24.31999969482422,23.895000457763672,24.18000030517578,24.18000030517578,526600
2019-05-21,24.399999618530273,24.760000228881836,23.899999618530273,24.649999618530273,24.649999618530273,930700
2019-05-22,24.600000381469727,25.110000610351562,24.3799991607666,24.75,24.75,342900
2019-05-23,24.809999465942383,25.479999542236328,24.09000015258789,24.56999969482422,24.56999969482422,473800
2019-05-24,24.709999084472656,24.969999313354492,24.260000228881836,24.5,24.5,451500
2019-05-28,24.559999465942383,24.84000015258789,23.850000381469727,24.200000762939453,24.200000762939453,816400
2019-05-29,24.0,24.354999542236328,23.350000381469727,24.229999542236328,24.229999542236328,810400
2019-05-30,24.329999923706055,25.15999984741211,24.209999084472656,25.030000686645508,25.030000686645508,571400
2019-05-31,24.559999465942383,24.559999465942383,22.584999084472656,22.65999984741211,22.65999984741211,870800
2019-06-03,22.670000076293945,22.950000762939453,21.84000015258789,22.100000381469727,22.100000381469727,872200
2019-06-04,22.510000228881836,23.479999542236328,22.049999237060547,23.450000762939453,23.450000762939453,801000
2019-06-05,23.6299991607666,24.649999618530273,23.399999618530273,24.649999618530273,24.649999618530273,971900
2019-06-06,24.639999389648438,25.079999923706055,24.25,24.8799991607666,24.8799991607666,711300
2019-06-07,25.030000686645508,25.950000762939453,24.799999237060547,25.75,25.75,1230600
2019-06-10,25.850000381469727,26.739999771118164,25.81999969482422,26.299999237060547,26.299999237060547,560300
2019-06-11,26.670000076293945,28.18000030517578,25.881999969482422,26.25,26.25,1022900
2019-06-12,26.1200008392334,27.25,25.739999771118164,27.010000228881836,27.010000228881836,493800
2019-06-13,27.15999984741211,27.940000534057617,26.809999465942383,27.93000030517578,27.93000030517578,436000
2019-06-14,28.15999984741211,28.25,27.3799991607666,27.56999969482422,27.56999969482422,325200
2019-06-17,27.829999923706055,28.899999618530273,27.309999465942383,28.559999465942383,28.559999465942383,668300
2019-06-18,28.969999313354492,29.31999969482422,28.165000915527344,28.510000228881836,28.510000228881836,480700
2019-06-19,28.549999237060547,28.780000686645508,27.690000534057617,28.329999923706055,28.329999923706055,854000
2019-06-20,28.81999969482422,29.43000030517578,28.049999237060547,28.40999984741211,28.40999984741211,1162400
2019-06-21,28.25,28.25,27.030000686645508,27.81999969482422,27.81999969482422,1554400
2019-06-24,27.950000762939453,28.200000762939453,27.190000534057617,27.25,27.25,579200
2019-06-25,27.350000381469727,27.8799991607666,26.530000686645508,26.56999969482422,26.56999969482422,444500
2019-06-26,26.610000610351562,26.920000076293945,25.520000457763672,25.75,25.75,525500
2019-06-27,25.75,26.889999389648438,25.75,26.530000686645508,26.530000686645508,382100
2019-06-28,26.610000610351562,28.729999542236328,26.530000686645508,28.510000228881836,28.510000228881836,4279200
2019-07-01,29.459999084472656,30.239999771118164,28.649999618530273,28.75,28.75,811400
2019-07-02,30.010000228881836,30.25,28.739999771118164,28.989999771118164,28.989999771118164,842900
2019-07-03,29.3700008392334,29.690000534057617,28.760000228881836,29.229999542236328,29.229999542236328,473500
2019-07-05,28.829999923706055,29.219999313354492,28.139999389648438,28.56999969482422,28.56999969482422,410500
2019-07-08,28.520000457763672,28.760000228881836,27.149999618530273,27.770000457763672,27.770000457763672,465900
2019-07-09,27.510000228881836,28.450000762939453,27.450000762939453,28.329999923706055,28.329999923706055,467600
2019-07-10,28.739999771118164,29.450000762939453,28.3799991607666,28.489999771118164,28.489999771118164,641000
2019-07-11,28.600000381469727,28.81999969482422,27.899999618530273,28.270000457763672,28.270000457763672,676300
2019-07-12,28.079999923706055,28.260000228881836,27.190000534057617,27.329999923706055,27.329999923706055,502400
2019-07-15,27.549999237060547,28.25,26.520000457763672,28.030000686645508,28.030000686645508,474700
2019-07-16,28.040000915527344,28.6299991607666,27.889999389648438,28.5,28.5,350900
2019-07-17,28.549999237060547,29.1200008392334,28.229999542236328,29.020000457763672,29.020000457763672,363200
2019-07-18,28.989999771118164,29.959999084472656,28.70400047302246,29.510000228881836,29.510000228881836,467000
2019-07-19,29.510000228881836,29.93000030517578,29.450000762939453,29.850000381469727,29.850000381469727,415400
2019-07-22,29.850000381469727,31.18000030517578,29.850000381469727,30.93000030517578,30.93000030517578,789700
2019-07-23,30.709999084472656,30.709999084472656,27.266000747680664,28.6200008392334,28.6200008392334,1298000
2019-07-24,28.5,28.8799991607666,26.700000762939453,28.790000915527344,28.790000915527344,613300
2019-07-25,28.6200008392334,28.950000762939453,27.829999923706055,28.530000686645508,28.530000686645508,536300
2019-07-26,28.790000915527344,29.239999771118164,28.559999465942383,29.110000610351562,29.110000610351562,582600
2019-07-29,29.280000686645508,29.739999771118164,28.190000534057617,29.18000030517578,29.18000030517578,674300
2019-07-30,28.920000076293945,29.670000076293945,28.65999984741211,29.610000610351562,29.610000610351562,686600
2019-07-31,30.110000610351562,30.5,27.610000610351562,28.3700008392334,28.3700008392334,1301400
2019-08-01,28.25,28.889999389648438,26.459999084472656,27.0,27.0,938100
2019-08-02,26.700000762939453,27.399999618530273,25.059999465942383,25.15999984741211,25.15999984741211,1007400
2019-08-05,24.860000610351562,24.989999771118164,23.530000686645508,23.8700008392334,23.8700008392334,968700
2019-08-06,23.979999542236328,24.5,23.780000686645508,24.40999984741211,24.40999984741211,520500
2019-08-07,24.049999237060547,24.829999923706055,23.915000915527344,24.65999984741211,24.65999984741211,665700
2019-08-08,24.90999984741211,26.719999313354492,24.59000015258789,26.700000762939453,26.700000762939453,855000
2019-08-09,26.489999771118164,27.110000610351562,26.100000381469727,26.1299991607666,26.1299991607666,714800
2019-08-12,25.940000534057617,25.979999542236328,25.079999923706055,25.260000228881836,25.260000228881836,429300
2019-08-13,25.209999084472656,27.09000015258789,25.209999084472656,26.950000762939453,26.950000762939453,563300
2019-08-14,25.940000534057617,26.0,24.479999542236328,24.729999542236328,24.729999542236328,837600
2019-08-15,25.0,25.809999465942383,24.700000762939453,24.8799991607666,24.8799991607666,485900
2019-08-16,25.239999771118164,25.65999984741211,25.149999618530273,25.639999389648438,25.639999389648438,299800
2019-08-19,26.010000228881836,26.100000381469727,24.93000030517578,25.209999084472656,25.209999084472656,309800
2019-08-20,24.950000762939453,25.93000030517578,24.950000762939453,25.81999969482422,25.81999969482422,393000
2019-08-21,26.1299991607666,26.459999084472656,25.6200008392334,26.280000686645508,26.280000686645508,221900
2019-08-22,26.260000228881836,26.45599937438965,25.229999542236328,25.299999237060547,25.299999237060547,310200
2019-08-23,25.100000381469727,25.81999969482422,24.530000686645508,24.65999984741211,24.65999984741211,287700
2019-08-26,24.799999237060547,25.260000228881836,24.399999618530273,25.200000762939453,25.200000762939453,282100
2019-08-27,25.790000915527344,26.485000610351562,25.450000762939453,25.93000030517578,25.93000030517578,507200
2019-08-28,25.670000076293945,26.43000030517578,25.6200008392334,26.010000228881836,26.010000228881836,319300
2019-08-29,26.450000762939453,27.06999969482422,25.84000015258789,27.049999237060547,27.049999237060547,330300
2019-08-30,27.170000076293945,27.68000030517578,26.329999923706055,26.5,26.5,499400
2019-09-03,26.149999618530273,26.540000915527344,24.790000915527344,25.09000015258789,25.09000015258789,318800
2019-09-04,25.34000015258789,25.45400047302246,24.860000610351562,25.3700008392334,25.3700008392334,517100
2019-09-05,25.780000686645508,26.43000030517578,24.774999618530273,26.25,26.25,280900
2019-09-06,26.290000915527344,26.40999984741211,25.6200008392334,25.670000076293945,25.670000076293945,246300
2019-09-09,25.670000076293945,25.825000762939453,24.815000534057617,24.920000076293945,24.920000076293945,374300
2019-09-10,24.75,25.559999465942383,22.559999465942383,25.1200008392334,25.1200008392334,1042100
2019-09-11,24.360000610351562,24.709999084472656,23.149999618530273,24.610000610351562,24.610000610351562,1341800
2019-09-12,24.780000686645508,25.399999618530273,24.18000030517578,25.1299991607666,25.1299991607666,676300
2019-09-13,25.25,25.8700008392334,24.729999542236328,25.739999771118164,25.739999771118164,514100
2019-09-16,25.469999313354492,26.09000015258789,25.209999084472656,25.59000015258789,25.59000015258789,525100
2019-09-17,25.489999771118164,26.309999465942383,25.3700008392334,26.170000076293945,26.170000076293945,493000
2019-09-18,26.170000076293945,26.170000076293945,25.549999237060547,25.940000534057617,25.940000534057617,401400
2019-09-19,26.079999923706055,26.59000015258789,25.799999237060547,26.049999237060547,26.049999237060547,314400
2019-09-20,26.020000457763672,26.6200008392334,25.770000457763672,26.5,26.5,1134900
2019-09-23,26.459999084472656,26.649999618530273,25.489999771118164,25.510000228881836,25.510000228881836,328600
2019-09-24,25.610000610351562,25.760000228881836,24.329999923706055,24.549999237060547,24.549999237060547,587600
2019-09-25,24.34000015258789,24.59000015258789,23.65999984741211,24.15999984741211,24.15999984741211,721900
2019-09-26,24.18000030517578,24.93000030517578,23.780000686645508,24.670000076293945,24.670000076293945,781100
2019-09-27,24.6299991607666,25.34000015258789,24.110000610351562,24.229999542236328,24.229999542236328,944500
2019-09-30,24.260000228881836,24.3700008392334,23.450000762939453,24.0,24.0,1398200
2019-10-01,24.020000457763672,24.81999969482422,22.8700008392334,22.93000030517578,22.93000030517578,1114100
2019-10-02,22.600000381469727,22.65999984741211,21.700000762939453,22.100000381469727,22.100000381469727,676900
2019-10-03,22.110000610351562,22.920000076293945,21.600000381469727,22.8799991607666,22.8799991607666,566500
2019-10-04,23.100000381469727,23.520000457763672,22.81999969482422,23.440000534057617,23.440000534057617,331400
2019-10-07,23.260000228881836,23.889999389648438,23.125,23.639999389648438,23.639999389648438,434100
2019-10-08,23.510000228881836,23.739999771118164,22.90999984741211,23.299999237060547,23.299999237060547,586500
2019-10-09,23.610000610351562,24.690000534057617,23.270000457763672,24.59000015258789,24.59000015258789,544200
2019-10-10,24.43000030517578,24.8799991607666,24.280000686645508,24.760000228881836,24.760000228881836,455500
2019-10-11,24.780000686645508,25.6299991607666,24.59000015258789,25.299999237060547,25.299999237060547,541200
2019-10-14,25.1200008392334,26.084999084472656,24.780000686645508,25.219999313354492,25.219999313354492,731500
2019-10-15,25.43000030517578,25.690000534057617,24.81999969482422,25.5,25.5,1120900
2019-10-16,25.309999465942383,25.687999725341797,24.18000030517578,24.389999389648438,24.389999389648438,646700
2019-10-17,24.649999618530273,25.459999084472656,24.489999771118164,25.31999969482422,25.31999969482422,470600
2019-10-18,25.049999237060547,25.299999237060547,24.05500030517578,24.670000076293945,24.670000076293945,450600
2019-10-21,24.84000015258789,26.299999237060547,24.600000381469727,26.190000534057617,26.190000534057617,962000
2019-10-22,26.6200008392334,28.049999237060547,26.010000228881836,26.209999084472656,26.209999084472656,1285800
2019-10-23,25.899999618530273,27.399999618530273,21.760000228881836,22.100000381469727,22.100000381469727,2102100
2019-10-24,22.65999984741211,22.687999725341797,20.770000457763672,20.780000686645508,20.780000686645508,1533000
2019-10-25,20.700000762939453,21.6299991607666,20.091999053955078,21.209999084472656,21.209999084472656,846800
2019-10-28,21.280000686645508,22.75,21.280000686645508,22.59000015258789,22.59000015258789,1015300
2019-10-29,22.469999313354492,22.8799991607666,22.239999771118164,22.559999465942383,22.559999465942383,638900
2019-10-30,22.59000015258789,22.850000381469727,22.357999801635742,22.68000030517578,22.68000030517578,368500
2019-10-31,22.649999618530273,23.25,22.440000534057617,22.93000030517578,22.93000030517578,354200
2019-11-01,23.190000534057617,23.579999923706055,22.81999969482422,23.329999923706055,23.329999923706055,397600
2019-11-04,23.670000076293945,24.15999984741211,23.440000534057617,23.799999237060547,23.799999237060547,481100
2019-11-05,23.8700008392334,24.020000457763672,23.350000381469727,24.010000228881836,24.010000228881836,404900
2019-11-06,23.979999542236328,24.209999084472656,23.75,23.81999969482422,23.81999969482422,362600
2019-11-07,23.989999771118164,24.270000457763672,23.059999465942383,23.139999389648438,23.139999389648438,439600
2019-11-08,23.1299991607666,23.829999923706055,22.868999481201172,23.59000015258789,23.59000015258789,267600
2019-11-11,23.440000534057617,23.774999618530273,23.389999389648438,23.479999542236328,23.479999542236328,141500
2019-11-12,23.479999542236328,24.149999618530273,23.459999084472656,23.729999542236328,23.729999542236328,220900
2019-11-13,23.639999389648438,24.3799991607666,23.450000762939453,24.1299991607666,24.1299991607666,258300
2019-11-14,24.059999465942383,24.350000381469727,23.784000396728516,24.065000534057617,24.065000534057617,290700
2019-11-15,24.25,25.25,24.200000762939453,25.239999771118164,25.239999771118164,294900
2019-11-18,25.15999984741211,25.6299991607666,24.8700008392334,25.440000534057617,25.440000534057617,342900
2019-11-19,25.489999771118164,26.434999465942383,25.277999877929688,25.959999084472656,25.959999084472656,406900
2019-11-20,25.829999923706055,26.510000228881836,25.829999923706055,26.25,26.25,486000
2019-11-21,26.520000457763672,26.850000381469727,25.170000076293945,25.709999084472656,25.709999084472656,274800
2019-11-22,25.889999389648438,26.280000686645508,25.424999237060547,26.170000076293945,26.170000076293945,227500
2019-11-25,26.489999771118164,28.549999237060547,26.489999771118164,28.469999313354492,28.469999313354492,555400
2019-11-26,28.540000915527344,29.170000076293945,28.260000228881836,29.049999237060547,29.049999237060547,624500
2019-11-27,29.34000015258789,29.40399932861328,28.670000076293945,29.075000762939453,29.075000762939453,285100
2019-11-29,28.799999237060547,28.889999389648438,28.15999984741211,28.719999313354492,28.719999313354492,258600
2019-12-02,28.75,28.75,27.155000686645508,27.190000534057617,27.190000534057617,655100
2019-12-03,26.719999313354492,27.030000686645508,25.969999313354492,26.260000228881836,26.260000228881836,1362200
2019-12-04,27.469999313354492,28.420000076293945,26.350000381469727,28.344999313354492,28.344999313354492,996700
2019-12-05,28.5,30.030000686645508,28.3700008392334,29.989999771118164,29.989999771118164,902000
2019-12-06,30.5,30.610000610351562,29.1299991607666,29.18000030517578,29.18000030517578,527000
2019-12-09,29.0,29.34000015258789,28.270000457763672,28.459999084472656,28.459999084472656,363000
2019-12-10,28.40999984741211,29.260000228881836,28.25,28.969999313354492,28.969999313354492,437400
2019-12-11,29.149999618530273,29.388999938964844,28.530000686645508,28.68000030517578,28.68000030517578,400600
2019-12-12,28.6299991607666,29.329999923706055,28.209999084472656,28.6299991607666,28.6299991607666,255100
2019-12-13,28.520000457763672,29.0,28.454999923706055,28.510000228881836,28.510000228881836,238700
2019-12-16,28.809999465942383,29.31999969482422,28.68000030517578,29.309999465942383,29.309999465942383,350700
2019-12-17,29.059999465942383,29.559999465942383,28.850000381469727,29.290000915527344,29.290000915527344,427600
2019-12-18,29.360000610351562,29.540000915527344,28.649999618530273,29.34000015258789,29.34000015258789,407900
2019-12-19,29.239999771118164,29.43000030517578,28.860000610351562,29.110000610351562,29.110000610351562,234100
2019-12-20,29.1200008392334,29.420000076293945,28.3799991607666,28.520000457763672,28.520000457763672,657800
2019-12-23,28.8700008392334,29.78499984741211,28.40999984741211,29.610000610351562,29.610000610351562,407900
2019-12-24,29.479999542236328,29.959999084472656,29.360000610351562,29.600000381469727,29.600000381469727,173700
2019-12-26,29.649999618530273,29.93000030517578,29.42300033569336,29.81999969482422,29.81999969482422,226000
2019-12-27,30.0,30.183000564575195,29.040000915527344,29.100000381469727,29.100000381469727,279000
2019-12-30,29.110000610351562,29.110000610351562,28.059999465942383,28.350000381469727,28.350000381469727,308100
2019-12-31,28.190000534057617,28.579999923706055,27.690000534057617,27.920000076293945,27.920000076293945,727000
2020-01-02,28.229999542236328,28.229999542236328,26.690000534057617,27.510000228881836,27.510000228881836,494100
2020-01-03,26.790000915527344,26.84000015258789,26.1299991607666,26.545000076293945,26.545000076293945,547100
2020-01-06,26.31999969482422,26.3799991607666,25.360000610351562,25.969999313354492,25.969999313354492,495800
2020-01-07,25.8799991607666,26.559999465942383,25.510000228881836,26.239999771118164,26.239999771118164,558800
2020-01-08,26.3799991607666,27.450000762939453,26.299999237060547,27.25,27.25,778400
2020-01-09,27.559999465942383,28.708999633789062,27.559999465942383,28.450000762939453,28.450000762939453,574700
2020-01-10,28.610000610351562,29.270000457763672,28.579999923706055,28.899999618530273,28.899999618530273,626600
2020-01-13,28.899999618530273,29.040000915527344,28.09000015258789,28.3700008392334,28.3700008392334,401700
2020-01-14,28.139999389648438,28.989999771118164,27.829999923706055,28.56999969482422,28.56999969482422,353700
2020-01-15,28.68000030517578,29.940000534057617,28.68000030517578,29.440000534057617,29.440000534057617,445200
2020-01-16,29.649999618530273,30.209999084472656,29.459999084472656,30.170000076293945,30.170000076293945,438000
2020-01-17,30.479999542236328,30.860000610351562,29.93000030517578,30.149999618530273,30.149999618530273,344800
2020-01-21,29.950000762939453,30.149999618530273,28.325000762939453,28.40999984741211,28.40999984741211,416100
2020-01-22,28.139999389648438,29.030000686645508,28.000999450683594,28.514999389648438,28.514999389648438,269200
2020-01-23,28.489999771118164,28.799999237060547,27.6299991607666,28.565000534057617,28.565000534057617,297500
2020-01-24,28.729999542236328,28.959999084472656,27.290000915527344,27.489999771118164,27.489999771118164,277400
2020-01-27,26.489999771118164,27.209999084472656,26.059999465942383,27.010000228881836,27.010000228881836,592700
2020-01-28,27.309999465942383,27.6200008392334,26.809999465942383,27.440000534057617,27.440000534057617,267700
2020-01-29,27.6200008392334,27.850000381469727,26.959999084472656,27.3700008392334,27.3700008392334,253800
2020-01-30,27.020000457763672,27.219999313354492,26.270000457763672,26.639999389648438,26.639999389648438,153000
2020-01-31,26.469999313354492,26.84000015258789,26.0,26.25,26.25,467300
2020-02-03,26.510000228881836,27.110000610351562,26.3799991607666,26.950000762939453,26.950000762939453,437600
2020-02-04,27.65999984741211,28.209999084472656,27.110000610351562,28.079999923706055,28.079999923706055,375800
2020-02-05,28.6299991607666,28.920000076293945,27.43000030517578,27.479999542236328,27.479999542236328,307100
2020-02-06,27.75,27.93000030517578,26.149999618530273,26.200000762939453,26.200000762939453,246800
2020-02-07,26.170000076293945,26.850000381469727,25.799999237060547,25.989999771118164,25.989999771118164,304300
2020-02-10,25.850000381469727,26.690000534057617,25.649999618530273,26.670000076293945,26.670000076293945,270500
2020-02-11,27.100000381469727,27.329999923706055,26.459999084472656,26.600000381469727,26.600000381469727,237700
2020-02-12,26.809999465942383,26.860000610351562,25.3799991607666,26.540000915527344,26.540000915527344,306000
2020-02-13,26.190000534057617,26.780000686645508,25.709999084472656,26.15999984741211,26.15999984741211,304500
2020-02-14,26.139999389648438,27.139999389648438,25.81999969482422,26.850000381469727,26.850000381469727,259300
2020-02-18,26.68000030517578,27.15999984741211,25.940000534057617,26.309999465942383,26.309999465942383,190800
2020-02-19,26.469999313354492,27.030000686645508,26.149999618530273,26.739999771118164,26.739999771118164,274300
2020-02-20,26.540000915527344,26.770000457763672,25.600000381469727,25.670000076293945,25.670000076293945,337000
2020-02-21,25.65999984741211,25.700000762939453,24.649999618530273,25.239999771118164,25.239999771118164,593900
2020-02-24,24.200000762939453,24.350000381469727,23.610000610351562,23.809999465942383,23.809999465942383,521300
2020-02-25,23.979999542236328,24.260000228881836,23.030000686645508,23.540000915527344,23.540000915527344,489000
2020-02-26,22.459999084472656,23.350000381469727,22.219999313354492,23.260000228881836,23.260000228881836,1249600
2020-02-27,22.639999389648438,25.1200008392334,22.200000762939453,23.81999969482422,23.81999969482422,806900
2020-02-28,22.950000762939453,24.729999542236328,22.69300079345703,24.690000534057617,24.690000534057617,646800
2020-03-02,24.649999618530273,26.219999313354492,24.489999771118164,26.100000381469727,26.100000381469727,538700
2020-03-03,26.010000228881836,26.149999618530273,24.729999542236328,24.940000534057617,24.940000534057617,478300
2020-03-04,25.450000762939453,25.899999618530273,25.020000457763672,25.270000457763672,25.270000457763672,368800
2020-03-05,24.610000610351562,25.59000015258789,24.3700008392334,24.760000228881836,24.760000228881836,508400
2020-03-06,24.0,24.540000915527344,23.59000015258789,23.90999984741211,23.90999984741211,399300
2020-03-09,22.5,24.4950008392334,22.5,24.06999969482422,24.06999969482422,528000
2020-03-10,24.610000610351562,25.479999542236328,23.68000030517578,25.43000030517578,25.43000030517578,468100
2020-03-11,24.65999984741211,25.1200008392334,23.219999313354492,23.65999984741211,23.65999984741211,707100
2020-03-12,21.950000762939453,22.135000228881836,19.239999771118164,19.8700008392334,19.8700008392334,962700
2020-03-13,20.90999984741211,21.219999313354492,17.360000610351562,21.15999984741211,21.15999984741211,1045600
2020-03-16,19.459999084472656,19.530000686645508,18.209999084472656,18.75,18.75,815100
2020-03-17,19.260000228881836,20.56999969482422,17.7450008392334,18.450000762939453,18.450000762939453,913600
2020-03-18,17.489999771118164,18.18000030517578,13.899999618530273,16.1299991607666,16.1299991607666,641300
2020-03-19,16.459999084472656,19.100000381469727,15.720000267028809,19.020000457763672,19.020000457763672,733300
2020-03-20,19.170000076293945,21.09000015258789,18.030000686645508,18.389999389648438,18.389999389648438,845100
2020-03-23,18.84000015258789,18.989999771118164,16.530000686645508,16.850000381469727,16.850000381469727,450600
2020-03-24,17.329999923706055,20.079999923706055,17.329999923706055,19.65999984741211,19.65999984741211,571300
2020-03-25,19.6299991607666,22.149999618530273,18.030000686645508,22.0049991607666,22.0049991607666,665600
2020-03-26,22.1299991607666,24.690000534057617,21.030000686645508,24.600000381469727,24.600000381469727,682400
2020-03-27,23.59000015258789,24.959999084472656,22.485000610351562,23.15999984741211,23.15999984741211,547300
2020-03-30,23.3799991607666,24.299999237060547,22.110000610351562,24.170000076293945,24.170000076293945,521300
2020-03-31,24.0,24.600000381469727,22.649999618530273,24.309999465942383,24.309999465942383,742300
2020-04-01,22.469999313354492,23.889999389648438,20.049999237060547,20.280000686645508,20.280000686645508,674200
2020-04-02,19.969999313354492,21.420000076293945,19.729999542236328,20.940000534057617,20.940000534057617,532300
2020-04-03,20.850000381469727,21.049999237060547,19.209999084472656,19.489999771118164,19.489999771118164,559500
2020-04-06,20.079999923706055,21.639999389648438,19.75,21.360000610351562,21.360000610351562,548500
2020-04-07,22.219999313354492,23.139999389648438,21.079999923706055,22.709999084472656,22.709999084472656,619900
2020-04-08,23.100000381469727,23.375,22.229999542236328,23.229999542236328,23.229999542236328,589900
2020-04-09,23.790000915527344,24.18000030517578,21.540000915527344,22.450000762939453,22.450000762939453,688300
2020-04-13,22.43000030517578,22.579999923706055,21.260000228881836,22.270000457763672,22.270000457763672,282200
2020-04-14,22.959999084472656,23.90999984741211,22.68000030517578,23.610000610351562,23.610000610351562,325400
2020-04-15,22.93000030517578,23.0,21.93000030517578,22.1299991607666,22.1299991607666,323000
2020-04-16,22.479999542236328,22.829999923706055,21.8700008392334,22.75,22.75,346600
2020-04-17,23.209999084472656,23.5,21.93000030517578,23.190000534057617,23.190000534057617,717500
2020-04-20,22.5,24.860000610351562,22.211000442504883,23.280000686645508,23.280000686645508,415500
2020-04-21,22.59000015258789,23.014999389648438,21.190000534057617,22.520000457763672,22.520000457763672,325400
2020-04-22,23.06999969482422,23.959999084472656,22.43000030517578,23.389999389648438,23.389999389648438,258300
2020-04-23,23.469999313354492,24.6299991607666,23.469999313354492,23.739999771118164,23.739999771118164,304900
2020-04-24,23.739999771118164,23.850000381469727,23.094999313354492,23.40999984741211,23.40999984741211,296900
2020-04-27,23.940000534057617,25.770000457763672,23.815000534057617,25.260000228881836,25.260000228881836,472500
2020-04-28,25.959999084472656,26.0,25.027000427246094,25.459999084472656,25.459999084472656,451700
2020-04-29,26.149999618530273,27.639999389648438,25.360000610351562,27.459999084472656,27.459999084472656,389800
2020-04-30,26.90999984741211,27.594999313354492,26.485000610351562,26.969999313354492,26.969999313354492,508300
2020-05-01,26.299999237060547,26.389999389648438,25.260000228881836,26.170000076293945,26.170000076293945,297000
2020-05-04,25.790000915527344,27.309999465942383,25.729999542236328,27.309999465942383,27.309999465942383,436000
2020-05-05,27.649999618530273,28.290000915527344,26.729999542236328,27.25,27.25,502900
2020-05-06,27.440000534057617,27.65999984741211,26.860000610351562,27.18000030517578,27.18000030517578,499800
2020-05-07,27.399999618530273,27.690000534057617,24.719999313354492,27.209999084472656,27.209999084472656,742200
2020-05-08,28.0,28.579999923706055,27.260000228881836,28.110000610351562,28.110000610351562,369100
2020-05-11,27.31999969482422,27.469999313354492,26.020000457763672,26.549999237060547,26.549999237060547,565400
2020-05-12,26.579999923706055,27.350000381469727,25.719999313354492,26.405000686645508,26.405000686645508,717400
2020-05-13,26.219999313354492,26.700000762939453,25.010000228881836,25.690000534057617,25.690000534057617,608500
2020-05-14,24.860000610351562,25.239999771118164,23.440000534057617,24.030000686645508,24.030000686645508,752100
2020-05-15,24.110000610351562,25.940000534057617,24.06999969482422,25.8700008392334,25.8700008392334,325000
2020-05-18,26.65999984741211,27.6299991607666,25.81999969482422,26.239999771118164,26.239999771118164,635800
2020-05-19,26.209999084472656,26.90999984741211,25.350000381469727,25.389999389648438,25.389999389648438,363700
2020-05-20,25.579999923706055,26.0,24.639999389648438,24.809999465942383,24.809999465942383,411300
2020-05-21,24.65999984741211,25.799999237060547,24.5,25.139999389648438,25.139999389648438,301100
2020-05-22,25.149999618530273,25.6299991607666,24.59000015258789,25.59000015258789,25.59000015258789,252600
2020-05-26,26.610000610351562,27.420000076293945,26.290000915527344,26.8700008392334,26.8700008392334,621500
2020-05-27,27.219999313354492,27.219999313354492,25.530000686645508,26.290000915527344,26.290000915527344,471800
2020-05-28,26.459999084472656,27.229999542236328,25.950000762939453,26.110000610351562,26.110000610351562,351800
2020-05-29,26.1299991607666,26.139999389648438,24.0,24.940000534057617,24.940000534057617,347500
2020-06-01,25.040000915527344,25.940000534057617,24.549999237060547,25.600000381469727,25.600000381469727,455100
2020-06-02,25.59000015258789,26.280000686645508,25.360000610351562,26.010000228881836,26.010000228881836,339800
2020-06-03,26.260000228881836,26.739999771118164,25.799999237060547,25.899999618530273,25.899999618530273,390500
2020-06-04,25.68000030517578,25.81999969482422,24.940000534057617,25.100000381469727,25.100000381469727,303700
2020-06-05,25.829999923706055,26.600000381469727,25.5,26.049999237060547,26.049999237060547,428600
2020-06-08,26.40999984741211,26.479999542236328,25.65999984741211,26.299999237060547,26.299999237060547,316300
2020-06-09,25.850000381469727,27.170000076293945,25.850000381469727,26.790000915527344,26.790000915527344,345000
2020-06-10,26.709999084472656,27.010000228881836,26.149999618530273,26.739999771118164,26.739999771118164,390700
2020-06-11,26.0,26.520000457763672,23.864999771118164,23.93000030517578,23.93000030517578,444100
2020-06-12,24.81999969482422,24.915000915527344,22.690000534057617,24.280000686645508,24.280000686645508,444700
2020-06-15,23.93000030517578,25.280000686645508,23.59000015258789,24.8799991607666,24.8799991607666,289500
2020-06-16,25.709999084472656,26.450000762939453,24.93000030517578,26.200000762939453,26.200000762939453,289500
2020-06-17,26.3799991607666,26.579999923706055,25.43000030517578,25.520000457763672,25.520000457763672,281300
2020-06-18,25.3700008392334,25.809999465942383,25.360000610351562,25.56999969482422,25.56999969482422,237400
2020-06-19,25.75,26.940000534057617,25.100000381469727,25.100000381469727,25.100000381469727,915900
2020-06-22,25.139999389648438,27.170000076293945,24.735000610351562,26.969999313354492,26.969999313354492,800000
2020-06-23,27.3700008392334,27.729999542236328,26.889999389648438,27.049999237060547,27.049999237060547,474400
2020-06-24,26.729999542236328,27.290000915527344,24.639999389648438,24.799999237060547,24.799999237060547,448900
2020-06-25,24.690000534057617,25.299999237060547,24.15999984741211,24.399999618530273,24.399999618530273,481300
2020-06-26,24.360000610351562,24.489999771118164,22.940000534057617,23.059999465942383,23.059999465942383,889400
2020-06-29,23.299999237060547,24.5,22.8700008392334,24.450000762939453,24.450000762939453,540500
2020-06-30,24.25,26.059999465942383,24.190000534057617,25.899999618530273,25.899999618530273,792000
2020-07-01,25.860000610351562,27.049999237060547,25.559999465942383,26.729999542236328,26.729999542236328,535000
2020-07-02,27.25,28.149999618530273,27.0,27.709999084472656,27.709999084472656,616300
2020-07-06,27.889999389648438,28.6200008392334,27.709999084472656,28.579999923706055,28.579999923706055,701400
2020-07-07,28.260000228881836,29.829999923706055,28.1200008392334,28.5,28.5,657200
2020-07-08,28.43000030517578,29.59000015258789,28.299999237060547,29.469999313354492,29.469999313354492,480500
2020-07-09,29.469999313354492,29.860000610351562,28.70199966430664,29.540000915527344,29.540000915527344,315000
2020-07-10,29.719999313354492,29.83799934387207,28.530000686645508,29.0,29.0,252600
2020-07-13,30.200000762939453,30.719999313354492,28.329999923706055,28.459999084472656,28.459999084472656,767900
2020-07-14,28.309999465942383,29.114999771118164,27.5,29.09000015258789,29.09000015258789,410500
2020-07-15,29.979999542236328,31.059999465942383,29.389999389648438,30.549999237060547,30.549999237060547,325900
2020-07-16,30.329999923706055,30.75,29.3700008392334,30.40999984741211,30.40999984741211,318400
2020-07-17,30.43000030517578,31.3700008392334,29.989999771118164,30.940000534057617,30.940000534057617,364600
2020-07-20,31.280000686645508,32.349998474121094,31.197999954223633,31.90999984741211,31.90999984741211,447200
2020-07-21,32.36000061035156,32.47999954223633,31.209999084472656,31.719999313354492,31.719999313354492,448700
2020-07-22,31.600000381469727,32.0099983215332,30.75,31.389999389648438,31.389999389648438,900700
2020-07-23,31.280000686645508,32.154998779296875,30.579999923706055,30.959999084472656,30.959999084472656,439600
2020-07-24,30.809999465942383,30.809999465942383,29.8700008392334,30.329999923706055,30.329999923706055,437900
2020-07-27,30.3700008392334,31.190000534057617,29.3700008392334,30.239999771118164,30.239999771118164,490500
2020-07-28,30.079999923706055,30.18000030517578,28.3700008392334,28.420000076293945,28.420000076293945,312500
2020-07-29,28.6200008392334,30.440000534057617,28.420000076293945,30.18000030517578,30.18000030517578,457000
2020-07-30,29.760000228881836,33.4900016784668,29.719999313354492,33.209999084472656,33.209999084472656,714200
2020-07-31,34.560001373291016,36.41999816894531,34.130001068115234,35.66999816894531,35.66999816894531,1261000
2020-08-03,35.66999816894531,35.70000076293945,34.310001373291016,35.29999923706055,35.29999923706055,978400
2020-08-04,34.119998931884766,35.060001373291016,31.93000030517578,32.209999084472656,32.209999084472656,1795900
2020-08-05,30.489999771118164,32.18000030517578,29.649999618530273,31.764999389648438,31.764999389648438,4362400
2020-08-06,32.13999938964844,33.619998931884766,31.799999237060547,33.369998931884766,33.369998931884766,1280600
2020-08-07,33.06999969482422,33.5099983215332,31.9950008392334,32.349998474121094,32.349998474121094,803900
2020-08-10,32.599998474121094,32.79999923706055,31.81999969482422,32.220001220703125,32.220001220703125,482500
2020-08-11,32.5,33.349998474121094,31.940000534057617,32.59000015258789,32.59000015258789,542600
2020-08-12,33.189998626708984,33.880001068115234,32.779998779296875,33.779998779296875,33.779998779296875,668800
2020-08-13,33.70000076293945,35.040000915527344,33.70000076293945,34.81999969482422,34.81999969482422,534400
2020-08-14,34.91999816894531,35.029998779296875,33.72999954223633,33.790000915527344,33.790000915527344,361400
2020-08-17,33.900001525878906,34.459999084472656,33.707000732421875,34.310001373291016,34.310001373291016,329300
2020-08-18,34.4900016784668,34.900001525878906,33.69499969482422,34.310001373291016,34.310001373291016,356300
2020-08-19,34.16999816894531,35.380001068115234,34.16999816894531,34.599998474121094,34.599998474121094,337100
2020-08-20,34.459999084472656,35.459999084472656,34.459999084472656,35.25,35.25,326600
2020-08-21,35.25,36.029998779296875,35.25,35.61000061035156,35.61000061035156,476700
2020-08-24,35.970001220703125,36.0099983215332,32.709999084472656,32.77000045776367,32.77000045776367,870300
2020-08-25,32.65999984741211,33.084999084472656,32.09000015258789,32.9900016784668,32.9900016784668,454100
2020-08-26,33.119998931884766,33.689998626708984,32.5,33.279998779296875,33.279998779296875,509400
2020-08-27,33.540000915527344,33.59000015258789,32.02000045776367,32.83000183105469,32.83000183105469,518100
2020-08-28,32.869998931884766,33.279998779296875,32.41999816894531,33.02000045776367,33.02000045776367,310400
2020-08-31,33.09000015258789,33.810001373291016,32.77000045776367,33.310001373291016,33.310001373291016,512400
2020-09-01,33.68000030517578,34.61000061035156,33.380001068115234,34.06999969482422,34.06999969482422,515100
2020-09-02,34.08000183105469,34.29999923706055,32.849998474121094,34.15999984741211,34.15999984741211,455500
2020-09-03,33.869998931884766,34.08000183105469,32.45000076293945,32.59000015258789,32.59000015258789,549200
2020-09-04,32.66999816894531,32.75,29.420000076293945,31.729999542236328,31.729999542236328,838500
2020-09-08,30.8700008392334,31.90999984741211,30.280000686645508,30.700000762939453,30.700000762939453,457200
2020-09-09,30.34000015258789,31.690000534057617,30.209999084472656,30.739999771118164,30.739999771118164,408900
2020-09-10,31.049999237060547,32.060001373291016,30.040000915527344,30.239999771118164,30.239999771118164,502800
2020-09-11,30.440000534057617,31.469999313354492,30.209999084472656,30.610000610351562,30.610000610351562,330800
2020-09-14,31.209999084472656,32.7400016784668,31.209999084472656,31.8700008392334,31.8700008392334,430100
2020-09-15,32.209999084472656,33.33000183105469,32.029998779296875,32.27000045776367,32.27000045776367,294200
2020-09-16,32.369998931884766,33.34000015258789,32.35499954223633,32.84000015258789,32.84000015258789,325200
2020-09-17,32.27000045776367,33.4900016784668,32.15999984741211,32.58000183105469,32.58000183105469,220300
2020-09-18,32.849998474121094,33.31999969482422,31.350000381469727,32.720001220703125,32.720001220703125,1190600
2020-09-21,32.16999816894531,32.3650016784668,30.510000228881836,30.969999313354492,30.969999313354492,421000
2020-09-22,31.200000762939453,31.68000030517578,30.209999084472656,31.56999969482422,31.56999969482422,204700
2020-09-23,31.700000762939453,31.719999313354492,29.149999618530273,29.209999084472656,29.209999084472656,378300
2020-09-24,29.049999237060547,30.670000076293945,28.81999969482422,30.09000015258789,30.09000015258789,408600
2020-09-25,29.979999542236328,30.899999618530273,29.719999313354492,30.760000228881836,30.760000228881836,489000
2020-09-28,31.280000686645508,31.989999771118164,30.68000030517578,31.700000762939453,31.700000762939453,248400
2020-09-29,31.56999969482422,33.20000076293945,31.100000381469727,32.790000915527344,32.790000915527344,256700
2020-09-30,33.130001068115234,33.54999923706055,32.189998626708984,32.4900016784668,32.4900016784668,348200
2020-10-01,32.79999923706055,33.45000076293945,32.150001525878906,33.43000030517578,33.43000030517578,283900
2020-10-02,32.880001068115234,33.79999923706055,32.189998626708984,32.4900016784668,32.4900016784668,218700
2020-10-05,32.939998626708984,34.130001068115234,32.81999969482422,34.130001068115234,34.130001068115234,242000
2020-10-06,34.400001525878906,35.869998931884766,33.95000076293945,35.130001068115234,35.130001068115234,472000
2020-10-07,35.560001373291016,36.630001068115234,35.41999816894531,36.29999923706055,36.29999923706055,449500
2020-10-08,37.86000061035156,38.75,36.72100067138672,38.63999938964844,38.63999938964844,725500
2020-10-09,39.209999084472656,41.650001525878906,38.400001525878906,41.459999084472656,41.459999084472656,473100
2020-10-12,41.90999984741211,42.95000076293945,41.41999816894531,41.79999923706055,41.79999923706055,599200
2020-10-13,41.709999084472656,43.06999969482422,41.099998474121094,42.02000045776367,42.02000045776367,449400
2020-10-14,42.310001373291016,43.939998626708984,41.310001373291016,41.75,41.75,379100
2020-10-15,41.22999954223633,43.13999938964844,40.91899871826172,42.79999923706055,42.79999923706055,324200
2020-10-16,42.849998474121094,44.63999938964844,42.599998474121094,42.81999969482422,42.81999969482422,258300
2020-10-19,43.369998931884766,44.2400016784668,41.40999984741211,41.560001373291016,41.560001373291016,330800
2020-10-20,41.900001525878906,42.310001373291016,40.720001220703125,41.060001373291016,41.060001373291016,197900
2020-10-21,41.2400016784668,42.060001373291016,39.310001373291016,39.45000076293945,39.45000076293945,507600
2020-10-22,39.7599983215332,40.599998474121094,38.220001220703125,39.04999923706055,39.04999923706055,575000
2020-10-23,39.189998626708984,39.755001068115234,37.09000015258789,37.34000015258789,37.34000015258789,470400
2020-10-26,36.7599983215332,38.619998931884766,36.45500183105469,37.619998931884766,37.619998931884766,421000
2020-10-27,37.70000076293945,37.79999923706055,36.27000045776367,36.400001525878906,36.400001525878906,829000
2020-10-28,35.27000045776367,36.83000183105469,34.849998474121094,36.060001373291016,36.060001373291016,372400
2020-10-29,36.04999923706055,37.470001220703125,35.15999984741211,36.810001373291016,36.810001373291016,534300
2020-10-30,36.790000915527344,37.0,33.849998474121094,34.65999984741211,34.65999984741211,495800
2020-11-02,34.7599983215332,35.61000061035156,33.90999984741211,35.0,35.0,511700
2020-11-03,37.11000061035156,38.709999084472656,35.400001525878906,38.220001220703125,38.220001220703125,790700
2020-11-04,38.22999954223633,40.459999084472656,38.130001068115234,40.029998779296875,40.029998779296875,584700
2020-11-05,39.95000076293945,42.150001525878906,39.5,42.0099983215332,42.0099983215332,551800
2020-11-06,41.86000061035156,44.470001220703125,40.48899841308594,42.959999084472656,42.959999084472656,379700
2020-11-09,44.779998779296875,45.779998779296875,43.5,43.970001220703125,43.970001220703125,664500
2020-11-10,44.119998931884766,44.4900016784668,40.29999923706055,43.5,43.5,506200
2020-11-11,43.83000183105469,47.5,43.75,47.15999984741211,47.15999984741211,427700
2020-11-12,46.90999984741211,48.15999984741211,44.56999969482422,46.36000061035156,46.36000061035156,476200
2020-11-13,46.7400016784668,47.40999984741211,45.34000015258789,46.6349983215332,46.6349983215332,487900
2020-11-16,47.540000915527344,48.709999084472656,46.5,46.9900016784668,46.9900016784668,351000
2020-11-17,47.130001068115234,48.40999984741211,45.86000061035156,48.34000015258789,48.34000015258789,364000
2020-11-18,48.380001068115234,50.130001068115234,47.845001220703125,48.0,48.0,519300
2020-11-19,47.63999938964844,51.2400016784668,47.279998779296875,48.83000183105469,48.83000183105469,618800
2020-11-20,48.380001068115234,51.880001068115234,47.72999954223633,51.439998626708984,51.439998626708984,577800
2020-11-23,52.13999938964844,52.98500061035156,50.70000076293945,51.54999923706055,51.54999923706055,683500
2020-11-24,52.36000061035156,53.099998474121094,51.25,51.880001068115234,51.880001068115234,375400
2020-11-25,51.709999084472656,51.744998931884766,49.38999938964844,50.900001525878906,50.900001525878906,387900
2020-11-27,51.31999969482422,53.459999084472656,51.31999969482422,53.20000076293945,53.20000076293945,248700
2020-11-30,53.459999084472656,54.9900016784668,52.2599983215332,54.5099983215332,54.5099983215332,494400
2020-12-01,55.0,55.959999084472656,54.119998931884766,55.13999938964844,55.13999938964844,561800
2020-12-02,54.83000183105469,55.209999084472656,53.689998626708984,55.08000183105469,55.08000183105469,603300
2020-12-03,55.540000915527344,57.38999938964844,55.33000183105469,55.900001525878906,55.900001525878906,531700
2020-12-04,56.130001068115234,58.0,55.130001068115234,57.619998931884766,57.619998931884766,569500
2020-12-07,58.349998474121094,63.54999923706055,58.349998474121094,61.880001068115234,61.880001068115234,788900
2020-12-08,62.8849983215332,62.94499969482422,60.22999954223633,60.33000183105469,60.33000183105469,908500
2020-12-09,60.58000183105469,61.66999816894531,54.380001068115234,54.86000061035156,54.86000061035156,1156300
2020-12-10,54.83000183105469,57.68000030517578,54.38999938964844,57.119998931884766,57.119998931884766,838800
2020-12-11,56.959999084472656,57.959999084472656,55.459999084472656,55.540000915527344,55.540000915527344,697400
2020-12-14,56.27000045776367,59.060001373291016,54.97999954223633,55.43000030517578,55.43000030517578,816900
2020-12-15,55.68000030517578,56.33000183105469,53.939998626708984,54.220001220703125,54.220001220703125,630000
2020-12-16,53.959999084472656,54.31999969482422,47.470001220703125,47.88999938964844,47.88999938964844,1182200
2020-12-17,48.880001068115234,49.529998779296875,46.1349983215332,47.849998474121094,47.849998474121094,1255200
2020-12-18,48.52000045776367,49.04999923706055,47.349998474121094,47.93000030517578,47.93000030517578,1719000
2020-12-21,47.09000015258789,52.02000045776367,46.79999923706055,51.290000915527344,51.290000915527344,1117800
2020-12-22,51.75,60.720001220703125,51.75,57.16999816894531,57.16999816894531,1562500
2020-12-23,57.439998626708984,58.5,55.33000183105469,56.970001220703125,56.970001220703125,622500
2020-12-24,56.939998626708984,58.14500045776367,54.880001068115234,55.79999923706055,55.79999923706055,285300
2020-12-28,56.63999938964844,57.84000015258789,54.380001068115234,54.56999969482422,54.56999969482422,610500
2020-12-29,54.349998474121094,55.53499984741211,46.7400016784668,49.0099983215332,49.0099983215332,1048400
2020-12-30,48.97999954223633,51.709999084472656,48.97999954223633,50.9900016784668,50.9900016784668,576600
2020-12-31,51.189998626708984,51.58000183105469,48.79999923706055,48.939998626708984,48.939998626708984,447800
2021-01-04,48.81999969482422,49.79999923706055,46.5099983215332,47.34000015258789,47.34000015258789,503700
2021-01-05,47.439998626708984,48.90999984741211,47.36000061035156,48.279998779296875,48.279998779296875,353200
2021-01-06,48.15999984741211,49.970001220703125,47.90999984741211,48.86000061035156,48.86000061035156,596800
2021-01-07,49.31999969482422,52.65999984741211,49.31999969482422,50.599998474121094,50.599998474121094,602000
2021-01-08,51.16999816894531,57.09000015258789,51.0,51.9900016784668,51.9900016784668,1155200
2021-01-11,51.29999923706055,52.0,49.29999923706055,49.86000061035156,49.86000061035156,597800
2021-01-12,50.470001220703125,51.34000015258789,48.86000061035156,49.959999084472656,49.959999084472656,658800
2021-01-13,49.869998931884766,51.869998931884766,49.2599983215332,49.95000076293945,49.95000076293945,474900
2021-01-14,50.22999954223633,55.02000045776367,50.0,52.58000183105469,52.58000183105469,679900
2021-01-15,52.47999954223633,54.63999938964844,50.540000915527344,50.790000915527344,50.790000915527344,605300
2021-01-19,51.81999969482422,53.5099983215332,51.7599983215332,53.400001525878906,53.400001525878906,635600
2021-01-20,54.310001373291016,59.470001220703125,54.16999816894531,54.16999816894531,54.16999816894531,912400
2021-01-21,54.81999969482422,55.275001525878906,50.939998626708984,53.970001220703125,53.970001220703125,766400
2021-01-22,53.40999984741211,55.880001068115234,53.31999969482422,55.2400016784668,55.2400016784668,493400
2021-01-25,55.81999969482422,57.244998931884766,53.560001373291016,55.380001068115234,55.380001068115234,628700
2021-01-26,55.9900016784668,56.91999816894531,52.29999923706055,52.56999969482422,52.56999969482422,575800
2021-01-27,50.54499816894531,54.11000061035156,47.349998474121094,51.7599983215332,51.7599983215332,1017900
2021-01-28,54.040000915527344,57.62200164794922,51.959999084472656,56.869998931884766,56.869998931884766,661200
2021-01-29,56.400001525878906,58.810001373291016,55.22999954223633,56.70000076293945,56.70000076293945,621900
2021-02-01,58.36000061035156,61.16999816894531,57.3849983215332,60.720001220703125,60.720001220703125,571800
2021-02-02,62.58000183105469,67.13999938964844,62.310001373291016,65.02999877929688,65.02999877929688,981400
2021-02-03,67.0,77.11000061035156,66.75,73.79000091552734,73.79000091552734,1195200
2021-02-04,73.2699966430664,78.95999908447266,71.08000183105469,77.87000274658203,77.87000274658203,1141800
2021-02-05,77.0,79.98999786376953,71.04000091552734,73.04000091552734,73.04000091552734,2986800
2021-02-08,77.98999786376953,80.29000091552734,74.88500213623047,77.2699966430664,77.2699966430664,2621000
2021-02-09,78.58999633789062,83.52999877929688,78.13999938964844,81.37999725341797,81.37999725341797,1898700
2021-02-10,83.43000030517578,86.02999877929688,75.0199966430664,76.44000244140625,76.44000244140625,1152100
2021-02-11,76.33000183105469,77.58000183105469,74.16000366210938,74.91999816894531,74.91999816894531,840000
2021-02-12,75.41000366210938,76.4800033569336,74.23999786376953,75.7300033569336,75.7300033569336,897400
2021-02-16,77.76000213623047,79.30000305175781,74.20999908447266,74.66000366210938,74.66000366210938,1040400
2021-02-17,72.43000030517578,74.87999725341797,68.70999908447266,74.0,74.0,864400
2021-02-18,70.88999938964844,72.4000015258789,66.66000366210938,69.81999969482422,69.81999969482422,1319300
2021-02-19,70.79000091552734,74.76000213623047,70.79000091552734,72.95999908447266,72.95999908447266,721500
2021-02-22,71.81999969482422,72.0999984741211,62.224998474121094,63.09000015258789,63.09000015258789,1283800
2021-02-23,61.0099983215332,61.630001068115234,53.391998291015625,61.5099983215332,61.5099983215332,1650900
2021-02-24,61.95000076293945,64.95999908447266,59.52000045776367,62.29999923706055,62.29999923706055,868000
2021-02-25,61.59000015258789,62.0,56.56999969482422,58.560001373291016,58.560001373291016,930900
2021-02-26,59.349998474121094,61.869998931884766,55.5,58.060001373291016,58.060001373291016,854300
2021-03-01,59.529998779296875,64.83000183105469,59.529998779296875,62.88999938964844,62.88999938964844,979900
2021-03-02,62.66999816894531,64.29000091552734,61.720001220703125,62.150001525878906,62.150001525878906,940400
2021-03-03,61.38999938964844,62.25,54.15999984741211,55.380001068115234,55.380001068115234,740700
2021-03-04,54.40999984741211,56.15999984741211,46.52000045776367,46.90999984741211,46.90999984741211,2181100
2021-03-05,47.720001220703125,48.189998626708984,40.689998626708984,47.5099983215332,47.5099983215332,2519500
2021-03-08,48.02000045776367,50.2869987487793,43.5,44.470001220703125,44.470001220703125,1417100
2021-03-09,46.939998626708984,52.18000030517578,46.939998626708984,50.689998626708984,50.689998626708984,1707000
2021-03-10,51.20000076293945,55.119998931884766,49.849998474121094,50.0099983215332,50.0099983215332,1440600
2021-03-11,52.77000045776367,54.68000030517578,52.38999938964844,53.15999984741211,53.15999984741211,1589300
2021-03-12,51.290000915527344,52.665000915527344,50.5,52.47999954223633,52.47999954223633,627600
2021-03-15,51.779998779296875,54.29999923706055,51.779998779296875,53.93000030517578,53.93000030517578,753800
2021-03-16,54.88999938964844,56.0,51.189998626708984,52.90999984741211,52.90999984741211,1053400
2021-03-17,51.0,55.779998779296875,50.0,53.91999816894531,53.91999816894531,1356600
2021-03-18,53.13999938964844,53.439998626708984,49.5,49.84000015258789,49.84000015258789,1500000
2021-03-19,49.77000045776367,52.5,49.61000061035156,51.9900016784668,51.9900016784668,2009600
2021-03-22,52.560001373291016,55.93000030517578,52.040000915527344,54.40999984741211,54.40999984741211,981500
2021-03-23,54.040000915527344,54.29999923706055,51.87900161743164,53.0099983215332,53.0099983215332,970400
2021-03-24,54.43000030517578,54.439998626708984,46.630001068115234,48.11000061035156,48.11000061035156,1418600
2021-03-25,46.27000045776367,50.11000061035156,44.709999084472656,50.0099983215332,50.0099983215332,1170500
2021-03-26,51.31999969482422,51.4900016784668,46.41999816894531,48.33000183105469,48.33000183105469,864800
2021-03-29,48.029998779296875,48.59000015258789,45.400001525878906,46.7400016784668,46.7400016784668,607500
2021-03-30,46.58000183105469,50.18000030517578,45.18000030517578,49.470001220703125,49.470001220703125,530900
2021-03-31,50.599998474121094,55.005001068115234,50.099998474121094,53.75,53.75,1028200
2021-04-01,54.91999816894531,58.29499816894531,52.56999969482422,52.720001220703125,52.720001220703125,876100
2021-04-05,54.310001373291016,57.59000015258789,54.310001373291016,56.619998931884766,56.619998931884766,741300
2021-04-06,55.720001220703125,59.834999084472656,54.5,55.40999984741211,55.40999984741211,981300
2021-04-07,54.91999816894531,55.334999084472656,51.689998626708984,52.15999984741211,52.15999984741211,450700
2021-04-08,53.88999938964844,54.61000061035156,52.380001068115234,53.369998931884766,53.369998931884766,397200
2021-04-09,53.380001068115234,54.790000915527344,51.2599983215332,52.56999969482422,52.56999969482422,456000
2021-04-12,52.810001373291016,52.900001525878906,49.630001068115234,51.650001525878906,51.650001525878906,328700
2021-04-13,52.25,55.77000045776367,52.19499969482422,55.040000915527344,55.040000915527344,693700
2021-04-14,55.630001068115234,57.970001220703125,53.15999984741211,53.56999969482422,53.56999969482422,518000
2021-04-15,54.40999984741211,56.83000183105469,54.29999923706055,56.380001068115234,56.380001068115234,497300
2021-04-16,56.0099983215332,56.19499969482422,46.18000030517578,48.16999816894531,48.16999816894531,1480200
2021-04-19,47.040000915527344,48.08000183105469,43.4900016784668,45.310001373291016,45.310001373291016,855800
2021-04-20,44.7599983215332,46.209999084472656,43.70000076293945,45.970001220703125,45.970001220703125,775100
2021-04-21,45.56999969482422,49.470001220703125,44.255001068115234,49.38999938964844,49.38999938964844,515900
2021-04-22,49.880001068115234,50.47999954223633,48.04999923706055,49.18000030517578,49.18000030517578,592600
2021-04-23,49.810001373291016,50.63399887084961,48.5099983215332,49.45000076293945,49.45000076293945,449400
2021-04-26,50.29999923706055,51.72999954223633,49.06999969482422,50.65999984741211,50.65999984741211,402600
2021-04-27,50.59000015258789,51.599998474121094,49.66999816894531,50.900001525878906,50.900001525878906,402700
2021-04-28,50.150001525878906,51.15999984741211,48.65999984741211,50.70000076293945,50.70000076293945,327100
2021-04-29,51.27000045776367,51.5099983215332,48.36000061035156,49.0,49.0,543900
2021-04-30,48.2400016784668,50.04999923706055,48.21500015258789,49.75,49.75,583700
2021-05-03,50.20000076293945,50.34000015258789,45.25,45.9900016784668,45.9900016784668,594300
2021-05-04,45.41999816894531,45.599998474121094,42.77000045776367,45.27000045776367,45.27000045776367,863300
2021-05-05,46.15999984741211,46.31999969482422,42.7599983215332,43.65999984741211,43.65999984741211,568500
2021-05-06,43.130001068115234,43.93000030517578,40.86000061035156,43.810001373291016,43.810001373291016,823700
2021-05-07,45.349998474121094,47.459999084472656,44.130001068115234,44.349998474121094,44.349998474121094,679800
2021-05-10,43.20000076293945,43.41999816894531,40.790000915527344,42.310001373291016,42.310001373291016,1207100
2021-05-11,38.06999969482422,43.369998931884766,38.0,39.88999938964844,39.88999938964844,1771500
2021-05-12,38.41999816894531,39.65999984741211,36.060001373291016,36.459999084472656,36.459999084472656,1106900
2021-05-13,37.349998474121094,38.25,33.65999984741211,35.20000076293945,35.20000076293945,1339700
2021-05-14,36.02000045776367,37.5,35.27000045776367,36.560001373291016,36.560001373291016,1047300
2021-05-17,35.220001220703125,36.04999923706055,33.900001525878906,35.619998931884766,35.619998931884766,846900
2021-05-18,35.75,37.939998626708984,34.880001068115234,36.439998626708984,36.439998626708984,901700
2021-05-19,35.130001068115234,36.970001220703125,34.90999984741211,36.650001525878906,36.650001525878906,839500
2021-05-20,37.220001220703125,38.16999816894531,36.91999816894531,37.130001068115234,37.130001068115234,683200
2021-05-21,37.970001220703125,39.400001525878906,37.119998931884766,37.7599983215332,37.7599983215332,1475000
2021-05-24,38.13999938964844,38.7599983215332,37.21500015258789,37.290000915527344,37.290000915527344,553700
2021-05-25,37.81999969482422,39.0,37.72999954223633,38.25,38.25,700700
2021-05-26,38.209999084472656,40.51499938964844,37.779998779296875,40.400001525878906,40.400001525878906,673200
2021-05-27,40.34000015258789,40.625,38.79999923706055,39.47999954223633,39.47999954223633,727900
2021-05-28,39.86000061035156,41.7599983215332,38.709999084472656,39.04999923706055,39.04999923706055,539000
2021-06-01,39.16999816894531,39.790000915527344,35.939998626708984,36.599998474121094,36.599998474121094,737500
2021-06-02,36.38999938964844,37.08000183105469,35.400001525878906,36.06999969482422,36.06999969482422,899200
2021-06-03,35.619998931884766,36.209999084472656,33.84000015258789,33.900001525878906,33.900001525878906,1034800
2021-06-04,34.20000076293945,35.369998931884766,32.869998931884766,32.939998626708984,32.939998626708984,1067300
2021-06-07,33.59000015258789,36.04999923706055,33.27000045776367,34.939998626708984,34.939998626708984,1581900
2021-06-08,35.709999084472656,35.97999954223633,33.279998779296875,34.400001525878906,34.400001525878906,749000
2021-06-09,34.72999954223633,36.435001373291016,34.61000061035156,35.52000045776367,35.52000045776367,1031200
2021-06-10,35.939998626708984,37.209999084472656,34.68000030517578,36.689998626708984,36.689998626708984,1010600
2021-06-11,36.689998626708984,37.58000183105469,35.834999084472656,36.13999938964844,36.13999938964844,660800
2021-06-14,36.380001068115234,38.11000061035156,36.369998931884766,37.25,37.25,662100
2021-06-15,37.900001525878906,38.060001373291016,35.849998474121094,36.45000076293945,36.45000076293945,548400
2021-06-16,36.41999816894531,36.959999084472656,34.77000045776367,36.369998931884766,36.369998931884766,497700
2021-06-17,35.95000076293945,38.86000061035156,35.79600143432617,38.189998626708984,38.189998626708984,652500
2021-06-18,37.41999816894531,38.51599884033203,36.310001373291016,37.470001220703125,37.470001220703125,1357900
2021-06-21,37.56999969482422,38.33000183105469,36.22999954223633,38.0099983215332,38.0099983215332,561600
2021-06-22,37.959999084472656,38.59000015258789,37.5099983215332,38.560001373291016,38.560001373291016,416100
2021-06-23,38.52000045776367,39.900001525878906,38.52000045776367,39.08000183105469,39.08000183105469,485900
2021-06-24,39.41999816894531,40.90999984741211,39.41999816894531,40.599998474121094,40.599998474121094,626700
2021-06-25,40.63999938964844,42.4900016784668,40.224998474121094,42.0,42.0,3501000
2021-06-28,43.470001220703125,43.84000015258789,41.5099983215332,41.93000030517578,41.93000030517578,813300
2021-06-29,41.72999954223633,43.47999954223633,41.220001220703125,41.279998779296875,41.279998779296875,888000
2021-06-30,41.25,41.25,39.540000915527344,39.97999954223633,39.97999954223633,827400
2021-07-01,40.369998931884766,40.68000030517578,38.95000076293945,40.040000915527344,40.040000915527344,433200
2021-07-02,40.38999938964844,40.5,39.040000915527344,39.5,39.5,606400
2021-07-06,39.779998779296875,40.54999923706055,39.060001373291016,39.9900016784668,39.9900016784668,557900
2021-07-07,40.099998474121094,40.220001220703125,38.20000076293945,38.20000076293945,38.20000076293945,431500
2021-07-08,36.869998931884766,38.82500076293945,36.29999923706055,37.900001525878906,37.900001525878906,824200
2021-07-09,38.130001068115234,38.34000015258789,37.43000030517578,37.970001220703125,37.970001220703125,547500
2021-07-12,38.09000015258789,39.525001525878906,38.04999923706055,39.400001525878906,39.400001525878906,931500
2021-07-13,38.83000183105469,39.38999938964844,37.9900016784668,38.599998474121094,38.599998474121094,583400
2021-07-14,38.900001525878906,39.59000015258789,35.279998779296875,35.619998931884766,35.619998931884766,606900
2021-07-15,35.65999984741211,37.400001525878906,35.10300064086914,36.7400016784668,36.7400016784668,813500
2021-07-16,37.279998779296875,38.189998626708984,36.52000045776367,38.130001068115234,38.130001068115234,809600
2021-07-19,37.0,37.5,35.790000915527344,36.59000015258789,36.59000015258789,479200
2021-07-20,36.83000183105469,38.60499954223633,36.529998779296875,38.400001525878906,38.400001525878906,788500
2021-07-21,38.68000030517578,39.05500030517578,37.09000015258789,38.88999938964844,38.88999938964844,362700
2021-07-22,38.93000030517578,39.349998474121094,38.09000015258789,38.27000045776367,38.27000045776367,319500
2021-07-23,38.36000061035156,39.349998474121094,36.72999954223633,39.25,39.25,657100
2021-07-26,39.380001068115234,39.380001068115234,37.08000183105469,37.470001220703125,37.470001220703125,379200
2021-07-27,37.349998474121094,37.69499969482422,35.70000076293945,37.20000076293945,37.20000076293945,438200
2021-07-28,37.400001525878906,39.709999084472656,37.38999938964844,39.45000076293945,39.45000076293945,634100
2021-07-29,39.47999954223633,40.02000045776367,38.58000183105469,39.22999954223633,39.22999954223633,693500
2021-07-30,41.0,44.63999938964844,41.0,44.560001373291016,44.560001373291016,1247000
2021-08-02,44.650001525878906,44.91999816894531,42.347999572753906,43.939998626708984,43.939998626708984,706000
2021-08-03,44.02000045776367,45.290000915527344,43.0099983215332,44.599998474121094,44.599998474121094,620400
2021-08-04,44.290000915527344,46.439998626708984,44.189998626708984,46.34000015258789,46.34000015258789,565400
2021-08-05,46.58000183105469,47.95000076293945,45.58000183105469,47.84000015258789,47.84000015258789,552900
2021-08-06,48.0099983215332,48.0099983215332,46.18000030517578,46.970001220703125,46.970001220703125,518300
2021-08-09,46.970001220703125,48.5,46.2400016784668,46.869998931884766,46.869998931884766,546400
2021-08-10,48.09000015258789,48.09000015258789,43.40999984741211,43.810001373291016,43.810001373291016,438300
2021-08-11,43.47999954223633,43.70000076293945,41.91999816894531,42.9900016784668,42.9900016784668,734000
2021-08-12,43.15999984741211,43.27000045776367,42.349998474121094,42.52000045776367,42.52000045776367,404300
2021-08-13,42.45000076293945,42.560001373291016,40.529998779296875,40.54999923706055,40.54999923706055,364500
2021-08-16,40.41999816894531,40.41999816894531,38.5,38.77000045776367,38.77000045776367,720900
2021-08-17,38.09000015258789,38.40999984741211,37.040000915527344,38.099998474121094,38.099998474121094,468500
2021-08-18,38.279998779296875,38.65999984741211,37.02000045776367,37.040000915527344,37.040000915527344,492600
2021-08-19,36.27000045776367,38.060001373291016,36.20000076293945,37.06999969482422,37.06999969482422,315500
2021-08-20,37.560001373291016,39.34000015258789,36.88999938964844,39.029998779296875,39.029998779296875,897700
2021-08-23,39.5,40.61000061035156,39.29999923706055,40.2599983215332,40.2599983215332,709700
2021-08-24,40.310001373291016,42.43000030517578,40.224998474121094,42.02000045776367,42.02000045776367,445300
2021-08-25,41.65999984741211,44.59000015258789,41.02000045776367,44.38999938964844,44.38999938964844,1178200
2021-08-26,44.52000045776367,45.20000076293945,42.83000183105469,44.36000061035156,44.36000061035156,881800
2021-08-27,44.59000015258789,47.79999923706055,44.40999984741211,47.720001220703125,47.720001220703125,794600
2021-08-30,47.91999816894531,49.38999938964844,47.369998931884766,48.709999084472656,48.709999084472656,696800
2021-08-31,48.83000183105469,48.970001220703125,46.54999923706055,48.11000061035156,48.11000061035156,1076600
2021-09-01,48.560001373291016,51.84000015258789,48.2599983215332,51.63999938964844,51.63999938964844,676200
2021-09-02,52.029998779296875,53.29999923706055,50.75,52.970001220703125,52.970001220703125,866600
2021-09-03,52.560001373291016,52.880001068115234,50.709999084472656,51.2599983215332,51.2599983215332,670500
2021-09-07,51.20000076293945,51.709999084472656,49.83000183105469,51.060001373291016,51.060001373291016,631700
2021-09-08,50.529998779296875,51.4900016784668,49.380001068115234,49.84000015258789,49.84000015258789,486600
2021-09-09,49.470001220703125,51.029998779296875,49.349998474121094,49.369998931884766,49.369998931884766,387600
2021-09-10,49.41999816894531,50.150001525878906,48.599998474121094,48.65999984741211,48.65999984741211,524000
2021-09-13,48.97999954223633,49.040000915527344,46.65999984741211,48.2400016784668,48.2400016784668,545400
2021-09-14,48.540000915527344,49.900001525878906,46.678001403808594,46.90999984741211,46.90999984741211,549000
2021-09-15,46.63999938964844,46.95000076293945,44.75,46.720001220703125,46.720001220703125,545400
2021-09-16,46.45000076293945,46.93000030517578,45.0099983215332,46.810001373291016,46.810001373291016,294900
2021-09-17,47.189998626708984,51.790000915527344,46.80500030517578,51.20000076293945,51.20000076293945,1261900
2021-09-20,49.310001373291016,50.073001861572266,47.56999969482422,48.189998626708984,48.189998626708984,473400
2021-09-21,48.43000030517578,50.290000915527344,48.40999984741211,49.16999816894531,49.16999816894531,365600
2021-09-22,49.59000015258789,50.959999084472656,49.150001525878906,50.61000061035156,50.61000061035156,274300
2021-09-23,51.16999816894531,52.13999938964844,50.5,52.040000915527344,52.040000915527344,301000
2021-09-24,51.099998474121094,52.029998779296875,48.439998626708984,48.880001068115234,48.880001068115234,415200
2021-09-27,49.209999084472656,49.209999084472656,47.0,47.68000030517578,47.68000030517578,394400
2021-09-28,46.790000915527344,47.68000030517578,46.060001373291016,46.41999816894531,46.41999816894531,503700
2021-09-29,46.95000076293945,47.66999816894531,44.970001220703125,45.2400016784668,45.2400016784668,460400
2021-09-30,45.900001525878906,48.4900016784668,45.75,46.45000076293945,46.45000076293945,551600
2021-10-01,46.099998474121094,47.529998779296875,45.2599983215332,46.68000030517578,46.68000030517578,446900
2021-10-04,46.439998626708984,46.84000015258789,42.529998779296875,43.20000076293945,43.20000076293945,523400
2021-10-05,43.52000045776367,45.720001220703125,43.209999084472656,44.349998474121094,44.349998474121094,415300
2021-10-06,43.9900016784668,44.810001373291016,42.59000015258789,43.540000915527344,43.540000915527344,355200
2021-10-07,43.86000061035156,44.97999954223633,43.7599983215332,43.88999938964844,43.88999938964844,358000
2021-10-08,44.560001373291016,44.9900016784668,41.119998931884766,41.529998779296875,41.529998779296875,299200
2021-10-11,41.290000915527344,42.68000030517578,40.5099983215332,41.54999923706055,41.54999923706055,195700
2021-10-12,42.470001220703125,43.83000183105469,42.06999969482422,43.22999954223633,43.22999954223633,327300
2021-10-13,43.119998931884766,44.0099983215332,42.76499938964844,43.849998474121094,43.849998474121094,280300
2021-10-14,44.790000915527344,46.470001220703125,44.66999816894531,45.099998474121094,45.099998474121094,278800
2021-10-15,45.93000030517578,45.93000030517578,44.81999969482422,45.15999984741211,45.15999984741211,352600
2021-10-18,44.77000045776367,45.66999816894531,44.18000030517578,45.150001525878906,45.150001525878906,269800
2021-10-19,45.27000045776367,47.59000015258789,45.27000045776367,46.83000183105469,46.83000183105469,372300
2021-10-20,46.630001068115234,46.900001525878906,45.88999938964844,46.45000076293945,46.45000076293945,198400
2021-10-21,46.619998931884766,47.70000076293945,46.13999938964844,46.529998779296875,46.529998779296875,211300
2021-10-22,46.4900016784668,47.349998474121094,45.65999984741211,46.400001525878906,46.400001525878906,218700
2021-10-25,46.220001220703125,46.939998626708984,45.0,45.90999984741211,45.90999984741211,238200
2021-10-26,46.33000183105469,46.790000915527344,45.02000045776367,46.36000061035156,46.36000061035156,349500
2021-10-27,45.849998474121094,46.643001556396484,45.06999969482422,45.369998931884766,45.369998931884766,606200
2021-10-28,45.59000015258789,49.529998779296875,45.31999969482422,49.25,49.25,467500
2021-10-29,49.2400016784668,50.2599983215332,47.599998474121094,47.880001068115234,47.880001068115234,499600
2021-11-01,47.869998931884766,51.970001220703125,47.47999954223633,51.79999923706055,51.79999923706055,471000
2021-11-02,51.95000076293945,53.02000045776367,50.09000015258789,52.529998779296875,52.529998779296875,428400
2021-11-03,52.529998779296875,53.880001068115234,51.470001220703125,53.790000915527344,53.790000915527344,413000
2021-11-04,53.939998626708984,54.130001068115234,51.959999084472656,52.5,52.5,432000
2021-11-05,52.279998779296875,52.38999938964844,49.0099983215332,49.959999084472656,49.959999084472656,441100
2021-11-08,50.43000030517578,51.79999923706055,50.040000915527344,50.790000915527344,50.790000915527344,608300
2021-11-09,50.810001373291016,51.43000030517578,48.95000076293945,50.09000015258789,50.09000015258789,608400
2021-11-10,50.540000915527344,51.959999084472656,45.900001525878906,45.97999954223633,45.97999954223633,809700
2021-11-11,46.34000015258789,48.060001373291016,46.34000015258789,47.0,47.0,394200
2021-11-12,47.0,48.369998931884766,45.959999084472656,48.150001525878906,48.150001525878906,755800
2021-11-15,48.47999954223633,48.58000183105469,45.939998626708984,46.45000076293945,46.45000076293945,376200
2021-11-16,46.380001068115234,47.28499984741211,45.380001068115234,46.93000030517578,46.93000030517578,415500
2021-11-17,47.0099983215332,47.0099983215332,44.130001068115234,45.59000015258789,45.59000015258789,554200
2021-11-18,46.709999084472656,46.709999084472656,43.86000061035156,45.470001220703125,45.470001220703125,537800
2021-11-19,47.310001373291016,49.68000030517578,45.595001220703125,49.29999923706055,49.29999923706055,1298300
2021-11-22,49.459999084472656,49.79999923706055,45.0,45.16999816894531,45.16999816894531,734900
2021-11-23,44.619998931884766,46.54499816894531,41.119998931884766,42.45000076293945,42.45000076293945,849000
2021-11-24,41.459999084472656,42.58000183105469,40.439998626708984,42.209999084472656,42.209999084472656,498600
2021-11-26,41.779998779296875,43.38999938964844,40.709999084472656,41.560001373291016,41.560001373291016,363300
2021-11-29,42.279998779296875,42.9900016784668,40.119998931884766,41.45000076293945,41.45000076293945,623100
2021-11-30,41.209999084472656,43.13999938964844,39.95000076293945,41.47999954223633,41.47999954223633,786400
2021-12-01,42.310001373291016,42.310001373291016,37.849998474121094,37.91999816894531,37.91999816894531,674400
2021-12-02,37.88999938964844,40.11000061035156,37.15999984741211,39.220001220703125,39.220001220703125,740400
2021-12-03,39.290000915527344,41.06999969482422,35.599998474121094,36.09000015258789,36.09000015258789,928500
2021-12-06,36.04999923706055,37.810001373291016,34.209999084472656,37.599998474121094,37.599998474121094,794300
2021-12-07,39.08000183105469,42.310001373291016,39.08000183105469,41.20000076293945,41.20000076293945,696600
2021-12-08,41.13999938964844,42.83000183105469,38.66999816894531,42.220001220703125,42.220001220703125,386400
2021-12-09,41.66999816894531,41.900001525878906,39.380001068115234,39.41999816894531,39.41999816894531,466900
2021-12-10,40.02000045776367,41.34000015258789,38.744998931884766,39.220001220703125,39.220001220703125,462300
2021-12-13,39.2400016784668,41.28499984741211,38.40999984741211,40.41999816894531,40.41999816894531,601600
2021-12-14,39.29999923706055,40.529998779296875,38.310001373291016,39.709999084472656,39.709999084472656,701800
2021-12-15,39.70000076293945,42.75,39.40999984741211,42.5,42.5,724900
2021-12-16,43.06999969482422,43.06999969482422,38.279998779296875,38.720001220703125,38.720001220703125,932200
2021-12-17,38.790000915527344,45.58000183105469,38.349998474121094,44.9900016784668,44.9900016784668,1660200
2021-12-20,43.7599983215332,43.82500076293945,40.849998474121094,41.06999969482422,41.06999969482422,1070900
2021-12-21,41.97999954223633,43.5099983215332,40.310001373291016,43.29999923706055,43.29999923706055,453000
2021-12-22,43.459999084472656,45.34000015258789,42.459999084472656,43.619998931884766,43.619998931884766,457700
2021-12-23,43.38999938964844,43.43000030517578,39.900001525878906,40.4900016784668,40.4900016784668,622800
2021-12-27,40.41999816894531,40.70500183105469,38.619998931884766,40.119998931884766,40.119998931884766,499400
2021-12-28,40.31999969482422,41.9900016784668,38.9900016784668,39.04999923706055,39.04999923706055,424800
2021-12-29,39.09000015258789,39.97800064086914,38.20000076293945,39.060001373291016,39.060001373291016,377200
2021-12-30,39.70000076293945,42.189998626708984,38.93000030517578,41.45000076293945,41.45000076293945,495900
2021-12-31,42.15999984741211,42.810001373291016,40.90999984741211,41.20000076293945,41.20000076293945,412300
2022-01-03,41.43000030517578,42.95000076293945,40.02000045776367,42.5099983215332,42.5099983215332,565400
2022-01-04,42.43000030517578,42.43000030517578,36.44499969482422,37.72999954223633,37.72999954223633,773400
2022-01-05,37.11000061035156,37.59000015258789,34.880001068115234,34.90999984741211,34.90999984741211,797700
2022-01-06,34.540000915527344,36.060001373291016,32.880001068115234,35.119998931884766,35.119998931884766,725600
2022-01-07,35.150001525878906,37.779998779296875,33.20000076293945,33.58000183105469,33.58000183105469,627100
2022-01-10,32.7599983215332,34.099998474121094,31.40999984741211,33.97999954223633,33.97999954223633,796000
2022-01-11,33.95000076293945,34.2400016784668,31.989999771118164,33.56999969482422,33.56999969482422,696000
2022-01-12,34.09000015258789,35.349998474121094,31.934999465942383,32.02000045776367,32.02000045776367,836100
2022-01-13,32.279998779296875,32.459999084472656,29.270000457763672,29.469999313354492,29.469999313354492,1041800
2022-01-14,29.3799991607666,30.790000915527344,28.420000076293945,30.34000015258789,30.34000015258789,857900
2022-01-18,29.31999969482422,30.3700008392334,27.670000076293945,27.790000915527344,27.790000915527344,722700
2022-01-19,27.889999389648438,29.899999618530273,27.139999389648438,27.219999313354492,27.219999313354492,824100
2022-01-20,27.860000610351562,30.690000534057617,27.540000915527344,27.670000076293945,27.670000076293945,950900
2022-01-21,26.940000534057617,29.0,26.920000076293945,26.959999084472656,26.959999084472656,1136600
2022-01-24,26.149999618530273,29.040000915527344,24.18199920654297,28.920000076293945,28.920000076293945,1449200
2022-01-25,27.690000534057617,29.549999237060547,25.739999771118164,27.559999465942383,27.559999465942383,1153700
2022-01-26,28.59000015258789,30.549999237060547,26.6200008392334,27.059999465942383,27.059999465942383,1033600
2022-01-27,27.540000915527344,28.6200008392334,25.520000457763672,25.559999465942383,25.559999465942383,752900
2022-01-28,25.600000381469727,27.079999923706055,23.979999542236328,27.079999923706055,27.079999923706055,1043300
2022-01-31,27.280000686645508,30.540000915527344,27.280000686645508,30.40999984741211,30.40999984741211,1178100
2022-02-01,31.049999237060547,31.709999084472656,28.729999542236328,31.239999771118164,31.239999771118164,823800
2022-02-02,31.1200008392334,31.5049991607666,28.940000534057617,29.639999389648438,29.639999389648438,652800
2022-02-03,28.329999923706055,29.639999389648438,27.459999084472656,27.709999084472656,27.709999084472656,814400
2022-02-04,27.68000030517578,29.209999084472656,26.68000030517578,28.65999984741211,28.65999984741211,841800
2022-02-07,28.81999969482422,31.100000381469727,28.610000610351562,30.139999389648438,30.139999389648438,1100400
2022-02-08,29.75,30.71500015258789,29.079999923706055,30.100000381469727,30.100000381469727,482900
2022-02-09,31.030000686645508,32.77000045776367,30.719999313354492,32.470001220703125,32.470001220703125,692100
2022-02-10,30.719999313354492,33.22999954223633,30.06999969482422,30.829999923706055,30.829999923706055,777300
2022-02-11,31.0,32.55500030517578,29.479999542236328,29.940000534057617,29.940000534057617,599800
2022-02-14,29.809999465942383,31.420000076293945,29.170000076293945,29.389999389648438,29.389999389648438,640500
2022-02-15,30.06999969482422,31.540000915527344,29.809999465942383,31.200000762939453,31.200000762939453,699800
2022-02-16,30.3799991607666,30.56999969482422,29.100000381469727,29.8700008392334,29.8700008392334,543700
2022-02-17,29.700000762939453,29.700000762939453,26.420000076293945,26.549999237060547,26.549999237060547,854000
2022-02-18,26.450000762939453,27.0,25.200000762939453,25.329999923706055,25.329999923706055,671600
2022-02-22,24.68000030517578,25.735000610351562,24.540000915527344,24.799999237060547,24.799999237060547,638800
2022-02-23,25.670000076293945,25.68000030517578,23.485000610351562,23.549999237060547,23.549999237060547,655600
2022-02-24,22.030000686645508,26.399999618530273,22.0,26.15999984741211,26.15999984741211,1077800
2022-02-25,26.59000015258789,27.049999237060547,25.479999542236328,26.93000030517578,26.93000030517578,741700
2022-02-28,26.530000686645508,28.75,26.510000228881836,27.799999237060547,27.799999237060547,906900
2022-03-01,27.8700008392334,29.670000076293945,26.950000762939453,28.040000915527344,28.040000915527344,1380900
2022-03-02,28.049999237060547,28.90999984741211,27.229999542236328,27.84000015258789,27.84000015258789,1005400
2022-03-03,28.299999237060547,28.450000762939453,25.280000686645508,26.020000457763672,26.020000457763672,903800
2022-03-04,25.75,26.600000381469727,24.3700008392334,24.760000228881836,24.760000228881836,758100
2022-03-07,25.200000762939453,26.030000686645508,24.385000228881836,24.510000228881836,24.510000228881836,797300
2022-03-08,25.020000457763672,26.549999237060547,23.610000610351562,25.190000534057617,25.190000534057617,815300
2022-03-09,26.040000915527344,27.149999618530273,25.90999984741211,26.239999771118164,26.239999771118164,973500
2022-03-10,25.479999542236328,26.010000228881836,24.649999618530273,25.8700008392334,25.8700008392334,498100
2022-03-11,26.25,26.25,23.639999389648438,23.790000915527344,23.790000915527344,602500
2022-03-14,23.56999969482422,24.441999435424805,21.450000762939453,21.940000534057617,21.940000534057617,1218400
2022-03-15,22.18000030517578,24.229999542236328,22.09000015258789,23.530000686645508,23.530000686645508,890400
2022-03-16,24.290000915527344,26.020000457763672,23.790000915527344,25.979999542236328,25.979999542236328,1276300
2022-03-17,25.780000686645508,27.690000534057617,25.389999389648438,27.559999465942383,27.559999465942383,780900
2022-03-18,27.040000915527344,29.510000228881836,27.040000915527344,28.290000915527344,28.290000915527344,2237600
2022-03-21,27.760000228881836,28.3700008392334,26.780000686645508,27.219999313354492,27.219999313354492,727300
2022-03-22,26.920000076293945,28.610000610351562,26.920000076293945,28.15999984741211,28.15999984741211,634700
2022-03-23,27.690000534057617,28.299999237060547,26.5,26.93000030517578,26.93000030517578,573200
2022-03-24,27.190000534057617,27.65999984741211,25.670000076293945,27.639999389648438,27.639999389648438,706800
2022-03-25,27.729999542236328,27.729999542236328,26.399999618530273,26.959999084472656,26.959999084472656,524300
2022-03-28,27.3700008392334,28.149999618530273,26.700000762939453,27.829999923706055,27.829999923706055,572900
2022-03-29,28.690000534057617,31.360000610351562,28.690000534057617,30.889999389648438,30.889999389648438,1071200
2022-03-30,30.200000762939453,30.65999984741211,28.639999389648438,28.760000228881836,28.760000228881836,695800
2022-03-31,29.219999313354492,29.219999313354492,27.450000762939453,27.56999969482422,27.56999969482422,668600
2022-04-01,27.649999618530273,29.18000030517578,27.649999618530273,29.020000457763672,29.020000457763672,776400
2022-04-04,29.56999969482422,30.100000381469727,28.729999542236328,29.520000457763672,29.520000457763672,464700
2022-04-05,29.25,29.55500030517578,26.920000076293945,27.010000228881836,27.010000228881836,689400
2022-04-06,26.559999465942383,27.09000015258789,25.530000686645508,26.860000610351562,26.860000610351562,958800
2022-04-07,26.700000762939453,27.670000076293945,25.899999618530273,26.600000381469727,26.600000381469727,715600
2022-04-08,26.420000076293945,26.739999771118164,25.40999984741211,25.780000686645508,25.780000686645508,680000
2022-04-11,25.139999389648438,25.850000381469727,24.520000457763672,25.31999969482422,25.31999969482422,545900
2022-04-12,26.010000228881836,27.510000228881836,25.350000381469727,25.799999237060547,25.799999237060547,676300
2022-04-13,25.6299991607666,26.270000457763672,25.309999465942383,25.8799991607666,25.8799991607666,704100
2022-04-14,25.889999389648438,25.889999389648438,24.020000457763672,24.149999618530273,24.149999618530273,528700
2022-04-18,24.139999389648438,24.139999389648438,22.940000534057617,23.260000228881836,23.260000228881836,592100
2022-04-19,23.309999465942383,24.610000610351562,22.790000915527344,23.8799991607666,23.8799991607666,682800
2022-04-20,24.110000610351562,24.110000610351562,22.68000030517578,23.059999465942383,23.059999465942383,747100
2022-04-21,23.709999084472656,24.469999313354492,21.360000610351562,21.700000762939453,21.700000762939453,1003600
2022-04-22,21.649999618530273,22.469999313354492,21.549999237060547,21.790000915527344,21.790000915527344,1542400
2022-04-25,21.6200008392334,23.31999969482422,21.559999465942383,23.31999969482422,23.31999969482422,914500
2022-04-26,23.09000015258789,23.400999069213867,21.854999542236328,21.8799991607666,21.8799991607666,1210300
2022-04-27,21.860000610351562,22.6299991607666,21.450000762939453,21.56999969482422,21.56999969482422,1047400
2022-04-28,21.760000228881836,22.34000015258789,20.229999542236328,21.34000015258789,21.34000015258789,800900
2022-04-29,21.229999542236328,22.190000534057617,20.3700008392334,20.469999313354492,20.469999313354492,735400
2022-05-02,20.3799991607666,21.670000076293945,20.290000915527344,21.59000015258789,21.59000015258789,1230200
2022-05-03,21.68000030517578,22.135000228881836,21.079999923706055,21.459999084472656,21.459999084472656,1404300
2022-05-04,21.93000030517578,22.604999542236328,20.040000915527344,22.450000762939453,22.450000762939453,2217100
2022-05-05,21.790000915527344,21.8700008392334,18.39299964904785,19.010000228881836,19.010000228881836,1271100
2022-05-06,18.639999389648438,18.959999084472656,17.59000015258789,18.440000534057617,18.440000534057617,2005900
2022-05-09,17.899999618530273,18.31999969482422,16.770000457763672,17.0,17.0,2089600
2022-05-10,18.6200008392334,19.290000915527344,15.930000305175781,16.59000015258789,16.59000015258789,1699700
2022-05-11,16.219999313354492,17.020000457763672,15.170000076293945,15.449999809265137,15.449999809265137,1259300
2022-05-12,15.0,17.610000610351562,14.850000381469727,16.479999542236328,16.479999542236328,1881800
2022-05-13,17.110000610351562,18.670000076293945,17.110000610351562,18.15999984741211,18.15999984741211,1346500
2022-05-16,17.940000534057617,18.100000381469727,16.520000457763672,16.579999923706055,16.579999923706055,827200
2022-05-17,17.399999618530273,17.81999969482422,16.479999542236328,17.40999984741211,17.40999984741211,1157900
2022-05-18,16.780000686645508,17.3700008392334,15.979999542236328,16.139999389648438,16.139999389648438,886200
2022-05-19,16.18000030517578,17.940000534057617,15.984999656677246,17.469999313354492,17.469999313354492,1161700
2022-05-20,17.8700008392334,18.43000030517578,16.8799991607666,18.3700008392334,18.3700008392334,1106000
2022-05-23,18.329999923706055,18.690000534057617,17.549999237060547,17.940000534057617,17.940000534057617,679700
2022-05-24,17.299999237060547,17.790000915527344,16.520000457763672,16.940000534057617,16.940000534057617,747300
2022-05-25,16.90999984741211,17.780000686645508,16.729999542236328,17.1200008392334,17.1200008392334,841500
2022-05-26,17.1200008392334,17.829999923706055,16.739999771118164,17.350000381469727,17.350000381469727,620200
2022-05-27,17.59000015258789,18.940000534057617,17.280000686645508,18.889999389648438,18.889999389648438,1034700
2022-05-31,18.579999923706055,19.065000534057617,17.315000534057617,17.579999923706055,17.579999923706055,1146900
2022-06-01,17.760000228881836,18.260000228881836,16.790000915527344,17.34000015258789,17.34000015258789,971700
2022-06-02,17.450000762939453,18.559999465942383,17.128000259399414,18.229999542236328,18.229999542236328,886600
2022-06-03,17.440000534057617,17.75,16.610000610351562,17.1200008392334,17.1200008392334,845900
2022-06-06,17.68000030517578,17.979999542236328,16.8700008392334,17.360000610351562,17.360000610351562,717700
2022-06-07,17.010000228881836,18.0,16.780000686645508,17.860000610351562,17.860000610351562,636700
2022-06-08,18.0,18.950000762939453,17.770000457763672,18.600000381469727,18.600000381469727,759500
2022-06-09,18.040000915527344,18.43000030517578,17.459999084472656,17.469999313354492,17.469999313354492,707400
2022-06-10,16.510000228881836,16.899999618530273,15.970000267028809,16.329999923706055,16.329999923706055,883500
2022-06-13,15.930000305175781,16.489999771118164,15.619999885559082,15.960000038146973,15.960000038146973,1260400
2022-06-14,16.219999313354492,16.68000030517578,15.510000228881836,16.200000762939453,16.200000762939453,1569100
2022-06-15,16.270000457763672,18.545000076293945,16.270000457763672,17.950000762939453,17.950000762939453,1374600
2022-06-16,16.709999084472656,17.165000915527344,16.440000534057617,16.969999313354492,16.969999313354492,931500
2022-06-17,17.229999542236328,17.90999984741211,16.639999389648438,17.0,17.0,2293200
2022-06-21,17.360000610351562,18.170000076293945,17.360000610351562,17.479999542236328,17.479999542236328,1099500
2022-06-22,17.079999923706055,18.975000381469727,17.0,18.739999771118164,18.739999771118164,1261400
2022-06-23,18.8799991607666,21.84000015258789,18.56999969482422,21.81999969482422,21.81999969482422,1424300
2022-06-24,22.149999618530273,22.770000457763672,21.459999084472656,22.739999771118164,22.739999771118164,2281900
2022-06-27,22.540000915527344,22.739999771118164,20.709999084472656,20.989999771118164,20.989999771118164,944300
2022-06-28,21.110000610351562,21.270000457763672,19.729999542236328,19.829999923706055,19.829999923706055,993700
2022-06-29,19.739999771118164,20.190000534057617,19.200000762939453,19.969999313354492,19.969999313354492,887200
2022-06-30,19.410999298095703,20.450000762939453,19.299999237060547,19.899999618530273,19.899999618530273,816600
2022-07-01,19.989999771118164,21.25,19.969999313354492,21.100000381469727,21.100000381469727,795000
2022-07-05,20.790000915527344,23.43000030517578,20.420000076293945,23.40999984741211,23.40999984741211,1200100
2022-07-06,23.31999969482422,24.25,23.190000534057617,23.93000030517578,23.93000030517578,1176700
2022-07-07,23.84000015258789,25.719999313354492,23.790000915527344,25.3799991607666,25.3799991607666,886600
2022-07-08,24.6200008392334,26.139999389648438,24.3799991607666,25.600000381469727,25.600000381469727,745400
2022-07-11,25.3700008392334,25.420000076293945,24.350000381469727,24.719999313354492,24.719999313354492,1024900
2022-07-12,24.8799991607666,25.700000762939453,23.940000534057617,25.610000610351562,25.610000610351562,860300
2022-07-13,24.760000228881836,26.809999465942383,24.520000457763672,25.719999313354492,25.719999313354492,775300
2022-07-14,25.56999969482422,26.020000457763672,24.96500015258789,25.579999923706055,25.579999923706055,654400
2022-07-15,26.0,26.829999923706055,25.399999618530273,26.690000534057617,26.690000534057617,871300
2022-07-18,27.110000610351562,27.270000457763672,24.0,24.25,24.25,901700
2022-07-19,24.540000915527344,25.844999313354492,23.90999984741211,25.81999969482422,25.81999969482422,1435300
2022-07-20,26.059999465942383,28.1299991607666,26.030000686645508,26.920000076293945,26.920000076293945,1024600
2022-07-21,26.850000381469727,27.31999969482422,26.079999923706055,26.600000381469727,26.600000381469727,970100
2022-07-22,26.8700008392334,26.8700008392334,24.440000534057617,24.540000915527344,24.540000915527344,967300
2022-07-25,24.469999313354492,24.799999237060547,23.68000030517578,24.670000076293945,24.670000076293945,1001900
2022-07-26,24.530000686645508,25.5049991607666,24.100000381469727,24.729999542236328,24.729999542236328,704600
2022-07-27,25.0,26.479999542236328,24.450000762939453,26.219999313354492,26.219999313354492,768700
2022-07-28,26.360000610351562,27.559999465942383,25.469999313354492,27.459999084472656,27.459999084472656,834500
2022-07-29,26.920000076293945,27.1299991607666,26.209999084472656,26.34000015258789,26.34000015258789,896900
2022-08-01,25.969999313354492,26.649999618530273,25.459999084472656,25.81999969482422,25.81999969482422,910500
2022-08-02,25.559999465942383,26.860000610351562,25.274999618530273,26.639999389648438,26.639999389648438,665400
2022-08-03,27.510000228881836,28.18000030517578,24.510000228881836,25.049999237060547,25.049999237060547,1106700
2022-08-04,25.59000015258789,27.770000457763672,25.190000534057617,27.65999984741211,27.65999984741211,1038300
2022-08-05,26.579999923706055,28.1299991607666,25.75,27.899999618530273,27.899999618530273,926500
2022-08-08,28.0,28.270000457763672,26.670000076293945,26.829999923706055,26.829999923706055,1256200
2022-08-09,26.3799991607666,26.3799991607666,23.479999542236328,24.1299991607666,24.1299991607666,916600
2022-08-10,25.350000381469727,26.25,24.610000610351562,25.959999084472656,25.959999084472656,1102000
2022-08-11,26.1200008392334,27.399999618530273,25.059999465942383,25.489999771118164,25.489999771118164,1175900
2022-08-12,25.969999313354492,26.3700008392334,25.579999923706055,26.049999237060547,26.049999237060547,620700
2022-08-15,25.739999771118164,26.280000686645508,25.270000457763672,25.850000381469727,25.850000381469727,566100
2022-08-16,25.719999313354492,25.8700008392334,23.670000076293945,24.1299991607666,24.1299991607666,753700
2022-08-17,23.399999618530273,23.920000076293945,22.489999771118164,22.579999923706055,22.579999923706055,681100
2022-08-18,22.530000686645508,23.030000686645508,21.729999542236328,22.81999969482422,22.81999969482422,749000
2022-08-19,22.280000686645508,22.299999237060547,21.510000228881836,21.700000762939453,21.700000762939453,605700
2022-08-22,21.239999771118164,21.729999542236328,20.719999313354492,21.18000030517578,21.18000030517578,634300
2022-08-23,21.350000381469727,22.1200008392334,20.81999969482422,21.459999084472656,21.459999084472656,647000
2022-08-24,21.3799991607666,22.31999969482422,21.25,22.020000457763672,22.020000457763672,553600
2022-08-25,22.510000228881836,22.950000762939453,22.100000381469727,22.920000076293945,22.920000076293945,483600
2022-08-26,22.809999465942383,22.809999465942383,21.06999969482422,21.34000015258789,21.34000015258789,864300
2022-08-29,20.940000534057617,21.729999542236328,20.389999389648438,20.559999465942383,20.559999465942383,743500
2022-08-30,21.06999969482422,21.1299991607666,20.020000457763672,20.43000030517578,20.43000030517578,961300
2022-08-31,20.920000076293945,21.170000076293945,20.06999969482422,20.399999618530273,20.399999618530273,793100
2022-09-01,20.040000915527344,20.040000915527344,18.799999237060547,19.809999465942383,19.809999465942383,968800
2022-09-02,20.309999465942383,20.399999618530273,18.969999313354492,19.18000030517578,19.18000030517578,872500
2022-09-06,19.239999771118164,19.350000381469727,18.549999237060547,18.700000762939453,18.700000762939453,1005600
2022-09-07,18.790000915527344,19.639999389648438,18.610000610351562,19.559999465942383,19.559999465942383,729300
2022-09-08,18.959999084472656,19.8799991607666,18.809999465942383,19.389999389648438,19.389999389648438,893000
2022-09-09,19.690000534057617,19.959999084472656,19.1200008392334,19.950000762939453,19.950000762939453,835800
2022-09-12,20.1299991607666,21.010000228881836,20.030000686645508,20.8799991607666,20.8799991607666,947400
2022-09-13,19.559999465942383,19.64299964904785,18.959999084472656,19.190000534057617,19.190000534057617,1446400
2022-09-14,19.1299991607666,19.610000610351562,18.719999313354492,19.229999542236328,19.229999542236328,1183500
2022-09-15,18.8799991607666,20.15999984741211,18.850000381469727,19.600000381469727,19.600000381469727,920200
2022-09-16,19.079999923706055,19.079999923706055,17.704999923706055,18.469999313354492,18.469999313354492,1314500
2022-09-19,18.209999084472656,18.6299991607666,17.709999084472656,18.6299991607666,18.6299991607666,627500
2022-09-20,18.290000915527344,18.68000030517578,17.81999969482422,18.079999923706055,18.079999923706055,1609200
2022-09-21,18.110000610351562,18.260000228881836,16.989999771118164,17.049999237060547,17.049999237060547,1352000
2022-09-22,16.850000381469727,16.954999923706055,16.40999984741211,16.709999084472656,16.709999084472656,892300
2022-09-23,16.350000381469727,16.969999313354492,16.079999923706055,16.579999923706055,16.579999923706055,968100
2022-09-26,16.549999237060547,17.559999465942383,16.549999237060547,17.309999465942383,17.309999465942383,1134900
2022-09-27,17.90999984741211,18.1299991607666,16.770000457763672,16.950000762939453,16.950000762939453,1242000
2022-09-28,17.209999084472656,17.540000915527344,16.809999465942383,17.399999618530273,17.399999618530273,1926500
2022-09-29,17.0,17.354999542236328,16.280000686645508,16.639999389648438,16.639999389648438,1168000
2022-09-30,16.739999771118164,17.40999984741211,16.540000915527344,16.600000381469727,16.600000381469727,853400
2022-10-03,17.100000381469727,17.469999313354492,16.40999984741211,17.09000015258789,17.09000015258789,912100
2022-10-04,17.610000610351562,18.649999618530273,17.56999969482422,18.6299991607666,18.6299991607666,1254000
2022-10-05,18.15999984741211,18.790000915527344,17.565000534057617,18.6299991607666,18.6299991607666,947000
2022-10-06,18.610000610351562,19.059999465942383,18.079999923706055,18.489999771118164,18.489999771118164,743300
2022-10-07,17.920000076293945,18.170000076293945,17.454999923706055,17.56999969482422,17.56999969482422,1306900
2022-10-10,17.549999237060547,17.6299991607666,15.960000038146973,16.079999923706055,16.079999923706055,862000
2022-10-11,16.09000015258789,16.200000762939453,15.085000038146973,15.59000015258789,15.59000015258789,1027000
2022-10-12,15.510000228881836,15.970000267028809,15.09000015258789,15.90999984741211,15.90999984741211,678200
2022-10-13,15.109999656677246,16.649999618530273,15.0,16.219999313354492,16.219999313354492,813100
2022-10-14,16.5,17.1299991607666,15.579999923706055,15.609999656677246,15.609999656677246,723500
2022-10-17,16.229999542236328,17.489999771118164,15.95199966430664,16.780000686645508,16.780000686645508,822000
2022-10-18,17.459999084472656,17.850000381469727,16.735000610351562,16.959999084472656,16.959999084472656,743300
2022-10-19,16.610000610351562,16.729999542236328,15.210000038146973,15.5,15.5,934700
2022-10-20,15.399999618530273,16.209999084472656,15.0,15.3100004196167,15.3100004196167,683000
2022-10-21,15.399999618530273,15.880000114440918,14.920000076293945,15.829999923706055,15.829999923706055,863100
2022-10-24,15.829999923706055,16.125,15.229999542236328,16.059999465942383,16.059999465942383,664600
2022-10-25,16.309999465942383,17.860000610351562,16.309999465942383,17.6299991607666,17.6299991607666,939500
2022-10-26,17.469999313354492,18.829999923706055,17.360000610351562,18.360000610351562,18.360000610351562,955900
2022-10-27,18.6200008392334,18.8799991607666,17.68000030517578,18.5,18.5,982100
2022-10-28,18.469999313354492,19.3799991607666,17.969999313354492,19.309999465942383,19.309999465942383,1010100
2022-10-31,19.1299991607666,20.399999618530273,19.010000228881836,20.110000610351562,20.110000610351562,1092800
2022-11-01,20.600000381469727,20.88599967956543,20.06999969482422,20.649999618530273,20.649999618530273,1072300
2022-11-02,20.43000030517578,21.200000762939453,19.40999984741211,19.5,19.5,974100
2022-11-03,22.979999542236328,24.690000534057617,21.850000381469727,24.229999542236328,24.229999542236328,2725900
2022-11-04,24.5,25.43000030517578,23.139999389648438,24.3799991607666,24.3799991607666,1438700
2022-11-07,24.700000762939453,25.479999542236328,23.309999465942383,24.729999542236328,24.729999542236328,1080600
2022-11-08,24.770000457763672,25.65999984741211,24.299999237060547,24.959999084472656,24.959999084472656,822000
2022-11-09,24.579999923706055,25.209999084472656,23.049999237060547,23.09000015258789,23.09000015258789,1148500
2022-11-10,25.31999969482422,28.260000228881836,25.31999969482422,27.959999084472656,27.959999084472656,1661000
2022-11-11,27.549999237060547,31.09000015258789,27.469999313354492,29.940000534057617,29.940000534057617,1967000
2022-11-14,29.489999771118164,30.350000381469727,28.59000015258789,28.649999618530273,28.649999618530273,1121500
2022-11-15,30.0,30.34000015258789,28.670000076293945,28.81999969482422,28.81999969482422,1097400
2022-11-16,28.270000457763672,28.3700008392334,27.010000228881836,27.649999618530273,27.649999618530273,1051200
2022-11-17,26.979999542236328,27.360000610351562,26.479999542236328,27.049999237060547,27.049999237060547,693300
2022-11-18,28.079999923706055,28.549999237060547,25.860000610351562,25.979999542236328,25.979999542236328,733000
2022-11-21,25.760000228881836,26.15399932861328,25.469999313354492,25.899999618530273,25.899999618530273,724500
2022-11-22,26.040000915527344,26.3700008392334,25.545000076293945,26.3700008392334,26.3700008392334,700200
2022-11-23,26.3799991607666,26.969999313354492,26.014999389648438,26.420000076293945,26.420000076293945,522100
2022-11-25,25.950000762939453,26.25,25.489999771118164,26.200000762939453,26.200000762939453,218000
2022-11-28,26.049999237060547,26.600000381469727,25.110000610351562,25.270000457763672,25.270000457763672,672300
2022-11-29,25.420000076293945,26.476999282836914,24.75,25.489999771118164,25.489999771118164,578000
2022-11-30,25.799999237060547,27.81999969482422,25.25,27.739999771118164,27.739999771118164,1163500
2022-12-01,27.93000030517578,28.889999389648438,27.170000076293945,28.829999923706055,28.829999923706055,989900
2022-12-02,27.899999618530273,29.19499969482422,26.950000762939453,29.139999389648438,29.139999389648438,990000
2022-12-05,29.040000915527344,29.049999237060547,26.954999923706055,27.170000076293945,27.170000076293945,828500
2022-12-06,27.030000686645508,28.09000015258789,26.6299991607666,27.25,27.25,722400
2022-12-07,27.020000457763672,27.989999771118164,26.780000686645508,26.84000015258789,26.84000015258789,645500
2022-12-08,27.31999969482422,27.40999984741211,26.489999771118164,26.8700008392334,26.8700008392334,622400
2022-12-09,26.850000381469727,27.600000381469727,26.280000686645508,26.690000534057617,26.690000534057617,1474200
2022-12-12,26.59000015258789,29.2549991607666,25.940000534057617,29.09000015258789,29.09000015258789,1347300
2022-12-13,30.690000534057617,32.400001525878906,28.950000762939453,29.799999237060547,29.799999237060547,1177400
2022-12-14,29.239999771118164,30.594999313354492,28.635000228881836,29.1299991607666,29.1299991607666,1354400
2022-12-15,28.579999923706055,28.760000228881836,27.709999084472656,28.31999969482422,28.31999969482422,974300
2022-12-16,27.173999786376953,28.0,26.996000289916992,27.40999984741211,27.40999984741211,3765200
2022-12-19,27.579999923706055,27.579999923706055,26.165000915527344,26.43000030517578,26.43000030517578,704000
2022-12-20,26.139999389648438,26.899999618530273,26.139999389648438,26.510000228881836,26.510000228881836,745800
2022-12-21,26.8700008392334,27.860000610351562,26.690000534057617,27.280000686645508,27.280000686645508,663800
2022-12-22,26.84000015258789,27.0,25.479999542236328,26.469999313354492,26.469999313354492,667800
2022-12-23,26.290000915527344,26.5,24.309999465942383,24.579999923706055,24.579999923706055,578100
2022-12-27,24.399999618530273,24.719999313354492,23.790000915527344,23.8700008392334,23.8700008392334,539100
2022-12-28,23.850000381469727,24.68000030517578,23.239999771118164,23.420000076293945,23.420000076293945,580300
2022-12-29,23.93000030517578,24.709999084472656,23.670000076293945,24.09000015258789,24.09000015258789,678300
2022-12-30,23.65999984741211,23.834999084472656,22.899999618530273,23.729999542236328,23.729999542236328,537000
2023-01-03,24.290000915527344,24.579999923706055,22.454999923706055,22.649999618530273,22.649999618530273,711800
2023-01-04,22.90999984741211,24.06999969482422,22.729999542236328,23.770000457763672,23.770000457763672,993100
2023-01-05,23.920000076293945,24.0,22.93000030517578,23.100000381469727,23.100000381469727,572200
2023-01-06,22.950000762939453,23.139999389648438,22.030000686645508,22.389999389648438,22.389999389648438,624900
2023-01-09,22.780000686645508,23.790000915527344,22.600000381469727,23.059999465942383,23.059999465942383,867400
2023-01-10,22.760000228881836,24.0,22.700000762939453,23.989999771118164,23.989999771118164,654900
2023-01-11,24.010000228881836,25.309999465942383,23.850000381469727,25.219999313354492,25.219999313354492,772500
2023-01-12,25.729999542236328,26.139999389648438,24.56999969482422,26.049999237060547,26.049999237060547,731900
2023-01-13,25.510000228881836,26.68000030517578,25.270000457763672,26.6200008392334,26.6200008392334,940300
2023-01-17,26.440000534057617,26.719999313354492,25.520000457763672,26.690000534057617,26.690000534057617,493600
2023-01-18,25.8799991607666,27.469999313354492,25.559999465942383,25.90999984741211,25.90999984741211,713300
2023-01-19,25.75,25.93000030517578,23.90999984741211,23.940000534057617,23.940000534057617,734000
2023-01-20,24.049999237060547,25.049999237060547,23.690000534057617,24.889999389648438,24.889999389648438,689100
2023-01-23,25.190000534057617,26.559999465942383,24.850000381469727,26.31999969482422,26.31999969482422,702100
2023-01-24,26.15999984741211,26.90999984741211,25.739999771118164,25.8700008392334,25.8700008392334,522200
2023-01-25,25.15999984741211,25.790000915527344,24.479999542236328,25.75,25.75,649100
2023-01-26,26.350000381469727,26.604999542236328,25.40999984741211,26.059999465942383,26.059999465942383,521800
2023-01-27,25.610000610351562,26.34000015258789,25.610000610351562,26.030000686645508,26.030000686645508,620700
2023-01-30,25.420000076293945,25.420000076293945,24.299999237060547,24.530000686645508,24.530000686645508,524600
2023-01-31,24.530000686645508,25.25,24.530000686645508,25.1299991607666,25.1299991607666,567400
2023-02-01,25.290000915527344,26.329999923706055,24.110000610351562,25.959999084472656,25.959999084472656,821800
2023-02-02,27.059999465942383,28.579999923706055,26.8700008392334,27.889999389648438,27.889999389648438,663000
2023-02-03,26.56999969482422,27.520000457763672,25.799999237060547,26.670000076293945,26.670000076293945,551800
2023-02-06,26.209999084472656,26.260000228881836,25.149999618530273,25.559999465942383,25.559999465942383,444400
2023-02-07,25.639999389648438,26.450000762939453,25.06999969482422,26.229999542236328,26.229999542236328,606300
2023-02-08,25.889999389648438,26.65999984741211,25.68000030517578,25.90999984741211,25.90999984741211,941200
2023-02-09,26.290000915527344,26.709999084472656,24.972000122070312,25.239999771118164,25.239999771118164,599200
2023-02-10,24.780000686645508,25.110000610351562,24.200000762939453,24.350000381469727,24.350000381469727,754000
2023-02-13,24.3799991607666,25.3700008392334,23.989999771118164,25.1299991607666,25.1299991607666,540000
2023-02-14,25.579999923706055,26.100000381469727,24.09000015258789,25.959999084472656,25.959999084472656,608500
2023-02-15,25.950000762939453,27.079999923706055,25.469999313354492,27.010000228881836,27.010000228881836,570100
2023-02-16,25.940000534057617,26.71500015258789,25.399999618530273,25.43000030517578,25.43000030517578,762800
2023-02-17,25.270000457763672,25.489999771118164,24.270000457763672,25.459999084472656,25.459999084472656,841300
2023-02-21,24.56999969482422,24.600000381469727,22.575000762939453,22.719999313354492,22.719999313354492,986800
2023-02-22,22.770000457763672,24.204999923706055,22.649999618530273,23.899999618530273,23.899999618530273,1238300
2023-02-23,26.299999237060547,26.299999237060547,22.65999984741211,23.93000030517578,23.93000030517578,1038200
2023-02-24,23.219999313354492,24.190000534057617,22.799999237060547,23.780000686645508,23.780000686645508,599900
2023-02-27,24.239999771118164,24.290000915527344,23.440000534057617,24.219999313354492,24.219999313354492,482300
2023-02-28,24.139999389648438,25.270000457763672,24.139999389648438,24.610000610351562,24.610000610351562,898000
2023-03-01,24.540000915527344,24.649999618530273,23.68000030517578,23.700000762939453,23.700000762939453,1044800
2023-03-02,23.170000076293945,24.1200008392334,22.989999771118164,24.100000381469727,24.100000381469727,770600
2023-03-03,24.260000228881836,25.100000381469727,24.040000915527344,24.739999771118164,24.739999771118164,645600
2023-03-06,24.850000381469727,25.0,23.559999465942383,23.729999542236328,23.729999542236328,641500
2023-03-07,23.5,23.989999771118164,23.25,23.389999389648438,23.389999389648438,500600
2023-03-08,23.420000076293945,24.520000457763672,23.09000015258789,23.770000457763672,23.770000457763672,756600
2023-03-09,23.770000457763672,24.100000381469727,22.825000762939453,23.1200008392334,23.1200008392334,716700
2023-03-10,22.979999542236328,22.989999771118164,20.34000015258789,21.09000015258789,21.09000015258789,972600
2023-03-13,20.250999450683594,23.649999618530273,20.250999450683594,22.68000030517578,22.68000030517578,930800
2023-03-14,23.450000762939453,23.899999618530273,22.559999465942383,23.079999923706055,23.079999923706055,649200
2023-03-15,22.600000381469727,23.094999313354492,22.459999084472656,22.90999984741211,22.90999984741211,900400
2023-03-16,22.75,23.6200008392334,22.31999969482422,23.309999465942383,23.309999465942383,878100
2023-03-17,23.229999542236328,23.30500030517578,21.920000076293945,22.43000030517578,22.43000030517578,1531000
2023-03-20,22.280000686645508,22.899999618530273,21.770000457763672,22.5,22.5,512500
2023-03-21,22.850000381469727,23.56999969482422,22.709999084472656,23.239999771118164,23.239999771118164,534800
2023-03-22,23.15999984741211,23.28499984741211,21.809999465942383,21.829999923706055,21.829999923706055,642800
2023-03-23,22.1299991607666,22.90999984741211,21.540000915527344,22.1200008392334,22.1200008392334,625100
2023-03-24,21.8799991607666,22.170000076293945,21.295000076293945,21.969999313354492,21.969999313354492,734800
2023-03-27,22.15999984741211,22.489999771118164,21.520000457763672,21.90999984741211,21.90999984741211,969400
2023-03-28,21.780000686645508,22.030000686645508,20.549999237060547,20.579999923706055,20.579999923706055,732100
2023-03-29,21.010000228881836,21.68000030517578,20.8799991607666,21.469999313354492,21.469999313354492,667200
2023-03-30,21.68000030517578,21.90999984741211,20.510000228881836,20.610000610351562,20.610000610351562,523000
2023-03-31,20.889999389648438,22.709999084472656,20.729999542236328,22.299999237060547,22.299999237060547,970700
2023-04-03,22.1200008392334,22.34000015258789,21.450000762939453,22.170000076293945,22.170000076293945,607700
2023-04-04,22.260000228881836,22.329999923706055,21.690000534057617,22.170000076293945,22.170000076293945,840300
2023-04-05,21.979999542236328,22.209999084472656,21.350000381469727,21.489999771118164,21.489999771118164,550800
2023-04-06,21.420000076293945,21.81999969482422,21.010000228881836,21.690000534057617,21.690000534057617,454800
2023-04-10,21.290000915527344,21.530000686645508,20.915000915527344,21.299999237060547,21.299999237060547,601500
2023-04-11,21.270000457763672,21.760000228881836,20.8700008392334,21.389999389648438,21.389999389648438,484700
2023-04-12,22.049999237060547,22.309999465942383,21.049999237060547,21.260000228881836,21.260000228881836,474100
2023-04-13,21.440000534057617,23.014999389648438,21.139999389648438,22.799999237060547,22.799999237060547,748300
2023-04-14,22.719999313354492,22.719999313354492,21.780000686645508,21.93000030517578,21.93000030517578,463000
2023-04-17,21.93000030517578,23.059999465942383,21.719999313354492,22.959999084472656,22.959999084472656,854900
2023-04-18,23.170000076293945,23.170000076293945,22.309999465942383,22.84000015258789,22.84000015258789,449600
2023-04-19,22.479999542236328,23.25,22.079999923706055,23.209999084472656,23.209999084472656,689500
2023-04-20,22.940000534057617,23.049999237060547,22.264999389648438,22.729999542236328,22.729999542236328,854500
2023-04-21,22.719999313354492,23.3700008392334,22.600000381469727,23.139999389648438,23.139999389648438,497800
2023-04-24,23.049999237060547,23.545000076293945,22.719999313354492,23.209999084472656,23.209999084472656,465600
2023-04-25,22.979999542236328,23.149999618530273,21.981000900268555,22.079999923706055,22.079999923706055,759400
2023-04-26,22.100000381469727,23.049999237060547,21.670000076293945,21.969999313354492,21.969999313354492,526600
2023-04-27,22.260000228881836,22.739999771118164,21.700000762939453,22.290000915527344,22.290000915527344,654800
2023-04-28,22.059999465942383,22.93000030517578,21.729999542236328,22.639999389648438,22.639999389648438,524100
2023-05-01,22.610000610351562,23.260000228881836,22.209999084472656,22.84000015258789,22.84000015258789,708900
2023-05-02,22.6299991607666,22.809999465942383,20.93000030517578,20.959999084472656,20.959999084472656,773600
2023-05-03,21.309999465942383,22.25,21.110000610351562,21.520000457763672,21.520000457763672,697700
2023-05-04,21.110000610351562,22.665000915527344,21.030000686645508,22.260000228881836,22.260000228881836,1067700
2023-05-05,22.979999542236328,23.940000534057617,22.520000457763672,23.280000686645508,23.280000686645508,774900
2023-05-08,23.190000534057617,23.329999923706055,21.920000076293945,22.6299991607666,22.6299991607666,778500
2023-05-09,22.270000457763672,23.149999618530273,22.030000686645508,22.969999313354492,22.969999313354492,633100
2023-05-10,23.760000228881836,24.280000686645508,23.010000228881836,23.649999618530273,23.649999618530273,674200
2023-05-11,23.600000381469727,23.974000930786133,23.149999618530273,23.579999923706055,23.579999923706055,650200
2023-05-12,23.700000762939453,23.700000762939453,23.020000457763672,23.520000457763672,23.520000457763672,566500
2023-05-15,23.56999969482422,25.229999542236328,23.350000381469727,25.100000381469727,25.100000381469727,668400
2023-05-16,24.649999618530273,24.8799991607666,23.799999237060547,24.579999923706055,24.579999923706055,873500
2023-05-17,24.729999542236328,25.079999923706055,23.950000762939453,25.059999465942383,25.059999465942383,685600
2023-05-18,24.959999084472656,25.34000015258789,24.110000610351562,24.59000015258789,24.59000015258789,561800
2023-05-19,24.899999618530273,25.149999618530273,23.895000457763672,24.389999389648438,24.389999389648438,601800
2023-05-22,24.469999313354492,26.43000030517578,24.350000381469727,26.290000915527344,26.290000915527344,602100
2023-05-23,26.290000915527344,27.260000228881836,25.989999771118164,26.0,26.0,598000
2023-05-24,25.6299991607666,26.100000381469727,25.100000381469727,25.940000534057617,25.940000534057617,722700
2023-05-25,26.31999969482422,26.520000457763672,25.200000762939453,25.489999771118164,25.489999771118164,564600
2023-05-26,25.690000534057617,26.100000381469727,25.170000076293945,25.579999923706055,25.579999923706055,504300
2023-05-30,25.90999984741211,27.25,25.510000228881836,25.68000030517578,25.68000030517578,410400
2023-05-31,25.56999969482422,26.350000381469727,25.084999084472656,25.8799991607666,25.8799991607666,821700
2023-06-01,25.760000228881836,26.600000381469727,25.520000457763672,26.190000534057617,26.190000534057617,508600
2023-06-02,26.540000915527344,26.959999084472656,26.1200008392334,26.719999313354492,26.719999313354492,526500
2023-06-05,26.43000030517578,26.809999465942383,25.889999389648438,25.920000076293945,25.920000076293945,464700
2023-06-06,25.780000686645508,26.829999923706055,25.459999084472656,25.809999465942383,25.809999465942383,627500
2023-06-07,25.93000030517578,26.795000076293945,25.774999618530273,26.440000534057617,26.440000534057617,941300
2023-06-08,26.219999313354492,26.738000869750977,25.65999984741211,25.899999618530273,25.899999618530273,522600
2023-06-09,26.209999084472656,26.209999084472656,25.420000076293945,25.84000015258789,25.84000015258789,480700
2023-06-12,26.079999923706055,27.219999313354492,25.90999984741211,26.760000228881836,26.760000228881836,586500
2023-06-13,26.93000030517578,27.309999465942383,26.600000381469727,26.989999771118164,26.989999771118164,632800
2023-06-14,27.020000457763672,27.1299991607666,25.760000228881836,26.399999618530273,26.399999618530273,521000
2023-06-15,25.93000030517578,26.690000534057617,25.549999237060547,26.520000457763672,26.520000457763672,514800
2023-06-16,26.940000534057617,27.229999542236328,26.040000915527344,26.09000015258789,26.09000015258789,1922900
2023-06-20,26.09000015258789,26.43000030517578,25.59000015258789,26.25,26.25,646600
2023-06-21,25.989999771118164,26.149999618530273,25.3700008392334,25.860000610351562,25.860000610351562,492700
2023-06-22,25.639999389648438,26.690000534057617,25.450000762939453,26.5,26.5,468700
2023-06-23,25.969999313354492,26.049999237060547,25.229999542236328,25.530000686645508,25.530000686645508,827100
2023-06-26,25.360000610351562,26.06999969482422,25.290000915527344,25.6200008392334,25.6200008392334,636000
2023-06-27,25.579999923706055,25.71500015258789,24.950000762939453,25.350000381469727,25.350000381469727,638400
2023-06-28,25.360000610351562,25.8700008392334,25.200000762939453,25.860000610351562,25.860000610351562,505000
2023-06-29,25.860000610351562,26.34000015258789,25.600000381469727,25.860000610351562,25.860000610351562,794400
2023-06-30,26.350000381469727,26.65999984741211,25.385000228881836,25.469999313354492,25.469999313354492,555600
2023-07-03,25.389999389648438,25.7450008392334,24.540000915527344,24.920000076293945,24.920000076293945,355400
2023-07-05,24.600000381469727,24.635000228881836,23.59000015258789,23.969999313354492,23.969999313354492,797500
2023-07-06,23.459999084472656,23.459999084472656,23.049999237060547,23.219999313354492,23.219999313354492,599500
2023-07-07,23.360000610351562,23.979999542236328,23.260000228881836,23.709999084472656,23.709999084472656,692900
2023-07-10,23.709999084472656,25.209999084472656,23.6299991607666,25.209999084472656,25.209999084472656,873500
2023-07-11,25.59000015258789,27.420000076293945,25.549999237060547,27.3799991607666,27.3799991607666,942100
2023-07-12,27.989999771118164,28.469999313354492,27.610000610351562,28.299999237060547,28.299999237060547,894800
2023-07-13,28.59000015258789,28.756999969482422,27.937999725341797,28.520000457763672,28.520000457763672,735400
2023-07-14,28.639999389648438,29.170000076293945,28.270000457763672,28.809999465942383,28.809999465942383,747100
2023-07-17,29.209999084472656,30.264999389648438,28.735000610351562,29.920000076293945,29.920000076293945,872000
2023-07-18,30.0,30.520000457763672,29.59000015258789,29.780000686645508,29.780000686645508,814400
2023-07-19,29.799999237060547,30.299999237060547,29.239999771118164,29.280000686645508,29.280000686645508,582400
2023-07-20,28.84000015258789,29.040000915527344,27.989999771118164,28.020000457763672,28.020000457763672,558400
2023-07-21,28.489999771118164,28.989999771118164,28.204999923706055,28.579999923706055,28.579999923706055,486000
2023-07-24,28.40999984741211,28.90999984741211,27.399999618530273,27.540000915527344,27.540000915527344,654400
2023-07-25,27.540000915527344,28.645000457763672,27.280000686645508,28.530000686645508,28.530000686645508,425700
2023-07-26,28.440000534057617,28.850000381469727,28.299999237060547,28.6200008392334,28.6200008392334,366100
2023-07-27,29.25,29.399999618530273,27.06999969482422,27.239999771118164,27.239999771118164,496400
2023-07-28,27.719999313354492,28.34000015258789,27.40999984741211,28.100000381469727,28.100000381469727,410400
2023-07-31,28.020000457763672,28.104999542236328,27.329999923706055,27.450000762939453,27.450000762939453,520300
2023-08-01,27.260000228881836,27.260000228881836,26.325000762939453,27.040000915527344,27.040000915527344,816900
2023-08-02,26.610000610351562,26.7450008392334,25.639999389648438,25.850000381469727,25.850000381469727,659200
2023-08-03,25.690000534057617,26.440000534057617,25.29199981689453,25.479999542236328,25.479999542236328,563600
2023-08-04,25.6299991607666,25.850000381469727,25.280000686645508,25.549999237060547,25.549999237060547,625000
2023-08-07,25.520000457763672,25.520000457763672,24.459999084472656,24.790000915527344,24.790000915527344,722400
2023-08-08,24.43000030517578,25.15999984741211,24.049999237060547,25.0,25.0,850700
2023-08-09,26.479999542236328,27.600000381469727,26.06999969482422,26.760000228881836,26.760000228881836,973800
2023-08-10,27.079999923706055,27.139999389648438,25.309999465942383,25.440000534057617,25.440000534057617,424300
2023-08-11,25.18000030517578,25.5,24.850000381469727,25.149999618530273,25.149999618530273,405500
2023-08-14,24.690000534057617,25.389999389648438,24.440000534057617,25.360000610351562,25.360000610351562,342600
2023-08-15,25.149999618530273,25.549999237060547,24.790000915527344,25.030000686645508,25.030000686645508,320400
2023-08-16,25.21500015258789,25.579999923706055,24.510000228881836,24.510000228881836,24.510000228881836,453700
2023-08-17,24.510000228881836,24.639999389648438,24.15999984741211,24.3799991607666,24.3799991607666,492300
2023-08-18,24.040000915527344,25.110000610351562,23.815000534057617,24.790000915527344,24.790000915527344,482500
2023-08-21,24.809999465942383,26.2450008392334,24.65999984741211,25.850000381469727,25.850000381469727,481700
2023-08-22,26.690000534057617,26.75,25.795000076293945,25.989999771118164,25.989999771118164,671100
2023-08-23,26.100000381469727,26.56999969482422,25.920000076293945,26.239999771118164,26.239999771118164,387400
2023-08-24,26.3799991607666,26.399999618530273,25.049999237060547,25.110000610351562,25.110000610351562,447200
2023-08-25,25.110000610351562,25.6299991607666,24.920000076293945,25.43000030517578,25.43000030517578,421500
2023-08-28,25.729999542236328,25.920000076293945,24.959999084472656,25.049999237060547,25.049999237060547,358200
2023-08-29,24.860000610351562,26.479999542236328,24.43000030517578,26.299999237060547,26.299999237060547,521700
2023-08-30,26.280000686645508,26.68000030517578,25.84000015258789,26.469999313354492,26.469999313354492,637100
2023-08-31,26.479999542236328,26.670000076293945,26.1299991607666,26.399999618530273,26.399999618530273,505200
2023-09-01,26.760000228881836,27.270000457763672,26.6299991607666,26.700000762939453,26.700000762939453,421300
2023-09-05,26.489999771118164,26.65999984741211,26.09000015258789,26.18000030517578,26.18000030517578,453400
2023-09-06,26.239999771118164,26.450000762939453,25.709999084472656,26.010000228881836,26.010000228881836,306800
2023-09-07,25.649999618530273,25.698999404907227,25.200000762939453,25.329999923706055,25.329999923706055,452400
2023-09-08,25.34000015258789,25.375,24.6200008392334,24.68000030517578,24.68000030517578,535900
2023-09-11,24.850000381469727,25.44499969482422,24.729999542236328,25.290000915527344,25.290000915527344,435600
2023-09-12,25.18000030517578,25.670000076293945,25.059999465942383,25.299999237060547,25.299999237060547,293800
2023-09-13,25.299999237060547,26.0,25.299999237060547,25.350000381469727,25.350000381469727,379500
2023-09-14,25.530000686645508,25.670000076293945,24.950000762939453,25.209999084472656,25.209999084472656,436000
2023-09-15,25.25,25.354999542236328,24.719999313354492,25.049999237060547,25.049999237060547,1496000
2023-09-18,24.989999771118164,25.1200008392334,24.31999969482422,24.329999923706055,24.329999923706055,590700
2023-09-19,24.309999465942383,24.469999313354492,23.610000610351562,24.110000610351562,24.110000610351562,383100
2023-09-20,24.229999542236328,24.469999313354492,23.299999237060547,23.329999923706055,23.329999923706055,496600
2023-09-21,23.059999465942383,23.110000610351562,22.43000030517578,22.600000381469727,22.600000381469727,521300
2023-09-22,22.829999923706055,22.979999542236328,22.204999923706055,22.469999313354492,22.469999313354492,439000
2023-09-25,22.329999923706055,22.790000915527344,22.110000610351562,22.469999313354492,22.469999313354492,368000
2023-09-26,22.450000762939453,23.079999923706055,22.364999771118164,22.579999923706055,22.579999923706055,466700
2023-09-27,22.739999771118164,23.15999984741211,22.579999923706055,22.860000610351562,22.860000610351562,432100
2023-09-28,22.950000762939453,23.469999313354492,22.3700008392334,22.90999984741211,22.90999984741211,505700
2023-09-29,23.299999237060547,23.40999984741211,22.170000076293945,22.329999923706055,22.329999923706055,727500
2023-10-02,22.270000457763672,22.31999969482422,21.68000030517578,21.959999084472656,21.959999084472656,622600
2023-10-03,21.729999542236328,22.165000915527344,21.34000015258789,21.459999084472656,21.459999084472656,352800
2023-10-04,21.579999923706055,21.709999084472656,20.8799991607666,21.479999542236328,21.479999542236328,488400
2023-10-05,21.290000915527344,21.709999084472656,20.670000076293945,21.350000381469727,21.350000381469727,591000
2023-10-06,20.90999984741211,21.989999771118164,20.753000259399414,21.549999237060547,21.549999237060547,512700
2023-10-09,21.399999618530273,21.889999389648438,20.969999313354492,21.8700008392334,21.8700008392334,436700
2023-10-10,21.969999313354492,22.959999084472656,21.829999923706055,22.559999465942383,22.559999465942383,510800
2023-10-11,22.68000030517578,23.0,22.010000228881836,22.31999969482422,22.31999969482422,456900
2023-10-12,22.40999984741211,22.40999984741211,20.959999084472656,21.020000457763672,21.020000457763672,541900
2023-10-13,21.079999923706055,21.360000610351562,20.760000228881836,21.280000686645508,21.280000686645508,400200
2023-10-16,21.329999923706055,21.65999984741211,20.979999542236328,21.280000686645508,21.280000686645508,400900
2023-10-17,21.010000228881836,22.09000015258789,20.8700008392334,21.520000457763672,21.520000457763672,466400
2023-10-18,21.219999313354492,21.290000915527344,20.690000534057617,20.75,20.75,418300
2023-10-19,20.780000686645508,21.040000915527344,20.40999984741211,20.790000915527344,20.790000915527344,670600
2023-10-20,20.799999237060547,21.399999618530273,20.459999084472656,20.93000030517578,20.93000030517578,465400
2023-10-23,20.6299991607666,21.229999542236328,20.34000015258789,20.760000228881836,20.760000228881836,487700
2023-10-24,21.0,21.579999923706055,20.860000610351562,21.459999084472656,21.459999084472656,461000
2023-10-25,20.959999084472656,20.959999084472656,19.770000457763672,19.950000762939453,19.950000762939453,819200
2023-10-26,20.1299991607666,20.809999465942383,20.1299991607666,20.420000076293945,20.420000076293945,709100
2023-10-27,20.670000076293945,20.670000076293945,19.520000457763672,19.719999313354492,19.719999313354492,869800
2023-10-30,20.079999923706055,20.399999618530273,19.59000015258789,20.219999313354492,20.219999313354492,486100
2023-10-31,20.229999542236328,20.8700008392334,20.059999465942383,20.719999313354492,20.719999313354492,413400
2023-11-01,20.700000762939453,21.149999618530273,19.979999542236328,21.059999465942383,21.059999465942383,607500
2023-11-02,21.559999465942383,22.65999984741211,21.43000030517578,22.350000381469727,22.350000381469727,811900
2023-11-03,23.0,24.90999984741211,23.0,24.459999084472656,24.459999084472656,987800
2023-11-06,24.469999313354492,24.479999542236328,23.549999237060547,23.700000762939453,23.700000762939453,757900
2023-11-07,23.780000686645508,24.389999389648438,23.450000762939453,24.010000228881836,24.010000228881836,676600
2023-11-08,24.940000534057617,24.989999771118164,22.06999969482422,23.149999618530273,23.149999618530273,1013100
2023-11-09,23.469999313354492,23.770000457763672,21.264999389648438,21.469999313354492,21.469999313354492,944900
2023-11-10,21.450000762939453,22.309999465942383,21.149999618530273,22.200000762939453,22.200000762939453,876700
2023-11-13,21.969999313354492,22.969999313354492,21.760000228881836,22.950000762939453,22.950000762939453,486400
2023-11-14,24.540000915527344,25.43000030517578,24.225000381469727,25.25,25.25,1074900
2023-11-15,25.190000534057617,26.079999923706055,24.110000610351562,25.020000457763672,25.020000457763672,741800
2023-11-16,24.940000534057617,24.940000534057617,24.229999542236328,24.709999084472656,24.709999084472656,532300
2023-11-17,25.020000457763672,25.399999618530273,24.430999755859375,25.25,25.25,525800
2023-11-20,25.260000228881836,26.260000228881836,25.155000686645508,26.040000915527344,26.040000915527344,484600
2023-11-21,25.739999771118164,26.399999618530273,25.139999389648438,25.18000030517578,25.18000030517578,700700
2023-11-22,25.860000610351562,26.440000534057617,25.389999389648438,26.1200008392334,26.1200008392334,770300
2023-11-24,26.06999969482422,26.374000549316406,25.729999542236328,26.190000534057617,26.190000534057617,191200
2023-11-27,25.940000534057617,26.700000762939453,25.260000228881836,26.3700008392334,26.3700008392334,809100
2023-11-28,26.149999618530273,26.329999923706055,25.510000228881836,25.780000686645508,25.780000686645508,497900
2023-11-29,26.270000457763672,26.989999771118164,25.60099983215332,25.729999542236328,25.729999542236328,652200
2023-11-30,26.149999618530273,26.420000076293945,25.424999237060547,25.600000381469727,25.600000381469727,721200
2023-12-01,25.469999313354492,26.559999465942383,25.0,26.540000915527344,26.540000915527344,577400
2023-12-04,26.0,26.649999618530273,25.614999771118164,26.06999969482422,26.06999969482422,647700
2023-12-05,25.600000381469727,25.700000762939453,24.899999618530273,25.389999389648438,25.389999389648438,497400
2023-12-06,25.8799991607666,26.1200008392334,25.18000030517578,25.690000534057617,25.690000534057617,682800
2023-12-07,25.670000076293945,25.722000122070312,24.969999313354492,25.020000457763672,25.020000457763672,557400
2023-12-08,24.899999618530273,26.100000381469727,24.420000076293945,25.6200008392334,25.6200008392334,792700
2023-12-11,25.6299991607666,26.030000686645508,25.170000076293945,25.610000610351562,25.610000610351562,705500
2023-12-12,25.510000228881836,25.950000762939453,24.790000915527344,25.559999465942383,25.559999465942383,676000
2023-12-13,25.649999618530273,27.559999465942383,25.149999618530273,27.479999542236328,27.479999542236328,740300
2023-12-14,28.40999984741211,29.350000381469727,28.049999237060547,28.450000762939453,28.450000762939453,874600
2023-12-15,28.690000534057617,29.110000610351562,27.610000610351562,28.170000076293945,28.170000076293945,1410900
2023-12-18,28.209999084472656,28.584999084472656,27.639999389648438,27.760000228881836,27.760000228881836,625000
2023-12-19,28.209999084472656,28.989999771118164,26.989999771118164,28.68000030517578,28.68000030517578,883000
2023-12-20,28.649999618530273,29.229999542236328,27.3799991607666,27.450000762939453,27.450000762939453,537000
2023-12-21,28.1200008392334,28.530000686645508,27.770000457763672,28.010000228881836,28.010000228881836,404300
2023-12-22,28.280000686645508,28.690000534057617,28.020000457763672,28.270000457763672,28.270000457763672,451900
2023-12-26,28.68000030517578,28.979999542236328,28.489999771118164,28.540000915527344,28.540000915527344,412500
2023-12-27,28.93000030517578,29.040000915527344,28.110000610351562,28.43000030517578,28.43000030517578,460700
2023-12-28,28.43000030517578,28.649999618530273,28.1299991607666,28.6200008392334,28.6200008392334,435300
2023-12-29,28.5,28.649999618530273,27.450000762939453,27.510000228881836,27.510000228881836,592100
2024-01-02,27.110000610351562,28.389999389648438,26.68000030517578,27.399999618530273,27.399999618530273,419300
2024-01-03,26.920000076293945,26.920000076293945,25.8700008392334,25.989999771118164,25.989999771118164,426300
2024-01-04,25.770000457763672,26.1299991607666,25.344999313354492,25.540000915527344,25.540000915527344,539200
2024-01-05,25.329999923706055,25.899999618530273,24.799999237060547,25.729999542236328,25.729999542236328,549700
2024-01-08,26.3799991607666,29.15999984741211,26.059999465942383,29.100000381469727,29.100000381469727,666700
2024-01-09,28.530000686645508,28.770000457763672,28.219999313354492,28.290000915527344,28.290000915527344,674600
2024-01-10,28.079999923706055,28.420000076293945,27.110000610351562,27.40999984741211,27.40999984741211,684500
2024-01-11,27.0,27.30500030517578,26.09000015258789,26.940000534057617,26.940000534057617,706300
2024-01-12,27.309999465942383,27.690000534057617,26.260000228881836,26.520000457763672,26.520000457763672,480800
2024-01-16,26.15999984741211,26.700000762939453,25.950000762939453,26.6200008392334,26.6200008392334,645000
2024-01-17,26.1200008392334,26.299999237060547,25.260000228881836,25.600000381469727,25.600000381469727,515200
2024-01-18,25.899999618530273,25.950000762939453,25.09000015258789,25.549999237060547,25.549999237060547,395000
2024-01-19,25.579999923706055,25.66900062561035,24.899999618530273,25.530000686645508,25.530000686645508,352700
2024-01-22,26.049999237060547,27.280000686645508,26.049999237060547,26.3700008392334,26.3700008392334,497600
2024-01-23,26.959999084472656,26.959999084472656,25.850000381469727,26.469999313354492,26.469999313354492,370600
2024-01-24,26.829999923706055,26.829999923706055,25.850000381469727,25.889999389648438,25.889999389648438,406400
2024-01-25,26.399999618530273,26.760000228881836,25.719999313354492,26.020000457763672,26.020000457763672,369400
2024-01-26,26.280000686645508,27.010000228881836,24.809999465942383,26.280000686645508,26.280000686645508,416100
2024-01-29,26.440000534057617,27.2549991607666,25.905000686645508,27.09000015258789,27.09000015258789,490100
2024-01-30,26.760000228881836,26.829999923706055,25.6299991607666,25.739999771118164,25.739999771118164,532600
2024-01-31,25.469999313354492,26.479999542236328,24.90999984741211,25.020000457763672,25.020000457763672,645500
2024-02-01,25.280000686645508,25.850000381469727,24.809999465942383,25.360000610351562,25.360000610351562,357800
2024-02-02,24.719999313354492,25.110000610351562,24.0,24.829999923706055,24.829999923706055,377900
2024-02-05,24.34000015258789,24.684999465942383,23.959999084472656,24.520000457763672,24.520000457763672,347100
2024-02-06,24.6299991607666,26.47800064086914,24.5,25.450000762939453,25.450000762939453,683000
2024-02-07,25.360000610351562,25.385000228881836,24.290000915527344,24.360000610351562,24.360000610351562,457200
2024-02-08,24.440000534057617,25.1299991607666,24.079999923706055,25.0,25.0,464500
2024-02-09,25.06999969482422,25.6200008392334,24.889999389648438,25.56999969482422,25.56999969482422,325500
2024-02-12,25.469999313354492,26.59000015258789,25.459999084472656,26.520000457763672,26.520000457763672,510200
2024-02-13,24.799999237060547,25.329999923706055,23.799999237060547,24.040000915527344,24.040000915527344,981500
2024-02-14,24.5,25.540000915527344,24.43000030517578,25.530000686645508,25.530000686645508,534600
2024-02-15,25.979999542236328,26.341999053955078,24.899999618530273,25.299999237060547,25.299999237060547,747000
2024-02-16,24.799999237060547,25.219999313354492,24.149999618530273,24.739999771118164,24.739999771118164,748000
2024-02-20,24.010000228881836,25.06999969482422,24.010000228881836,25.030000686645508,25.030000686645508,829400
2024-02-21,24.829999923706055,25.059999465942383,23.93000030517578,24.540000915527344,24.540000915527344,635500
2024-02-22,24.459999084472656,24.68000030517578,23.969999313354492,24.34000015258789,24.34000015258789,615800
2024-02-23,23.799999237060547,24.1200008392334,22.010000228881836,22.18000030517578,22.18000030517578,1022500
2024-02-26,21.8799991607666,23.6299991607666,21.860000610351562,23.559999465942383,23.559999465942383,1179700
2024-02-27,23.719999313354492,23.799999237060547,23.15999984741211,23.6200008392334,23.6200008392334,902000
2024-02-28,23.530000686645508,23.989999771118164,23.489999771118164,23.770000457763672,23.770000457763672,702000
2024-02-29,24.260000228881836,24.360000610351562,23.405000686645508,23.549999237060547,23.549999237060547,719900
2024-03-01,23.459999084472656,24.540000915527344,23.459999084472656,24.0,24.0,673100
2024-03-04,23.989999771118164,24.100000381469727,22.920000076293945,23.530000686645508,23.530000686645508,651000
2024-03-05,23.059999465942383,23.40999984741211,22.59000015258789,22.950000762939453,22.950000762939453,649000
2024-03-06,23.229999542236328,23.229999542236328,22.239999771118164,22.34000015258789,22.34000015258789,654300
2024-03-07,22.549999237060547,23.114999771118164,22.3700008392334,22.75,22.75,590000
2024-03-08,23.149999618530273,23.860000610351562,22.360000610351562,22.719999313354492,22.719999313354492,558600
2024-03-11,22.739999771118164,23.125,22.5,22.65999984741211,22.65999984741211,732000
2024-03-12,22.479999542236328,22.5,22.020000457763672,22.31999969482422,22.31999969482422,695800
2024-03-13,22.1200008392334,22.799999237060547,21.959999084472656,22.06999969482422,22.06999969482422,674200
2024-03-14,22.049999237060547,22.049999237060547,21.110000610351562,21.260000228881836,21.260000228881836,650400
2024-03-15,21.18000030517578,21.69499969482422,21.030000686645508,21.100000381469727,21.100000381469727,2608000
2024-03-18,21.079999923706055,21.649999618530273,20.979999542236328,21.579999923706055,21.579999923706055,962600
2024-03-19,21.479999542236328,21.860000610351562,21.079999923706055,21.670000076293945,21.670000076293945,581900
2024-03-20,21.520000457763672,21.93000030517578,20.990999221801758,21.610000610351562,21.610000610351562,541600
2024-03-21,21.8700008392334,22.309999465942383,21.520000457763672,21.56999969482422,21.56999969482422,618800
2024-03-22,21.540000915527344,21.540000915527344,20.899999618530273,21.09000015258789,21.09000015258789,471900
2024-03-25,21.059999465942383,21.59000015258789,20.950000762939453,21.0,21.0,582900
2024-03-26,21.3799991607666,21.489999771118164,20.635000228881836,21.15999984741211,21.15999984741211,605300
2024-03-27,21.479999542236328,21.739999771118164,21.239999771118164,21.719999313354492,21.719999313354492,538900
2024-03-28,21.700000762939453,22.350000381469727,21.559999465942383,22.15999984741211,22.15999984741211,614300
2024-04-01,22.09000015258789,22.09000015258789,21.450000762939453,21.639999389648438,21.639999389648438,568000
2024-04-02,21.030000686645508,21.1299991607666,20.450000762939453,20.510000228881836,20.510000228881836,685600
2024-04-03,20.229999542236328,20.969999313354492,20.02199935913086,20.6299991607666,20.6299991607666,702100
2024-04-04,20.860000610351562,21.100000381469727,20.139999389648438,20.170000076293945,20.170000076293945,508800
2024-04-05,19.8700008392334,20.354999542236328,19.719999313354492,20.1200008392334,20.1200008392334,480500
2024-04-08,20.360000610351562,20.709999084472656,20.06999969482422,20.690000534057617,20.690000534057617,421400
2024-04-09,20.90999984741211,21.450000762939453,20.690000534057617,21.43000030517578,21.43000030517578,622000
2024-04-10,19.860000610351562,21.030000686645508,19.690000534057617,20.709999084472656,20.709999084472656,658100
2024-04-11,21.010000228881836,21.010000228881836,20.360000610351562,20.729999542236328,20.729999542236328,435000
2024-04-12,20.579999923706055,20.625,20.024999618530273,20.229999542236328,20.229999542236328,563000
2024-04-15,20.18000030517578,20.239999771118164,19.1200008392334,19.3700008392334,19.3700008392334,828900
2024-04-16,19.190000534057617,19.190000534057617,18.729999542236328,18.920000076293945,18.920000076293945,682600
2024-04-17,19.170000076293945,19.34000015258789,18.739999771118164,18.860000610351562,18.860000610351562,656400
2024-04-18,18.75,19.350000381469727,18.610000610351562,19.200000762939453,19.200000762939453,813900
2024-04-19,19.110000610351562,19.540000915527344,19.020000457763672,19.450000762939453,19.450000762939453,1359600
2024-04-22,19.649999618530273,20.170000076293945,19.219999313354492,19.850000381469727,19.850000381469727,645000
2024-04-23,19.8799991607666,20.700000762939453,19.809999465942383,19.829999923706055,19.829999923706055,563800
2024-04-24,19.850000381469727,20.06999969482422,19.65999984741211,19.899999618530273,19.899999618530273,511700
2024-04-25,19.459999084472656,19.799999237060547,19.09000015258789,19.479999542236328,19.479999542236328,654200
2024-04-26,19.549999237060547,19.770000457763672,19.15999984741211,19.309999465942383,19.309999465942383,629700
2024-04-29,19.59000015258789,20.56999969482422,19.579999923706055,20.34000015258789,20.34000015258789,634000
2024-04-30,19.899999618530273,20.209999084472656,19.549999237060547,19.56999969482422,19.56999969482422,647300
2024-05-01,19.56999969482422,20.920000076293945,19.479999542236328,20.1299991607666,20.1299991607666,882100
2024-05-02,20.209999084472656,20.538999557495117,19.709999084472656,20.190000534057617,20.190000534057617,509000
2024-05-03,21.0,21.239999771118164,20.290000915527344,20.350000381469727,20.350000381469727,463800
2024-05-06,20.389999389648438,21.15999984741211,20.389999389648438,20.920000076293945,20.920000076293945,515500
2024-05-07,20.940000534057617,21.15999984741211,20.649999618530273,21.030000686645508,21.030000686645508,752900
2024-05-08,21.68000030517578,21.68000030517578,19.780000686645508,20.1200008392334,20.1200008392334,955100
2024-05-09,20.1200008392334,20.860000610351562,19.844999313354492,20.6299991607666,20.6299991607666,747000
2024-05-10,20.770000457763672,21.510000228881836,20.719999313354492,21.3700008392334,21.3700008392334,1054400
2024-05-13,21.540000915527344,22.959999084472656,21.540000915527344,22.5,22.5,1346300
2024-05-14,22.950000762939453,23.56999969482422,22.770000457763672,23.020000457763672,23.020000457763672,1117900
2024-05-15,23.729999542236328,23.850000381469727,22.8700008392334,23.549999237060547,23.549999237060547,737900
2024-05-16,23.559999465942383,23.895000457763672,23.25,23.399999618530273,23.399999618530273,659200
2024-05-17,23.440000534057617,23.469999313354492,22.850000381469727,22.8799991607666,22.8799991607666,628700
2024-05-20,22.850000381469727,22.850000381469727,22.184999465942383,22.299999237060547,22.299999237060547,562900
2024-05-21,22.239999771118164,22.40999984741211,21.75,21.780000686645508,21.780000686645508,688900
2024-05-22,21.65999984741211,22.030000686645508,21.559999465942383,21.6200008392334,21.6200008392334,635500
2024-05-23,21.6200008392334,21.6200008392334,20.393999099731445,20.84000015258789,20.84000015258789,736400
2024-05-24,21.059999465942383,21.06999969482422,20.709999084472656,20.799999237060547,20.799999237060547,460700
2024-05-28,21.0,21.579999923706055,20.43000030517578,21.450000762939453,21.450000762939453,643100
2024-05-29,20.8799991607666,20.920000076293945,20.452999114990234,20.790000915527344,20.790000915527344,772800
2024-05-30,21.049999237060547,21.420000076293945,20.719999313354492,20.989999771118164,20.989999771118164,609400
2024-05-31,21.100000381469727,21.399999618530273,20.690000534057617,20.75,20.75,771400
2024-06-03,21.309999465942383,21.614999771118164,20.81999969482422,21.149999618530273,21.149999618530273,613200
2024-06-04,21.030000686645508,21.68000030517578,20.889999389648438,21.290000915527344,21.290000915527344,478300
2024-06-05,21.479999542236328,22.170000076293945,21.280000686645508,21.809999465942383,21.809999465942383,573800
2024-06-06,21.549999237060547,21.760000228881836,21.399999618530273,21.40999984741211,21.40999984741211,522800
2024-06-07,20.969999313354492,21.094999313354492,20.559999465942383,20.649999618530273,20.649999618530273,470300
2024-06-10,20.209999084472656,20.899999618530273,19.860000610351562,20.8799991607666,20.8799991607666,769400
2024-06-11,20.59000015258789,21.329999923706055,20.59000015258789,21.290000915527344,21.290000915527344,558600
2024-06-12,22.1200008392334,22.670000076293945,21.68000030517578,22.06999969482422,22.06999969482422,845200
2024-06-13,21.969999313354492,22.139999389648438,21.469999313354492,21.790000915527344,21.790000915527344,641900
2024-06-14,21.280000686645508,21.469999313354492,20.690000534057617,20.969999313354492,20.969999313354492,915900
2024-06-17,20.850000381469727,21.420000076293945,20.520000457763672,21.3799991607666,21.3799991607666,807900
2024-06-18,21.360000610351562,21.43000030517578,20.899999618530273,21.40999984741211,21.40999984741211,579200
2024-06-20,21.219999313354492,21.979999542236328,20.850000381469727,21.760000228881836,21.760000228881836,617800
2024-06-21,21.850000381469727,22.549999237060547,21.809999465942383,22.540000915527344,22.540000915527344,3307700
2024-06-24,22.6299991607666,23.229999542236328,22.6299991607666,22.940000534057617,22.940000534057617,835700
2024-06-25,22.860000610351562,23.09000015258789,22.610000610351562,22.729999542236328,22.729999542236328,669300
2024-06-26,22.549999237060547,22.829999923706055,22.204999923706055,22.5,22.5,660100
2024-06-27,22.65999984741211,22.93000030517578,21.969999313354492,21.989999771118164,21.989999771118164,879100
2024-06-28,22.100000381469727,22.1200008392334,21.1299991607666,21.670000076293945,21.670000076293945,1632000
2024-07-01,21.59000015258789,22.110000610351562,21.174999237060547,21.329999923706055,21.329999923706055,758900
2024-07-02,21.3700008392334,21.729999542236328,21.100000381469727,21.260000228881836,21.260000228881836,656300
2024-07-03,21.459999084472656,21.825000762939453,21.280000686645508,21.469999313354492,21.469999313354492,303100
2024-07-05,21.299999237060547,21.600000381469727,20.959999084472656,21.530000686645508,21.530000686645508,343000
2024-07-08,21.670000076293945,21.920000076293945,21.420000076293945,21.700000762939453,21.700000762939453,864900
2024-07-09,21.6299991607666,21.65999984741211,20.690000534057617,21.270000457763672,21.270000457763672,616700
2024-07-10,21.700000762939453,21.700000762939453,21.18000030517578,21.510000228881836,21.510000228881836,515300
2024-07-11,22.149999618530273,23.010000228881836,22.149999618530273,22.56999969482422,22.56999969482422,701200
2024-07-12,22.979999542236328,23.25,22.399999618530273,22.75,22.75,665400
2024-07-15,22.950000762939453,23.110000610351562,22.559999465942383,22.59000015258789,22.59000015258789,766700
2024-07-16,22.829999923706055,25.739999771118164,22.829999923706055,25.559999465942383,25.559999465942383,1658800
2024-07-17,25.06999969482422,25.799999237060547,25.0,25.280000686645508,25.280000686645508,886600
2024-07-18,24.899999618530273,25.670000076293945,23.510000228881836,23.93000030517578,23.93000030517578,876800
2024-07-19,23.940000534057617,24.059999465942383,23.100000381469727,23.18000030517578,23.18000030517578,744300
2024-07-22,23.389999389648438,23.80500030517578,23.149999618530273,23.469999313354492,23.469999313354492,1731000
2024-07-23,23.489999771118164,24.25,23.469999313354492,23.5,23.5,1173000
2024-07-24,23.25,23.990999221801758,23.059999465942383,23.420000076293945,23.420000076293945,661200
2024-07-25,23.520000457763672,24.229999542236328,23.209999084472656,23.760000228881836,23.760000228881836,719100
2024-07-26,24.309999465942383,24.674999237060547,23.579999923706055,23.719999313354492,23.719999313354492,478800
2024-07-29,23.760000228881836,23.959999084472656,22.770000457763672,23.030000686645508,23.030000686645508,649600
2024-07-30,23.110000610351562,23.80500030517578,23.094999313354492,23.56999969482422,23.56999969482422,573700
2024-07-31,23.68000030517578,24.3700008392334,23.5,24.0,24.0,791000
2024-08-01,24.18000030517578,24.56999969482422,22.469999313354492,22.950000762939453,22.950000762939453,850700
2024-08-02,21.200000762939453,22.149999618530273,21.079999923706055,21.600000381469727,21.600000381469727,1011000
2024-08-05,19.93000030517578,21.59000015258789,19.729999542236328,21.0,21.0,1734100
2024-08-06,21.09000015258789,22.209999084472656,20.729999542236328,21.81999969482422,21.81999969482422,1169000
2024-08-07,26.200000762939453,30.860000610351562,25.2549991607666,27.049999237060547,27.049999237060547,4352600
2024-08-08,27.290000915527344,30.0,27.1200008392334,29.969999313354492,29.969999313354492,1613300
2024-08-09,29.989999771118164,30.19499969482422,29.219999313354492,29.270000457763672,29.270000457763672,1911000
2024-08-12,29.84000015258789,30.059999465942383,28.530000686645508,29.920000076293945,29.920000076293945,1626400
2024-08-13,30.440000534057617,32.86000061035156,30.200000762939453,32.54999923706055,32.54999923706055,1741000
2024-08-14,32.54999923706055,32.720001220703125,31.030000686645508,31.190000534057617,31.190000534057617,1115800
2024-08-15,32.279998779296875,33.060001373291016,31.799999237060547,32.65999984741211,32.65999984741211,865800
2024-08-16,32.540000915527344,33.33000183105469,32.23500061035156,32.849998474121094,32.849998474121094,822200
2024-08-19,32.36000061035156,32.790000915527344,32.10499954223633,32.34000015258789,32.34000015258789,807400
2024-08-20,32.290000915527344,32.349998474121094,31.56999969482422,31.690000534057617,31.690000534057617,719500
2024-08-21,31.84000015258789,32.18000030517578,31.25,31.6299991607666,31.6299991607666,539400
2024-08-22,31.65999984741211,31.760000228881836,30.969999313354492,31.059999465942383,31.059999465942383,450000
2024-08-23,31.270000457763672,32.41999816894531,31.010000228881836,32.0,32.0,754200
