Date,Open,High,Low,Close,Adj Close,Volume
2013-11-22,295.0,304.79998779296875,271.29998779296875,286.6000061035156,286.6000061035156,1192620
2013-11-25,284.79998779296875,284.8999938964844,275.0,277.5,277.5,91520
2013-11-26,273.6000061035156,291.20001220703125,273.6000061035156,290.0,290.0,63600
2013-11-27,294.0,301.70001220703125,290.0,297.0,297.0,52170
2013-11-29,300.0,300.0,292.5,292.70001220703125,292.70001220703125,21520
2013-12-02,294.0,296.5,287.1000061035156,291.79998779296875,291.79998779296875,52170
2013-12-03,292.5,296.79998779296875,288.3999938964844,293.3999938964844,293.3999938964844,41400
2013-12-04,293.1000061035156,296.8999938964844,291.0,291.5,291.5,27850
2013-12-05,292.5,296.5,292.29998779296875,293.79998779296875,293.79998779296875,29110
2013-12-06,290.79998779296875,297.5,288.8999938964844,291.0,291.0,40890
2013-12-09,292.5,308.1000061035156,292.0,304.20001220703125,304.20001220703125,76700
2013-12-10,301.0,316.0,300.1000061035156,309.79998779296875,309.79998779296875,44510
2013-12-11,311.5,321.6000061035156,310.1000061035156,315.5,315.5,48540
2013-12-12,319.0,321.8999938964844,310.3999938964844,311.6000061035156,311.6000061035156,33920
2013-12-13,309.79998779296875,320.0,309.79998779296875,318.3999938964844,318.3999938964844,21070
2013-12-16,327.6000061035156,327.6000061035156,314.6000061035156,316.70001220703125,316.70001220703125,33560
2013-12-17,311.5,313.70001220703125,300.6000061035156,308.0,308.0,48770
2013-12-18,310.0,315.0,302.6000061035156,304.3999938964844,304.3999938964844,20860
2013-12-19,303.3999938964844,312.20001220703125,296.70001220703125,300.0,300.0,33510
2013-12-20,300.0,305.3999938964844,295.1000061035156,305.3999938964844,305.3999938964844,169050
2013-12-23,304.0,309.79998779296875,287.6000061035156,299.79998779296875,299.79998779296875,22430
2013-12-24,299.29998779296875,299.29998779296875,289.5,293.20001220703125,293.20001220703125,11000
2013-12-26,293.5,294.8999938964844,290.70001220703125,293.70001220703125,293.70001220703125,12220
2013-12-27,293.20001220703125,296.5,290.70001220703125,294.0,294.0,15670
2013-12-30,293.3999938964844,304.8999938964844,291.6000061035156,301.70001220703125,301.70001220703125,17920
2013-12-31,301.20001220703125,307.0,299.0,306.70001220703125,306.70001220703125,31970
2014-01-02,306.29998779296875,307.70001220703125,295.70001220703125,299.5,299.5,26660
2014-01-03,300.0,300.0,289.20001220703125,293.20001220703125,293.20001220703125,35510
2014-01-06,295.20001220703125,295.70001220703125,277.20001220703125,279.5,279.5,79160
2014-01-07,279.6000061035156,281.29998779296875,268.79998779296875,272.1000061035156,272.1000061035156,40520
2014-01-08,270.70001220703125,272.5,267.70001220703125,270.3999938964844,270.3999938964844,37680
2014-01-09,270.3999938964844,270.5,258.0,258.8999938964844,258.8999938964844,31110
2014-01-10,256.8999938964844,266.5,252.8000030517578,266.1000061035156,266.1000061035156,24700
2014-01-13,264.70001220703125,264.70001220703125,255.5,257.6000061035156,257.6000061035156,47450
2014-01-14,258.3999938964844,268.70001220703125,257.20001220703125,262.1000061035156,262.1000061035156,23180
2014-01-15,262.0,262.79998779296875,228.39999389648438,254.39999389648438,254.39999389648438,29990
2014-01-16,255.0,255.0,240.3000030517578,242.39999389648438,242.39999389648438,41620
2014-01-17,244.0,259.70001220703125,243.5,248.6999969482422,248.6999969482422,52280
2014-01-21,248.89999389648438,248.89999389648438,237.39999389648438,239.60000610351562,239.60000610351562,58740
2014-01-22,239.1999969482422,244.1999969482422,238.8000030517578,242.5,242.5,47400
2014-01-23,242.0,249.89999389648438,242.0,244.1999969482422,244.1999969482422,39900
2014-01-24,243.0,247.1999969482422,239.60000610351562,240.3000030517578,240.3000030517578,35670
2014-01-27,240.0,242.6999969482422,238.0,241.39999389648438,241.39999389648438,17590
2014-01-28,241.60000610351562,247.0,241.60000610351562,243.0,243.0,11610
2014-01-29,239.6999969482422,242.60000610351562,235.3000030517578,235.60000610351562,235.60000610351562,20670
2014-01-30,236.89999389648438,239.0,230.39999389648438,237.10000610351562,237.10000610351562,21000
2014-01-31,233.10000610351562,235.5,232.5,233.60000610351562,233.60000610351562,11100
2014-02-03,234.0,238.5,225.3000030517578,235.89999389648438,235.89999389648438,28020
2014-02-04,240.0,243.3000030517578,231.39999389648438,232.1999969482422,232.1999969482422,35360
2014-02-05,231.60000610351562,236.39999389648438,230.0,234.5,234.5,15710
2014-02-06,236.0,241.3000030517578,230.89999389648438,231.8000030517578,231.8000030517578,20120
2014-02-07,233.10000610351562,236.60000610351562,232.8000030517578,234.5,234.5,14200
2014-02-10,233.89999389648438,239.1999969482422,233.10000610351562,234.60000610351562,234.60000610351562,15530
2014-02-11,233.1999969482422,243.39999389648438,233.10000610351562,240.6999969482422,240.6999969482422,18140
2014-02-12,242.8000030517578,257.3999938964844,242.60000610351562,250.0,250.0,18300
2014-02-13,247.39999389648438,262.70001220703125,247.1999969482422,259.20001220703125,259.20001220703125,17030
2014-02-14,259.6000061035156,261.8999938964844,252.6999969482422,253.60000610351562,253.60000610351562,8600
2014-02-18,254.3000030517578,261.0,254.3000030517578,258.3999938964844,258.3999938964844,10150
2014-02-19,258.0,260.29998779296875,254.5,254.6999969482422,254.6999969482422,12760
2014-02-20,255.8000030517578,266.6000061035156,253.8000030517578,261.29998779296875,261.29998779296875,10510
2014-02-21,261.5,264.70001220703125,257.79998779296875,259.20001220703125,259.20001220703125,11230
2014-02-24,258.8999938964844,264.5,258.8999938964844,260.70001220703125,260.70001220703125,18720
2014-02-25,261.5,269.70001220703125,260.1000061035156,265.0,265.0,15450
2014-02-26,266.29998779296875,278.79998779296875,265.70001220703125,275.1000061035156,275.1000061035156,26270
2014-02-27,275.1000061035156,277.5,269.8999938964844,273.5,273.5,18360
2014-02-28,274.3999938964844,276.5,268.79998779296875,270.0,270.0,13530
2014-03-03,267.8999938964844,270.3999938964844,256.6000061035156,262.8999938964844,262.8999938964844,11990
2014-03-04,263.6000061035156,268.3999938964844,262.0,266.6000061035156,266.6000061035156,12180
2014-03-05,267.1000061035156,269.79998779296875,263.8999938964844,269.20001220703125,269.20001220703125,8570
2014-03-06,268.8999938964844,271.5,246.8000030517578,260.79998779296875,260.79998779296875,45310
2014-03-07,262.3999938964844,270.0,257.20001220703125,264.8999938964844,264.8999938964844,28300
2014-03-10,264.1000061035156,268.29998779296875,260.0,266.70001220703125,266.70001220703125,14660
2014-03-11,266.70001220703125,273.5,265.0,269.79998779296875,269.79998779296875,16060
2014-03-12,269.20001220703125,274.3999938964844,268.20001220703125,273.5,273.5,7950
2014-03-13,275.0,275.0,271.0,272.20001220703125,272.20001220703125,13310
2014-03-14,271.5,275.0,270.3999938964844,270.5,270.5,11740
2014-03-17,271.0,274.0,271.0,273.29998779296875,273.29998779296875,17170
2014-03-18,270.5,274.5,270.0,272.6000061035156,272.6000061035156,12820
2014-03-19,272.8999938964844,274.5,271.3999938964844,272.6000061035156,272.6000061035156,17190
2014-03-20,271.3999938964844,272.29998779296875,261.5,266.29998779296875,266.29998779296875,26480
2014-03-21,268.29998779296875,268.5,247.39999389648438,248.1999969482422,248.1999969482422,67140
2014-03-24,248.3000030517578,248.60000610351562,240.10000610351562,247.0,247.0,28560
2014-03-25,249.10000610351562,250.1999969482422,232.5,243.10000610351562,243.10000610351562,39350
2014-03-26,244.60000610351562,246.3000030517578,232.6999969482422,233.8000030517578,233.8000030517578,25040
2014-03-27,234.5,242.60000610351562,232.5,237.60000610351562,237.60000610351562,75840
2014-03-28,239.5,257.0,238.5,256.8999938964844,256.8999938964844,120980
2014-03-31,258.0,263.8999938964844,253.3000030517578,263.6000061035156,263.6000061035156,18520
2014-04-01,264.79998779296875,273.1000061035156,261.6000061035156,270.20001220703125,270.20001220703125,18620
2014-04-02,270.20001220703125,270.20001220703125,261.8999938964844,262.79998779296875,262.79998779296875,6610
2014-04-03,263.0,263.0,254.39999389648438,256.0,256.0,12090
2014-04-04,256.5,261.20001220703125,248.39999389648438,254.89999389648438,254.89999389648438,27340
2014-04-07,254.39999389648438,259.70001220703125,250.1999969482422,252.3000030517578,252.3000030517578,12560
2014-04-08,252.6999969482422,255.39999389648438,242.60000610351562,250.5,250.5,27280
2014-04-09,248.1999969482422,254.89999389648438,248.1999969482422,253.10000610351562,253.10000610351562,11510
2014-04-10,253.10000610351562,255.3000030517578,246.0,249.6999969482422,249.6999969482422,18600
2014-04-11,248.10000610351562,249.89999389648438,241.60000610351562,246.10000610351562,246.10000610351562,14470
2014-04-14,248.8000030517578,251.89999389648438,245.0,247.1999969482422,247.1999969482422,9230
2014-04-15,248.5,256.20001220703125,247.60000610351562,253.8000030517578,253.8000030517578,13330
2014-04-16,256.6000061035156,257.29998779296875,251.60000610351562,252.8000030517578,252.8000030517578,6920
2014-04-17,254.0,263.3999938964844,254.0,261.0,261.0,17680
2014-04-21,260.79998779296875,263.70001220703125,260.0,263.29998779296875,263.29998779296875,6290
2014-04-22,264.5,279.79998779296875,264.5,273.6000061035156,273.6000061035156,16420
2014-04-23,274.29998779296875,274.29998779296875,268.20001220703125,269.0,269.0,9280
2014-04-24,270.70001220703125,275.3999938964844,261.5,269.8999938964844,269.8999938964844,7490
2014-04-25,269.6000061035156,270.0,260.70001220703125,265.6000061035156,265.6000061035156,14860
2014-04-28,267.5,272.5,257.79998779296875,265.70001220703125,265.70001220703125,14070
2014-04-29,270.0,280.0,268.0,278.70001220703125,278.70001220703125,22820
2014-04-30,277.29998779296875,278.0,268.3999938964844,275.1000061035156,275.1000061035156,12640
2014-05-01,274.70001220703125,274.70001220703125,266.8999938964844,268.8999938964844,268.8999938964844,24610
2014-05-02,270.0,275.0,267.29998779296875,273.70001220703125,273.70001220703125,6380
2014-05-05,270.79998779296875,274.20001220703125,266.70001220703125,268.3999938964844,268.3999938964844,7340
2014-05-06,266.79998779296875,271.1000061035156,264.29998779296875,266.0,266.0,13170
2014-05-07,265.0,265.0,254.10000610351562,261.5,261.5,15210
2014-05-08,261.3999938964844,267.29998779296875,255.39999389648438,257.70001220703125,257.70001220703125,15950
2014-05-09,256.8999938964844,262.79998779296875,253.6999969482422,262.3999938964844,262.3999938964844,12110
2014-05-12,262.3999938964844,273.0,260.20001220703125,266.8999938964844,266.8999938964844,51650
2014-05-13,266.5,269.70001220703125,262.3999938964844,267.1000061035156,267.1000061035156,7990
2014-05-14,266.70001220703125,268.20001220703125,264.20001220703125,266.20001220703125,266.20001220703125,10750
2014-05-15,264.3999938964844,265.29998779296875,260.1000061035156,261.1000061035156,261.1000061035156,9870
2014-05-16,260.79998779296875,261.29998779296875,252.5,260.3999938964844,260.3999938964844,12180
2014-05-19,260.3999938964844,262.3999938964844,255.3000030517578,259.8999938964844,259.8999938964844,11650
2014-05-20,257.6000061035156,259.70001220703125,244.60000610351562,246.1999969482422,246.1999969482422,25810
2014-05-21,247.5,251.8000030517578,241.89999389648438,245.10000610351562,245.10000610351562,17260
2014-05-22,246.6999969482422,253.3000030517578,246.1999969482422,252.60000610351562,252.60000610351562,10390
2014-05-23,253.3000030517578,259.79998779296875,250.8000030517578,258.79998779296875,258.79998779296875,5360
2014-05-27,259.29998779296875,273.8999938964844,259.29998779296875,270.29998779296875,270.29998779296875,15400
2014-05-28,276.5,289.29998779296875,276.5,281.29998779296875,281.29998779296875,45370
2014-05-29,281.1000061035156,286.1000061035156,278.1000061035156,283.0,283.0,14330
2014-05-30,284.29998779296875,285.0,272.3999938964844,277.8999938964844,277.8999938964844,29910
2014-06-02,277.0,281.70001220703125,270.20001220703125,277.1000061035156,277.1000061035156,9480
2014-06-03,275.79998779296875,280.5,267.70001220703125,276.20001220703125,276.20001220703125,18540
2014-06-04,273.8999938964844,283.5,273.29998779296875,277.29998779296875,277.29998779296875,21880
2014-06-05,289.5,332.79998779296875,286.1000061035156,331.29998779296875,331.29998779296875,125050
2014-06-06,339.5,353.20001220703125,326.8999938964844,329.20001220703125,329.20001220703125,90370
2014-06-09,330.0,353.0,328.8999938964844,340.3999938964844,340.3999938964844,50490
2014-06-10,340.6000061035156,351.70001220703125,340.6000061035156,350.5,350.5,47580
2014-06-11,347.79998779296875,351.70001220703125,343.70001220703125,351.29998779296875,351.29998779296875,30560
2014-06-12,351.5,352.3999938964844,342.79998779296875,346.79998779296875,346.79998779296875,32900
2014-06-13,349.1000061035156,350.5,343.0,349.5,349.5,25720
2014-06-16,348.3999938964844,359.70001220703125,342.70001220703125,349.3999938964844,349.3999938964844,48080
2014-06-17,348.70001220703125,361.0,344.5,355.79998779296875,355.79998779296875,26150
2014-06-18,356.5,368.0,348.29998779296875,366.0,366.0,27320
2014-06-19,367.79998779296875,380.0,366.70001220703125,378.20001220703125,378.20001220703125,35240
2014-06-20,378.70001220703125,380.0,373.8999938964844,376.5,376.5,26180
2014-06-23,377.8999938964844,377.8999938964844,367.6000061035156,376.8999938964844,376.8999938964844,23790
2014-06-24,373.0,377.0,362.3999938964844,365.5,365.5,53490
2014-06-25,364.20001220703125,364.6000061035156,347.8999938964844,354.70001220703125,354.70001220703125,44740
2014-06-26,349.79998779296875,356.5,347.6000061035156,350.0,350.0,270330
2014-06-27,349.5,356.0,348.29998779296875,355.3999938964844,355.3999938964844,47330
2014-06-30,355.70001220703125,368.70001220703125,355.5,366.20001220703125,366.20001220703125,50380
2014-07-01,366.29998779296875,369.1000061035156,362.5,365.0,365.0,35370
2014-07-02,363.0,365.8999938964844,357.29998779296875,364.0,364.0,18930
2014-07-03,366.0,374.29998779296875,366.0,366.8999938964844,366.8999938964844,26440
2014-07-07,366.1000061035156,366.1000061035156,350.0,352.0,352.0,25160
2014-07-08,351.79998779296875,353.1000061035156,345.70001220703125,347.3999938964844,347.3999938964844,24330
2014-07-09,347.29998779296875,356.5,337.79998779296875,356.20001220703125,356.20001220703125,27200
2014-07-10,345.0,351.5,341.5,347.6000061035156,347.6000061035156,22630
2014-07-11,347.5,349.70001220703125,331.0,337.5,337.5,37000
2014-07-14,341.29998779296875,348.70001220703125,337.5,346.0,346.0,19180
2014-07-15,345.70001220703125,348.0,331.8999938964844,336.79998779296875,336.79998779296875,33580
2014-07-16,338.29998779296875,340.1000061035156,331.8999938964844,338.79998779296875,338.79998779296875,23270
2014-07-17,336.20001220703125,344.5,333.29998779296875,335.20001220703125,335.20001220703125,19260
2014-07-18,336.3999938964844,345.5,334.6000061035156,345.1000061035156,345.1000061035156,15190
2014-07-21,342.6000061035156,345.3999938964844,335.6000061035156,344.0,344.0,19220
2014-07-22,344.79998779296875,347.6000061035156,341.70001220703125,346.5,346.5,15920
2014-07-23,346.5,348.0,343.3999938964844,345.6000061035156,345.6000061035156,11300
2014-07-24,347.5,348.29998779296875,342.20001220703125,342.8999938964844,342.8999938964844,15650
2014-07-25,338.8999938964844,341.3999938964844,331.5,336.0,336.0,23240
2014-07-28,337.5,337.5,330.0,332.70001220703125,332.70001220703125,13740
2014-07-29,332.8999938964844,333.5,330.0,330.6000061035156,330.6000061035156,13600
2014-07-30,333.1000061035156,339.29998779296875,329.0,338.20001220703125,338.20001220703125,17750
2014-07-31,333.8999938964844,339.0,332.8999938964844,337.8999938964844,337.8999938964844,19620
2014-08-01,338.1000061035156,343.0,325.0,331.6000061035156,331.6000061035156,37920
2014-08-04,332.1000061035156,344.70001220703125,330.0,340.8999938964844,340.8999938964844,31720
2014-08-05,337.3999938964844,354.6000061035156,333.70001220703125,350.0,350.0,23960
2014-08-06,346.8999938964844,352.8999938964844,337.1000061035156,350.8999938964844,350.8999938964844,18890
2014-08-07,351.79998779296875,355.0,342.70001220703125,344.5,344.5,12110
2014-08-08,345.5,348.0,339.79998779296875,347.3999938964844,347.3999938964844,7730
2014-08-11,348.20001220703125,364.70001220703125,346.1000061035156,358.79998779296875,358.79998779296875,22950
2014-08-12,358.0,361.3999938964844,341.6000061035156,347.1000061035156,347.1000061035156,27210
2014-08-13,349.70001220703125,350.6000061035156,330.6000061035156,330.79998779296875,330.79998779296875,28930
2014-08-14,332.70001220703125,334.70001220703125,323.8999938964844,329.3999938964844,329.3999938964844,26080
2014-08-15,332.8999938964844,333.79998779296875,321.8999938964844,325.70001220703125,325.70001220703125,14170
2014-08-18,328.5,339.8999938964844,327.79998779296875,331.8999938964844,331.8999938964844,13420
2014-08-19,333.70001220703125,340.5,332.5,340.29998779296875,340.29998779296875,9400
2014-08-20,339.8999938964844,342.29998779296875,337.1000061035156,342.1000061035156,342.1000061035156,10760
2014-08-21,342.0,344.0,337.29998779296875,343.20001220703125,343.20001220703125,9610
2014-08-22,343.70001220703125,347.79998779296875,338.1000061035156,340.20001220703125,340.20001220703125,15320
2014-08-25,341.3999938964844,345.6000061035156,341.0,344.70001220703125,344.70001220703125,7850
2014-08-26,346.0,380.1000061035156,343.29998779296875,373.20001220703125,373.20001220703125,41370
2014-08-27,375.8999938964844,381.0,354.8999938964844,357.0,357.0,23310
2014-08-28,355.1000061035156,365.70001220703125,354.70001220703125,364.29998779296875,364.29998779296875,21240
2014-08-29,363.5,373.20001220703125,358.3999938964844,363.0,363.0,14660
2014-09-02,366.0,390.79998779296875,363.70001220703125,387.3999938964844,387.3999938964844,58040
2014-09-03,368.0,370.0,336.6000061035156,342.70001220703125,342.70001220703125,142540
2014-09-04,348.1000061035156,364.20001220703125,345.0,355.29998779296875,355.29998779296875,48020
2014-09-05,355.0,355.0,338.8999938964844,341.8999938964844,341.8999938964844,29030
2014-09-08,341.70001220703125,344.3999938964844,338.79998779296875,343.8999938964844,343.8999938964844,18140
2014-09-09,342.8999938964844,343.5,337.20001220703125,340.5,340.5,22230
2014-09-10,337.3999938964844,344.6000061035156,337.3999938964844,344.0,344.0,10260
2014-09-11,341.8999938964844,344.5,335.20001220703125,342.1000061035156,342.1000061035156,28380
2014-09-12,342.3999938964844,343.3999938964844,338.0,338.5,338.5,17900
2014-09-15,338.0,338.3999938964844,330.5,332.5,332.5,13300
2014-09-16,332.5,335.5,326.0,333.5,333.5,26400
2014-09-17,333.3999938964844,336.0,330.3999938964844,332.6000061035156,332.6000061035156,8510
2014-09-18,335.0,345.3999938964844,335.0,339.5,339.5,23710
2014-09-19,340.5,340.5,326.6000061035156,329.29998779296875,329.29998779296875,26020
2014-09-22,327.1000061035156,327.1000061035156,311.20001220703125,319.0,319.0,29590
2014-09-23,316.29998779296875,324.3999938964844,314.8999938964844,319.29998779296875,319.29998779296875,16730
2014-09-24,319.29998779296875,319.3999938964844,308.8999938964844,313.79998779296875,313.79998779296875,35990
2014-09-25,314.0,314.79998779296875,307.20001220703125,307.79998779296875,307.79998779296875,10180
2014-09-26,308.1000061035156,313.20001220703125,305.20001220703125,306.29998779296875,306.29998779296875,12490
2014-09-29,302.20001220703125,313.70001220703125,302.20001220703125,311.8999938964844,311.8999938964844,10450
2014-09-30,311.8999938964844,312.29998779296875,301.1000061035156,302.6000061035156,302.6000061035156,18510
2014-10-01,303.20001220703125,309.5,296.70001220703125,307.70001220703125,307.70001220703125,21510
2014-10-02,308.3999938964844,320.0,303.79998779296875,313.0,313.0,19870
2014-10-03,318.0,324.1000061035156,313.20001220703125,319.29998779296875,319.29998779296875,18160
2014-10-06,320.0,322.1000061035156,314.70001220703125,317.5,317.5,17610
2014-10-07,314.70001220703125,317.29998779296875,310.0,312.70001220703125,312.70001220703125,19690
2014-10-08,312.8999938964844,331.3999938964844,312.6000061035156,330.8999938964844,330.8999938964844,17630
2014-10-09,331.6000061035156,331.6000061035156,316.20001220703125,317.5,317.5,26630
2014-10-10,315.29998779296875,319.3999938964844,306.20001220703125,307.3999938964844,307.3999938964844,15400
2014-10-13,309.3999938964844,314.79998779296875,300.70001220703125,309.1000061035156,309.1000061035156,24470
2014-10-14,313.5,322.70001220703125,311.6000061035156,320.5,320.5,21080
2014-10-15,314.8999938964844,333.0,310.0,330.0,330.0,51240
2014-10-16,323.1000061035156,334.29998779296875,322.29998779296875,332.79998779296875,332.79998779296875,30570
2014-10-17,334.8999938964844,334.8999938964844,318.8999938964844,320.0,320.0,27670
2014-10-20,316.79998779296875,325.79998779296875,316.79998779296875,325.20001220703125,325.20001220703125,13660
2014-10-21,327.29998779296875,350.8999938964844,326.0,341.3999938964844,341.3999938964844,28420
2014-10-22,343.79998779296875,346.20001220703125,334.0,335.20001220703125,335.20001220703125,47470
2014-10-23,339.70001220703125,339.8999938964844,329.1000061035156,330.29998779296875,330.29998779296875,14360
2014-10-24,329.20001220703125,335.5,328.20001220703125,335.1000061035156,335.1000061035156,12130
2014-10-27,332.6000061035156,335.1000061035156,327.0,327.70001220703125,327.70001220703125,29730
2014-10-28,329.29998779296875,334.6000061035156,327.6000061035156,329.8999938964844,329.8999938964844,32080
2014-10-29,330.0,340.20001220703125,329.29998779296875,338.3999938964844,338.3999938964844,14100
2014-10-30,335.8999938964844,346.29998779296875,334.8999938964844,343.79998779296875,343.79998779296875,21320
2014-10-31,349.5,360.0,346.5,350.5,350.5,17710
2014-11-03,352.1000061035156,352.1000061035156,343.0,345.79998779296875,345.79998779296875,17060
2014-11-04,345.20001220703125,346.3999938964844,337.5,338.70001220703125,338.70001220703125,17160
2014-11-05,341.5,346.70001220703125,333.0,341.29998779296875,341.29998779296875,16400
2014-11-06,340.1000061035156,357.3999938964844,337.5,346.5,346.5,38070
2014-11-07,347.8999938964844,350.0,345.5,347.5,347.5,22750
2014-11-10,347.0,357.0,345.20001220703125,352.0,352.0,13940
2014-11-11,353.8999938964844,353.8999938964844,345.6000061035156,349.6000061035156,349.6000061035156,8950
2014-11-12,347.29998779296875,352.20001220703125,346.20001220703125,349.1000061035156,349.1000061035156,25400
2014-11-13,347.5,352.0,342.1000061035156,346.3999938964844,346.3999938964844,25930
2014-11-14,348.79998779296875,351.70001220703125,345.0,348.0,348.0,21620
2014-11-17,348.3999938964844,350.70001220703125,341.0,341.70001220703125,341.70001220703125,14250
2014-11-18,342.8999938964844,343.20001220703125,330.70001220703125,330.79998779296875,330.79998779296875,21280
2014-11-19,330.8999938964844,332.20001220703125,325.0,329.6000061035156,329.6000061035156,39850
2014-11-20,326.3999938964844,343.3999938964844,326.3999938964844,343.29998779296875,343.29998779296875,38190
2014-11-21,348.8999938964844,350.3999938964844,335.20001220703125,339.5,339.5,14940
2014-11-24,340.79998779296875,356.20001220703125,339.8999938964844,355.8999938964844,355.8999938964844,31700
2014-11-25,357.3999938964844,359.70001220703125,349.29998779296875,349.8999938964844,349.8999938964844,15900
2014-11-26,351.3999938964844,365.0,351.3999938964844,362.8999938964844,362.8999938964844,45080
2014-11-28,360.0,374.20001220703125,358.20001220703125,371.29998779296875,371.29998779296875,18680
2014-12-01,376.6000061035156,376.79998779296875,360.5,365.20001220703125,365.20001220703125,63550
2014-12-02,341.70001220703125,341.70001220703125,287.8999938964844,294.79998779296875,294.79998779296875,408760
2014-12-03,295.8999938964844,311.79998779296875,295.20001220703125,299.79998779296875,299.79998779296875,108840
2014-12-04,298.6000061035156,300.79998779296875,295.70001220703125,297.29998779296875,297.29998779296875,38560
2014-12-05,297.20001220703125,297.20001220703125,266.5,280.8999938964844,280.8999938964844,92060
2014-12-08,281.3999938964844,287.29998779296875,277.29998779296875,280.20001220703125,280.20001220703125,39710
2014-12-09,276.70001220703125,285.0,274.1000061035156,284.79998779296875,284.79998779296875,17590
2014-12-10,284.0,284.0,271.8999938964844,275.29998779296875,275.29998779296875,31700
2014-12-11,277.3999938964844,285.1000061035156,272.8999938964844,273.5,273.5,16860
2014-12-12,269.70001220703125,273.70001220703125,267.1000061035156,271.79998779296875,271.79998779296875,20680
2014-12-15,274.3999938964844,276.3999938964844,271.0,274.6000061035156,274.6000061035156,31120
2014-12-16,273.1000061035156,274.5,267.20001220703125,267.70001220703125,267.70001220703125,38900
2014-12-17,269.1000061035156,285.6000061035156,269.1000061035156,284.1000061035156,284.1000061035156,26450
2014-12-18,288.3999938964844,290.70001220703125,284.1000061035156,290.3999938964844,290.3999938964844,26780
2014-12-19,290.79998779296875,291.3999938964844,285.6000061035156,288.3999938964844,288.3999938964844,23220
2014-12-22,290.1000061035156,293.70001220703125,280.8999938964844,281.79998779296875,281.79998779296875,17520
2014-12-23,283.29998779296875,285.20001220703125,274.79998779296875,281.5,281.5,26050
2014-12-24,280.0,284.8999938964844,274.29998779296875,274.8999938964844,274.8999938964844,11460
2014-12-26,274.3999938964844,275.0,267.5,273.0,273.0,26520
2014-12-29,270.5,275.29998779296875,264.5,266.20001220703125,266.20001220703125,35210
2014-12-30,264.6000061035156,265.0,252.89999389648438,261.20001220703125,261.20001220703125,51430
2014-12-31,260.20001220703125,264.29998779296875,260.20001220703125,261.3999938964844,261.3999938964844,44790
2015-01-02,261.20001220703125,263.79998779296875,255.6999969482422,259.3999938964844,259.3999938964844,47530
2015-01-05,251.3000030517578,255.5,240.60000610351562,242.60000610351562,242.60000610351562,122060
2015-01-06,243.5,243.5,220.6999969482422,227.60000610351562,227.60000610351562,85540
2015-01-07,229.89999389648438,238.89999389648438,227.39999389648438,238.0,238.0,89610
2015-01-08,241.0,241.5,234.39999389648438,235.89999389648438,235.89999389648438,64350
2015-01-09,239.0,250.0,237.0,243.0,243.0,101120
2015-01-12,242.6999969482422,251.10000610351562,239.6999969482422,250.6999969482422,250.6999969482422,57960
2015-01-13,252.5,255.0,244.8000030517578,249.8000030517578,249.8000030517578,38910
2015-01-14,246.0,255.89999389648438,243.39999389648438,247.8000030517578,247.8000030517578,31310
2015-01-15,247.89999389648438,251.6999969482422,230.60000610351562,232.89999389648438,232.89999389648438,21690
2015-01-16,232.0,241.0,230.3000030517578,232.10000610351562,232.10000610351562,42940
2015-01-20,232.6999969482422,234.3000030517578,226.60000610351562,227.3000030517578,227.3000030517578,26030
2015-01-21,226.3000030517578,232.10000610351562,224.60000610351562,229.8000030517578,229.8000030517578,12570
2015-01-22,231.8000030517578,232.0,229.10000610351562,231.89999389648438,231.89999389648438,20880
2015-01-23,232.60000610351562,234.6999969482422,229.5,230.8000030517578,230.8000030517578,13380
2015-01-26,230.3000030517578,240.10000610351562,227.5,236.89999389648438,236.89999389648438,104490
2015-01-27,232.6999969482422,237.8000030517578,230.1999969482422,237.0,237.0,19060
2015-01-28,238.39999389648438,239.1999969482422,232.60000610351562,233.3000030517578,233.3000030517578,28110
2015-01-29,234.10000610351562,239.1999969482422,234.10000610351562,236.5,236.5,17890
2015-01-30,233.89999389648438,236.6999969482422,230.60000610351562,234.5,234.5,24770
2015-02-02,235.8000030517578,237.60000610351562,230.0,235.6999969482422,235.6999969482422,12830
2015-02-03,237.60000610351562,245.6999969482422,236.60000610351562,245.60000610351562,245.60000610351562,21080
2015-02-04,242.89999389648438,246.0,231.8000030517578,237.0,237.0,36080
2015-02-05,237.8000030517578,246.39999389648438,237.39999389648438,246.10000610351562,246.10000610351562,15820
2015-02-06,246.5,253.0,244.39999389648438,250.60000610351562,250.60000610351562,41150
2015-02-09,249.39999389648438,250.10000610351562,243.10000610351562,247.6999969482422,247.6999969482422,19560
2015-02-10,247.10000610351562,250.5,245.89999389648438,248.0,248.0,49490
2015-02-11,247.60000610351562,250.60000610351562,243.60000610351562,245.89999389648438,245.89999389648438,10190
2015-02-12,247.5,248.39999389648438,244.10000610351562,244.60000610351562,244.60000610351562,15650
2015-02-13,244.5,249.0,243.6999969482422,246.8000030517578,246.8000030517578,52900
2015-02-17,244.0,244.5,238.5,241.89999389648438,241.89999389648438,35250
2015-02-18,242.1999969482422,242.1999969482422,237.6999969482422,240.39999389648438,240.39999389648438,18240
2015-02-19,239.39999389648438,241.6999969482422,235.0,235.39999389648438,235.39999389648438,29100
2015-02-20,233.0,240.60000610351562,233.0,239.0,239.0,21790
2015-02-23,238.60000610351562,238.6999969482422,229.0,230.8000030517578,230.8000030517578,30460
2015-02-24,231.0,235.60000610351562,230.10000610351562,230.8000030517578,230.8000030517578,19730
2015-02-25,230.6999969482422,233.60000610351562,229.6999969482422,230.8000030517578,230.8000030517578,18450
2015-02-26,230.8000030517578,233.3000030517578,228.89999389648438,229.39999389648438,229.39999389648438,39850
2015-02-27,229.1999969482422,230.10000610351562,226.5,227.3000030517578,227.3000030517578,20940
2015-03-02,227.3000030517578,229.6999969482422,225.0,227.0,227.0,43970
2015-03-03,225.8000030517578,227.5,221.6999969482422,223.39999389648438,223.39999389648438,29990
2015-03-04,223.0,224.5,220.89999389648438,221.60000610351562,221.60000610351562,21480
2015-03-05,221.8000030517578,223.3000030517578,218.6999969482422,219.39999389648438,219.39999389648438,21520
2015-03-06,217.10000610351562,223.1999969482422,215.5,218.8000030517578,218.8000030517578,20630
2015-03-09,219.8000030517578,220.89999389648438,211.0,213.0,213.0,33000
2015-03-10,211.10000610351562,215.39999389648438,209.5,211.5,211.5,16130
2015-03-11,212.10000610351562,214.1999969482422,208.39999389648438,208.89999389648438,208.89999389648438,24740
2015-03-12,211.0,211.3000030517578,207.8000030517578,209.60000610351562,209.60000610351562,22260
2015-03-13,208.89999389648438,210.8000030517578,206.10000610351562,207.39999389648438,207.39999389648438,62270
2015-03-16,208.89999389648438,208.89999389648438,203.6999969482422,207.6999969482422,207.6999969482422,28560
2015-03-17,206.8000030517578,211.6999969482422,206.8000030517578,207.3000030517578,207.3000030517578,36870
2015-03-18,207.0,215.3000030517578,205.6999969482422,213.89999389648438,213.89999389648438,52470
2015-03-19,217.5,218.39999389648438,177.0,178.89999389648438,178.89999389648438,330880
2015-03-20,170.10000610351562,178.10000610351562,165.0,167.6999969482422,167.6999969482422,173430
2015-03-23,167.10000610351562,172.0,167.10000610351562,169.89999389648438,169.89999389648438,151440
2015-03-24,170.39999389648438,172.10000610351562,168.1999969482422,169.6999969482422,169.6999969482422,61210
2015-03-25,165.89999389648438,170.1999969482422,165.89999389648438,168.3000030517578,168.3000030517578,75680
2015-03-26,172.3000030517578,172.3000030517578,169.39999389648438,169.89999389648438,169.89999389648438,77990
2015-03-27,169.3000030517578,171.10000610351562,168.6999969482422,170.39999389648438,170.39999389648438,53910
2015-03-30,172.0,174.5,170.60000610351562,173.5,173.5,52400
2015-03-31,173.8000030517578,186.0,173.8000030517578,185.5,185.5,71370
2015-04-01,184.6999969482422,185.60000610351562,180.89999389648438,184.89999389648438,184.89999389648438,56480
2015-04-02,184.8000030517578,190.89999389648438,184.0,189.89999389648438,189.89999389648438,58960
2015-04-06,189.89999389648438,198.89999389648438,189.89999389648438,198.60000610351562,198.60000610351562,81250
2015-04-07,199.3000030517578,201.1999969482422,196.10000610351562,196.39999389648438,196.39999389648438,29580
2015-04-08,197.6999969482422,201.6999969482422,196.5,201.5,201.5,24980
2015-04-09,202.5,204.60000610351562,200.6999969482422,201.6999969482422,201.6999969482422,18930
2015-04-10,201.0,202.39999389648438,196.89999389648438,200.89999389648438,200.89999389648438,24820
2015-04-13,201.89999389648438,209.8000030517578,199.8000030517578,205.1999969482422,205.1999969482422,41600
2015-04-14,206.3000030517578,208.6999969482422,201.8000030517578,202.39999389648438,202.39999389648438,32950
2015-04-15,204.6999969482422,204.6999969482422,201.1999969482422,201.8000030517578,201.8000030517578,21880
2015-04-16,201.5,202.89999389648438,194.60000610351562,194.89999389648438,194.89999389648438,30370
2015-04-17,194.5,197.3000030517578,192.10000610351562,195.8000030517578,195.8000030517578,28540
2015-04-20,196.39999389648438,196.39999389648438,190.0,194.1999969482422,194.1999969482422,34950
2015-04-21,195.6999969482422,197.0,190.8000030517578,191.8000030517578,191.8000030517578,19630
2015-04-22,191.8000030517578,192.39999389648438,189.60000610351562,191.0,191.0,17770
2015-04-23,191.10000610351562,192.6999969482422,190.0,192.39999389648438,192.39999389648438,17540
2015-04-24,192.0,192.3000030517578,189.1999969482422,189.39999389648438,189.39999389648438,19350
2015-04-27,189.8000030517578,191.10000610351562,186.0,186.89999389648438,186.89999389648438,13930
2015-04-28,187.3000030517578,190.5,185.1999969482422,189.5,189.5,15820
2015-04-29,188.8000030517578,189.5,185.39999389648438,185.5,185.5,19430
2015-04-30,185.5,186.5,182.1999969482422,184.3000030517578,184.3000030517578,15840
2015-05-01,184.6999969482422,187.0,183.1999969482422,185.5,185.5,10210
2015-05-04,186.3000030517578,188.60000610351562,184.89999389648438,186.10000610351562,186.10000610351562,20020
2015-05-05,185.60000610351562,186.1999969482422,182.89999389648438,185.5,185.5,15020
2015-05-06,187.0,187.0,181.39999389648438,182.3000030517578,182.3000030517578,20760
2015-05-07,182.0,184.3000030517578,181.5,184.10000610351562,184.10000610351562,10590
2015-05-08,185.39999389648438,185.39999389648438,181.10000610351562,181.3000030517578,181.3000030517578,15690
2015-05-11,180.89999389648438,185.89999389648438,178.89999389648438,181.5,181.5,23170
2015-05-12,181.0,181.89999389648438,180.0,181.39999389648438,181.39999389648438,34500
2015-05-13,182.0,182.3000030517578,178.3000030517578,179.1999969482422,179.1999969482422,16590
2015-05-14,178.89999389648438,182.3000030517578,178.1999969482422,181.6999969482422,181.6999969482422,26190
2015-05-15,182.6999969482422,182.6999969482422,179.89999389648438,181.39999389648438,181.39999389648438,16560
2015-05-18,181.3000030517578,183.89999389648438,180.0,182.8000030517578,182.8000030517578,26940
2015-05-19,182.3000030517578,184.0,179.8000030517578,181.60000610351562,181.60000610351562,81500
2015-05-20,181.6999969482422,181.8000030517578,176.6999969482422,181.5,181.5,19310
2015-05-21,181.5,184.0,180.89999389648438,180.89999389648438,180.89999389648438,13160
2015-05-22,179.60000610351562,181.10000610351562,178.0,178.5,178.5,9610
2015-05-26,178.10000610351562,178.60000610351562,166.89999389648438,167.60000610351562,167.60000610351562,26990
2015-05-27,166.6999969482422,170.0,160.5,168.6999969482422,168.6999969482422,27670
2015-05-28,168.5,170.1999969482422,161.60000610351562,162.39999389648438,162.39999389648438,32940
2015-05-29,162.6999969482422,162.6999969482422,158.8000030517578,159.1999969482422,159.1999969482422,29430
2015-06-01,158.10000610351562,159.0,147.60000610351562,154.1999969482422,154.1999969482422,85650
2015-06-02,153.89999389648438,160.10000610351562,153.39999389648438,157.60000610351562,157.60000610351562,57610
2015-06-03,156.1999969482422,161.6999969482422,155.3000030517578,159.1999969482422,159.1999969482422,37290
2015-06-04,158.3000030517578,159.10000610351562,150.6999969482422,152.8000030517578,152.8000030517578,113010
2015-06-05,134.3000030517578,136.10000610351562,121.4000015258789,122.69999694824219,122.69999694824219,393030
2015-06-08,122.5999984741211,123.0999984741211,120.69999694824219,121.5,121.5,73920
2015-06-09,122.19999694824219,126.5,121.69999694824219,125.0999984741211,125.0999984741211,89990
2015-06-10,125.19999694824219,127.5,125.19999694824219,125.9000015258789,125.9000015258789,67330
2015-06-11,126.69999694824219,127.0999984741211,124.80000305175781,126.9000015258789,126.9000015258789,49120
2015-06-12,126.0,130.0,125.80000305175781,129.10000610351562,129.10000610351562,56560
2015-06-15,128.6999969482422,129.39999389648438,126.69999694824219,128.0,128.0,38730
2015-06-16,127.9000015258789,128.8000030517578,125.5,128.1999969482422,128.1999969482422,26320
2015-06-17,128.39999389648438,130.0,125.9000015258789,127.5999984741211,127.5999984741211,42010
2015-06-18,127.5,128.39999389648438,126.80000305175781,127.80000305175781,127.80000305175781,20680
2015-06-19,128.0,128.8000030517578,126.0999984741211,126.5,126.5,37870
2015-06-22,127.0,128.39999389648438,126.69999694824219,126.80000305175781,126.80000305175781,24760
2015-06-23,127.30000305175781,131.0,126.69999694824219,130.3000030517578,130.3000030517578,32040
2015-06-24,130.3000030517578,131.0,129.39999389648438,130.60000610351562,130.60000610351562,24840
2015-06-25,130.3000030517578,131.89999389648438,128.5,130.0,130.0,27820
2015-06-26,128.60000610351562,130.0,120.69999694824219,121.0999984741211,121.0999984741211,141360
2015-06-29,119.5999984741211,121.4000015258789,118.69999694824219,119.5,119.5,62450
2015-06-30,120.0999984741211,121.0,114.4000015258789,119.80000305175781,119.80000305175781,48060
2015-07-01,120.5,120.80000305175781,114.4000015258789,118.0,118.0,31980
2015-07-02,118.0999984741211,119.9000015258789,118.0999984741211,119.5999984741211,119.5999984741211,30300
2015-07-06,118.4000015258789,120.30000305175781,117.4000015258789,120.0999984741211,120.0999984741211,32610
2015-07-07,119.69999694824219,120.4000015258789,112.80000305175781,118.0,118.0,32420
2015-07-08,117.30000305175781,119.30000305175781,114.30000305175781,115.9000015258789,115.9000015258789,23010
2015-07-09,116.69999694824219,117.80000305175781,114.80000305175781,115.19999694824219,115.19999694824219,15820
2015-07-10,114.69999694824219,118.80000305175781,114.0,118.69999694824219,118.69999694824219,29080
2015-07-13,119.30000305175781,121.69999694824219,119.0999984741211,119.5999984741211,119.5999984741211,19560
2015-07-14,97.80000305175781,101.80000305175781,94.5999984741211,97.19999694824219,97.19999694824219,367590
2015-07-15,98.5999984741211,103.69999694824219,98.5,100.5999984741211,100.5999984741211,114180
2015-07-16,100.9000015258789,101.5,98.80000305175781,100.5,100.5,64610
2015-07-17,100.80000305175781,101.0999984741211,100.0,100.80000305175781,100.80000305175781,39010
2015-07-20,100.4000015258789,103.0999984741211,99.5,103.0,103.0,48040
2015-07-21,103.0,103.19999694824219,101.30000305175781,101.80000305175781,101.80000305175781,53540
2015-07-22,101.69999694824219,103.0999984741211,101.19999694824219,102.80000305175781,102.80000305175781,35480
2015-07-23,103.30000305175781,104.30000305175781,97.80000305175781,98.5,98.5,34660
2015-07-24,98.69999694824219,98.80000305175781,94.9000015258789,96.5,96.5,52300
2015-07-27,96.0,99.0,95.0999984741211,98.9000015258789,98.9000015258789,23450
2015-07-28,99.5999984741211,100.0999984741211,96.5999984741211,99.5,99.5,44190
2015-07-29,99.5,100.5,98.0999984741211,100.0,100.0,34230
2015-07-30,99.4000015258789,102.0,98.30000305175781,99.5,99.5,34420
2015-07-31,99.80000305175781,100.30000305175781,98.0999984741211,98.0999984741211,98.0999984741211,16440
2015-08-03,98.0,98.0,94.4000015258789,96.0999984741211,96.0999984741211,50910
2015-08-04,96.0999984741211,96.80000305175781,94.5999984741211,95.0999984741211,95.0999984741211,25720
2015-08-05,95.4000015258789,96.0999984741211,91.9000015258789,92.19999694824219,92.19999694824219,28770
2015-08-06,92.0999984741211,92.5,89.80000305175781,91.9000015258789,91.9000015258789,31180
2015-08-07,91.5,93.9000015258789,91.30000305175781,92.80000305175781,92.80000305175781,20410
2015-08-10,93.30000305175781,96.5,93.19999694824219,95.5,95.5,34870
2015-08-11,94.80000305175781,96.5,93.30000305175781,96.4000015258789,96.4000015258789,24580
2015-08-12,96.0,96.30000305175781,92.5,93.30000305175781,93.30000305175781,33110
2015-08-13,93.5,94.80000305175781,91.0,91.19999694824219,91.19999694824219,27330
2015-08-14,91.5,93.9000015258789,90.4000015258789,92.9000015258789,92.9000015258789,37400
2015-08-17,92.9000015258789,95.0,91.0,93.30000305175781,93.30000305175781,28210
2015-08-18,93.80000305175781,95.19999694824219,93.4000015258789,94.19999694824219,94.19999694824219,21980
2015-08-19,93.0,95.4000015258789,92.69999694824219,93.69999694824219,93.69999694824219,25270
2015-08-20,91.9000015258789,92.19999694824219,84.19999694824219,88.19999694824219,88.19999694824219,42610
2015-08-21,86.5,87.30000305175781,82.5999984741211,82.80000305175781,82.80000305175781,38580
2015-08-24,80.30000305175781,83.80000305175781,76.80000305175781,77.19999694824219,77.19999694824219,53450
2015-08-25,79.19999694824219,84.30000305175781,77.5,80.0,80.0,54930
2015-08-26,81.9000015258789,82.69999694824219,79.69999694824219,81.5,81.5,61230
2015-08-27,83.0999984741211,84.80000305175781,81.69999694824219,83.0999984741211,83.0999984741211,42830
2015-08-28,82.9000015258789,92.9000015258789,82.0,90.5999984741211,90.5999984741211,49600
2015-08-31,90.0,93.5999984741211,88.19999694824219,91.80000305175781,91.80000305175781,30390
2015-09-01,89.5999984741211,90.69999694824219,87.69999694824219,88.5,88.5,21650
2015-09-02,88.19999694824219,89.5999984741211,84.5,87.9000015258789,87.9000015258789,31440
2015-09-03,88.4000015258789,93.5999984741211,88.4000015258789,92.69999694824219,92.69999694824219,91890
2015-09-04,60.20000076293945,62.70000076293945,52.0,52.400001525878906,52.400001525878906,948380
2015-09-08,53.400001525878906,53.400001525878906,49.5,49.599998474121094,49.599998474121094,380300
2015-09-09,50.400001525878906,51.79999923706055,45.5,45.70000076293945,45.70000076293945,214770
2015-09-10,45.599998474121094,47.400001525878906,44.5,45.099998474121094,45.099998474121094,96740
2015-09-11,45.400001525878906,45.70000076293945,43.599998474121094,45.400001525878906,45.400001525878906,97600
2015-09-14,45.400001525878906,46.29999923706055,43.900001525878906,46.0,46.0,81580
2015-09-15,45.900001525878906,47.099998474121094,44.29999923706055,46.099998474121094,46.099998474121094,72620
2015-09-16,46.70000076293945,48.0,45.599998474121094,47.099998474121094,47.099998474121094,53080
2015-09-17,46.900001525878906,48.0,46.29999923706055,46.79999923706055,46.79999923706055,37360
2015-09-18,46.20000076293945,46.70000076293945,44.70000076293945,45.0,45.0,54620
2015-09-21,44.79999923706055,45.400001525878906,42.5,42.70000076293945,42.70000076293945,55990
2015-09-22,42.599998474121094,42.79999923706055,40.5,40.900001525878906,40.900001525878906,64610
2015-09-23,40.599998474121094,41.20000076293945,37.70000076293945,37.79999923706055,37.79999923706055,73570
2015-09-24,37.900001525878906,38.0,35.79999923706055,36.70000076293945,36.70000076293945,71830
2015-09-25,37.5,39.20000076293945,36.79999923706055,38.20000076293945,38.20000076293945,83540
2015-09-28,37.599998474121094,38.20000076293945,36.70000076293945,36.900001525878906,36.900001525878906,54500
2015-09-29,37.0,37.20000076293945,35.5,36.0,36.0,47830
2015-09-30,36.099998474121094,36.20000076293945,33.099998474121094,34.29999923706055,34.29999923706055,128000
2015-10-01,34.5,35.79999923706055,33.70000076293945,35.5,35.5,68550
2015-10-02,35.099998474121094,36.400001525878906,34.5,36.0,36.0,65300
2015-10-05,36.599998474121094,40.599998474121094,36.5,39.900001525878906,39.900001525878906,82820
2015-10-06,38.70000076293945,40.79999923706055,38.20000076293945,38.5,38.5,55320
2015-10-07,39.0,41.599998474121094,38.5,40.29999923706055,40.29999923706055,84330
2015-10-08,39.900001525878906,42.599998474121094,39.79999923706055,41.5,41.5,47090
2015-10-09,41.099998474121094,41.5,40.20000076293945,40.900001525878906,40.900001525878906,25960
2015-10-12,40.79999923706055,40.79999923706055,38.79999923706055,39.29999923706055,39.29999923706055,32130
2015-10-13,38.79999923706055,41.400001525878906,38.79999923706055,40.5,40.5,29270
2015-10-14,40.29999923706055,41.900001525878906,39.5,40.0,40.0,41780
2015-10-15,39.79999923706055,41.5,38.599998474121094,41.20000076293945,41.20000076293945,33370
2015-10-16,41.0,42.400001525878906,40.20000076293945,42.0,42.0,32590
2015-10-19,41.5,43.70000076293945,41.20000076293945,42.599998474121094,42.599998474121094,35010
2015-10-20,42.400001525878906,43.70000076293945,41.599998474121094,43.0,43.0,30990
2015-10-21,42.599998474121094,42.900001525878906,38.900001525878906,39.0,39.0,42290
2015-10-22,39.29999923706055,40.0,37.79999923706055,39.900001525878906,39.900001525878906,47210
2015-10-23,44.599998474121094,48.70000076293945,43.0,48.0,48.0,213490
2015-10-26,47.79999923706055,48.20000076293945,44.29999923706055,44.79999923706055,44.79999923706055,95270
2015-10-27,44.5,44.599998474121094,41.900001525878906,42.400001525878906,42.400001525878906,74390
2015-10-28,42.70000076293945,44.79999923706055,42.5,44.29999923706055,44.29999923706055,37740
2015-10-29,44.099998474121094,45.5,43.20000076293945,43.5,43.5,27260
2015-10-30,43.5,45.79999923706055,42.70000076293945,45.5,45.5,40250
2015-11-02,45.400001525878906,46.400001525878906,44.099998474121094,44.5,44.5,57000
2015-11-03,44.400001525878906,47.20000076293945,44.400001525878906,45.70000076293945,45.70000076293945,41470
2015-11-04,46.0,48.79999923706055,45.0,47.20000076293945,47.20000076293945,47890
2015-11-05,47.5,47.79999923706055,44.900001525878906,45.70000076293945,45.70000076293945,20960
2015-11-06,45.400001525878906,46.29999923706055,44.0,45.599998474121094,45.599998474121094,32210
2015-11-09,45.599998474121094,45.599998474121094,43.0,45.0,45.0,49470
2015-11-10,44.79999923706055,45.20000076293945,44.0,44.70000076293945,44.70000076293945,28690
2015-11-11,44.79999923706055,44.900001525878906,41.400001525878906,42.400001525878906,42.400001525878906,40560
2015-11-12,42.20000076293945,42.400001525878906,39.099998474121094,39.5,39.5,33190
2015-11-13,39.5,39.900001525878906,37.400001525878906,37.599998474121094,37.599998474121094,47100
2015-11-16,37.599998474121094,38.099998474121094,34.900001525878906,37.20000076293945,37.20000076293945,49690
2015-11-17,37.400001525878906,38.5,35.599998474121094,37.099998474121094,37.099998474121094,35010
2015-11-18,37.099998474121094,38.099998474121094,36.900001525878906,37.900001525878906,37.900001525878906,27170
2015-11-19,38.099998474121094,38.20000076293945,36.400001525878906,37.0,37.0,17900
2015-11-20,37.20000076293945,38.29999923706055,35.900001525878906,36.20000076293945,36.20000076293945,39980
2015-11-23,37.5,37.5,35.599998474121094,36.29999923706055,36.29999923706055,28380
2015-11-24,37.70000076293945,44.0,37.70000076293945,43.0,43.0,153960
2015-11-25,43.29999923706055,48.599998474121094,41.29999923706055,45.29999923706055,45.29999923706055,97330
2015-11-27,45.5,45.5,42.20000076293945,42.5,42.5,38990
2015-11-30,42.900001525878906,52.5,42.5,51.79999923706055,51.79999923706055,191400
2015-12-01,51.79999923706055,58.70000076293945,50.20000076293945,58.0,58.0,157340
2015-12-02,58.0,70.5999984741211,55.099998474121094,66.69999694824219,66.69999694824219,514450
2015-12-03,66.0,69.30000305175781,56.900001525878906,58.29999923706055,58.29999923706055,151850
2015-12-04,58.0,62.29999923706055,55.099998474121094,61.20000076293945,61.20000076293945,109640
2015-12-07,60.79999923706055,61.29999923706055,56.5,56.900001525878906,56.900001525878906,68980
2015-12-08,56.0,60.79999923706055,55.5,57.70000076293945,57.70000076293945,62280
2015-12-09,57.5,60.70000076293945,52.79999923706055,53.099998474121094,53.099998474121094,76920
2015-12-10,53.400001525878906,59.400001525878906,52.70000076293945,56.400001525878906,56.400001525878906,113620
2015-12-11,52.20000076293945,52.5,45.20000076293945,45.900001525878906,45.900001525878906,198000
2015-12-14,45.29999923706055,45.900001525878906,40.900001525878906,45.0,45.0,108980
2015-12-15,44.5,49.0,43.900001525878906,45.599998474121094,45.599998474121094,68500
2015-12-16,45.400001525878906,48.5,45.29999923706055,45.70000076293945,45.70000076293945,52410
2015-12-17,45.20000076293945,47.599998474121094,44.29999923706055,45.5,45.5,68910
2015-12-18,45.20000076293945,50.70000076293945,45.099998474121094,50.099998474121094,50.099998474121094,115710
2015-12-21,50.29999923706055,50.79999923706055,46.900001525878906,48.29999923706055,48.29999923706055,72640
2015-12-22,48.79999923706055,52.0,48.20000076293945,51.0,51.0,50050
2015-12-23,51.5,52.400001525878906,48.599998474121094,49.400001525878906,49.400001525878906,50380
2015-12-24,49.29999923706055,50.29999923706055,47.099998474121094,47.79999923706055,47.79999923706055,29700
2015-12-28,48.20000076293945,48.20000076293945,44.5,45.599998474121094,45.599998474121094,38670
2015-12-29,46.099998474121094,47.5,46.0,47.20000076293945,47.20000076293945,20940
2015-12-30,47.5,47.79999923706055,45.099998474121094,46.29999923706055,46.29999923706055,38800
2015-12-31,45.70000076293945,46.79999923706055,44.599998474121094,45.79999923706055,45.79999923706055,66200
2016-01-04,44.29999923706055,48.900001525878906,44.099998474121094,47.79999923706055,47.79999923706055,66520
2016-01-05,47.900001525878906,49.599998474121094,47.29999923706055,49.400001525878906,49.400001525878906,26600
2016-01-06,48.29999923706055,48.5,46.599998474121094,47.29999923706055,47.29999923706055,37570
2016-01-07,46.0,48.0,44.599998474121094,45.29999923706055,45.29999923706055,44070
2016-01-08,45.599998474121094,46.099998474121094,44.5,44.79999923706055,44.79999923706055,34740
2016-01-11,44.900001525878906,45.5,42.79999923706055,44.70000076293945,44.70000076293945,40570
2016-01-12,45.099998474121094,47.0,43.79999923706055,44.400001525878906,44.400001525878906,36690
2016-01-13,44.400001525878906,46.79999923706055,43.20000076293945,44.099998474121094,44.099998474121094,33540
2016-01-14,44.29999923706055,45.400001525878906,42.400001525878906,44.400001525878906,44.400001525878906,34060
2016-01-15,42.79999923706055,43.29999923706055,38.29999923706055,40.29999923706055,40.29999923706055,67840
2016-01-19,41.29999923706055,41.29999923706055,38.29999923706055,38.599998474121094,38.599998474121094,40060
2016-01-20,38.0,40.70000076293945,36.79999923706055,40.0,40.0,32770
2016-01-21,40.400001525878906,43.900001525878906,39.79999923706055,42.0,42.0,62090
2016-01-22,42.900001525878906,45.70000076293945,42.20000076293945,45.70000076293945,45.70000076293945,47090
2016-01-25,45.20000076293945,47.599998474121094,39.599998474121094,40.70000076293945,40.70000076293945,85010
2016-01-26,41.599998474121094,51.599998474121094,40.5,48.400001525878906,48.400001525878906,121460
2016-01-27,47.70000076293945,52.400001525878906,46.599998474121094,48.79999923706055,48.79999923706055,40110
2016-01-28,49.599998474121094,53.20000076293945,47.400001525878906,48.400001525878906,48.400001525878906,30010
2016-01-29,47.79999923706055,54.599998474121094,47.5,51.70000076293945,51.70000076293945,47570
2016-02-01,50.79999923706055,52.5,49.400001525878906,50.599998474121094,50.599998474121094,28420
2016-02-02,50.5,51.20000076293945,49.20000076293945,50.0,50.0,41630
2016-02-03,50.0,51.599998474121094,48.400001525878906,51.20000076293945,51.20000076293945,37020
2016-02-04,50.20000076293945,52.0,48.900001525878906,50.0,50.0,41140
2016-02-05,48.79999923706055,49.20000076293945,45.70000076293945,46.599998474121094,46.599998474121094,22880
2016-02-08,46.400001525878906,46.79999923706055,44.5,46.599998474121094,46.599998474121094,20340
2016-02-09,44.900001525878906,46.400001525878906,42.099998474121094,42.79999923706055,42.79999923706055,42430
2016-02-10,43.0,49.400001525878906,43.0,44.900001525878906,44.900001525878906,26120
2016-02-11,43.70000076293945,44.70000076293945,41.400001525878906,42.20000076293945,42.20000076293945,20290
2016-02-12,42.70000076293945,45.0,41.599998474121094,44.400001525878906,44.400001525878906,16760
2016-02-16,44.400001525878906,49.29999923706055,43.20000076293945,46.900001525878906,46.900001525878906,21560
2016-02-17,47.20000076293945,59.5,47.20000076293945,51.400001525878906,51.400001525878906,90510
2016-02-18,51.400001525878906,52.29999923706055,49.20000076293945,50.900001525878906,50.900001525878906,27270
2016-02-19,50.400001525878906,59.79999923706055,49.20000076293945,58.599998474121094,58.599998474121094,71170
2016-02-22,59.0,61.5,55.099998474121094,56.400001525878906,56.400001525878906,48790
2016-02-23,56.0,58.70000076293945,54.79999923706055,55.20000076293945,55.20000076293945,23110
2016-02-24,54.400001525878906,58.29999923706055,53.0,55.5,55.5,35320
2016-02-25,55.400001525878906,65.30000305175781,54.599998474121094,64.5999984741211,64.5999984741211,69690
2016-02-26,64.5999984741211,67.9000015258789,62.0,63.099998474121094,63.099998474121094,136870
2016-02-29,64.0,68.5,62.79999923706055,64.5999984741211,64.5999984741211,74190
2016-03-01,64.5999984741211,67.69999694824219,63.29999923706055,64.80000305175781,64.80000305175781,49510
2016-03-02,64.5999984741211,67.80000305175781,64.0999984741211,65.9000015258789,65.9000015258789,36660
2016-03-03,64.5999984741211,69.0,63.79999923706055,64.5,64.5,77620
2016-03-04,65.0,72.0,64.5,69.0,69.0,157330
2016-03-07,73.0,77.5,69.0999984741211,75.0999984741211,75.0999984741211,70430
2016-03-08,73.9000015258789,77.5999984741211,73.19999694824219,73.5,73.5,63110
2016-03-09,74.80000305175781,78.19999694824219,72.80000305175781,77.5999984741211,77.5999984741211,52650
2016-03-10,78.5,79.5,76.5,79.19999694824219,79.19999694824219,39090
2016-03-11,80.0,81.0,75.19999694824219,76.4000015258789,76.4000015258789,53760
2016-03-14,76.5,81.0999984741211,76.19999694824219,78.5,78.5,45310
2016-03-15,77.69999694824219,77.9000015258789,71.19999694824219,73.30000305175781,73.30000305175781,95580
2016-03-16,74.0999984741211,79.9000015258789,73.80000305175781,77.4000015258789,77.4000015258789,37780
2016-03-17,76.80000305175781,76.80000305175781,64.19999694824219,66.69999694824219,66.69999694824219,74510
2016-03-18,67.80000305175781,70.80000305175781,67.69999694824219,69.69999694824219,69.69999694824219,66130
2016-03-21,66.19999694824219,68.30000305175781,64.0999984741211,68.0,68.0,44240
2016-03-22,66.80000305175781,68.19999694824219,64.19999694824219,65.5,65.5,27530
2016-03-23,64.9000015258789,65.9000015258789,61.20000076293945,61.29999923706055,61.29999923706055,27140
2016-03-24,61.099998474121094,64.30000305175781,59.599998474121094,63.099998474121094,63.099998474121094,27930
2016-03-28,63.20000076293945,69.0,62.29999923706055,64.0,64.0,35710
2016-03-29,63.400001525878906,67.5999984741211,61.70000076293945,67.5999984741211,67.5999984741211,41520
2016-03-30,66.9000015258789,67.5,57.599998474121094,58.20000076293945,58.20000076293945,113030
2016-03-31,58.0,64.30000305175781,58.0,63.29999923706055,63.29999923706055,73350
2016-04-01,64.0999984741211,65.9000015258789,61.099998474121094,63.79999923706055,63.79999923706055,40980
2016-04-04,63.70000076293945,68.0,61.900001525878906,62.29999923706055,62.29999923706055,31700
2016-04-05,62.5,62.5,59.400001525878906,60.70000076293945,60.70000076293945,25620
2016-04-06,61.0,62.5,60.0,61.900001525878906,61.900001525878906,18800
2016-04-07,61.099998474121094,61.5,59.20000076293945,60.099998474121094,60.099998474121094,35620
2016-04-08,61.29999923706055,61.29999923706055,57.79999923706055,58.70000076293945,58.70000076293945,19370
2016-04-11,59.70000076293945,61.20000076293945,57.70000076293945,58.099998474121094,58.099998474121094,20710
2016-04-12,58.0,61.0,56.900001525878906,60.0,60.0,24220
2016-04-13,60.599998474121094,62.900001525878906,59.599998474121094,62.599998474121094,62.599998474121094,24370
2016-04-14,62.900001525878906,66.4000015258789,61.599998474121094,61.79999923706055,61.79999923706055,33910
2016-04-15,61.400001525878906,67.4000015258789,60.20000076293945,64.30000305175781,64.30000305175781,60620
2016-04-18,63.5,63.79999923706055,61.5,63.099998474121094,63.099998474121094,24690
2016-04-19,63.599998474121094,67.30000305175781,62.5,63.70000076293945,63.70000076293945,25460
2016-04-20,63.70000076293945,67.5,63.5,66.19999694824219,66.19999694824219,28500
2016-04-21,66.4000015258789,70.0,65.9000015258789,66.19999694824219,66.19999694824219,24480
2016-04-22,66.30000305175781,71.5999984741211,63.599998474121094,66.80000305175781,66.80000305175781,34680
2016-04-25,67.0999984741211,69.5,60.79999923706055,61.0,61.0,48030
2016-04-26,63.20000076293945,73.4000015258789,62.29999923706055,67.5999984741211,67.5999984741211,101300
2016-04-27,67.30000305175781,69.0,64.5999984741211,67.30000305175781,67.30000305175781,24160
2016-04-28,66.5,70.0,65.5,65.5999984741211,65.5999984741211,25530
2016-04-29,65.5999984741211,65.5999984741211,60.5,61.79999923706055,61.79999923706055,36540
2016-05-02,62.0,63.79999923706055,60.5,63.20000076293945,63.20000076293945,20500
2016-05-03,63.0,63.599998474121094,60.5,62.5,62.5,26000
2016-05-04,62.400001525878906,63.599998474121094,60.0,60.599998474121094,60.599998474121094,19070
2016-05-05,61.099998474121094,62.0,58.099998474121094,58.79999923706055,58.79999923706055,32580
2016-05-06,58.0,59.79999923706055,58.0,58.599998474121094,58.599998474121094,17750
2016-05-09,58.20000076293945,59.599998474121094,58.0,58.70000076293945,58.70000076293945,11340
2016-05-10,59.79999923706055,61.099998474121094,58.0,59.79999923706055,59.79999923706055,18530
2016-05-11,58.0,58.79999923706055,54.29999923706055,57.20000076293945,57.20000076293945,35560
2016-05-12,57.099998474121094,58.0,55.29999923706055,56.20000076293945,56.20000076293945,29690
2016-05-13,55.79999923706055,56.5,53.900001525878906,54.099998474121094,54.099998474121094,25010
2016-05-16,54.29999923706055,56.599998474121094,53.0,56.099998474121094,56.099998474121094,26030
2016-05-17,55.5,57.20000076293945,54.400001525878906,54.5,54.5,15430
2016-05-18,54.0,54.900001525878906,52.599998474121094,52.900001525878906,52.900001525878906,16830
2016-05-19,54.5,59.599998474121094,54.400001525878906,57.900001525878906,57.900001525878906,30080
2016-05-20,58.0,59.20000076293945,57.400001525878906,58.599998474121094,58.599998474121094,18790
2016-05-23,58.400001525878906,59.599998474121094,56.70000076293945,56.900001525878906,56.900001525878906,27390
2016-05-24,57.5,59.20000076293945,56.0,58.599998474121094,58.599998474121094,17920
2016-05-25,58.900001525878906,59.70000076293945,58.0,58.29999923706055,58.29999923706055,15840
2016-05-26,58.79999923706055,59.0,56.70000076293945,57.0,57.0,10910
2016-05-27,56.79999923706055,58.20000076293945,56.400001525878906,57.5,57.5,17450
2016-05-31,57.5,59.20000076293945,56.099998474121094,56.29999923706055,56.29999923706055,26730
2016-06-01,55.70000076293945,59.900001525878906,55.099998474121094,58.900001525878906,58.900001525878906,24410
2016-06-02,58.599998474121094,60.29999923706055,58.599998474121094,59.79999923706055,59.79999923706055,12860
2016-06-03,60.599998474121094,60.599998474121094,55.70000076293945,55.79999923706055,55.79999923706055,21800
2016-06-06,56.79999923706055,59.5,55.599998474121094,56.900001525878906,56.900001525878906,30010
2016-06-07,62.20000076293945,67.5,58.20000076293945,59.599998474121094,59.599998474121094,107060
2016-06-08,60.29999923706055,62.20000076293945,58.599998474121094,60.79999923706055,60.79999923706055,34290
2016-06-09,60.400001525878906,60.400001525878906,53.29999923706055,55.29999923706055,55.29999923706055,67680
2016-06-10,55.0,57.400001525878906,52.599998474121094,54.0,54.0,37780
2016-06-13,53.599998474121094,54.29999923706055,52.5,52.79999923706055,52.79999923706055,24660
2016-06-14,52.79999923706055,54.099998474121094,50.70000076293945,51.29999923706055,51.29999923706055,29640
2016-06-15,51.400001525878906,54.20000076293945,51.29999923706055,51.599998474121094,51.599998474121094,26280
2016-06-16,51.400001525878906,51.5,48.900001525878906,51.099998474121094,51.099998474121094,33460
2016-06-17,53.099998474121094,60.29999923706055,52.0,55.20000076293945,55.20000076293945,96900
2016-06-20,55.5,57.599998474121094,52.599998474121094,52.599998474121094,52.599998474121094,29370
2016-06-21,52.599998474121094,53.29999923706055,51.20000076293945,52.29999923706055,52.29999923706055,24860
2016-06-22,52.400001525878906,54.79999923706055,50.20000076293945,50.5,50.5,25060
2016-06-23,51.5,55.79999923706055,50.70000076293945,55.20000076293945,55.20000076293945,29260
2016-06-24,51.099998474121094,56.900001525878906,50.099998474121094,53.099998474121094,53.099998474121094,111680
2016-06-27,52.099998474121094,52.5,48.400001525878906,48.79999923706055,48.79999923706055,45020
2016-06-28,50.099998474121094,51.599998474121094,49.29999923706055,51.099998474121094,51.099998474121094,40750
2016-06-29,52.099998474121094,54.29999923706055,51.400001525878906,53.70000076293945,53.70000076293945,31840
2016-06-30,53.599998474121094,55.70000076293945,52.79999923706055,54.79999923706055,54.79999923706055,47090
2016-07-01,55.099998474121094,56.79999923706055,50.400001525878906,51.70000076293945,51.70000076293945,90790
2016-07-05,51.5,52.70000076293945,49.400001525878906,49.70000076293945,49.70000076293945,29450
2016-07-06,49.5,51.599998474121094,48.599998474121094,49.900001525878906,49.900001525878906,28930
2016-07-07,50.400001525878906,52.79999923706055,49.599998474121094,51.0,51.0,37030
2016-07-08,51.900001525878906,54.099998474121094,51.900001525878906,53.099998474121094,53.099998474121094,36120
2016-07-11,53.5,55.0,53.5,54.70000076293945,54.70000076293945,16920
2016-07-12,55.5,58.20000076293945,55.400001525878906,55.900001525878906,55.900001525878906,63690
2016-07-13,56.5,57.29999923706055,54.099998474121094,55.099998474121094,55.099998474121094,18930
2016-07-14,56.0,56.79999923706055,53.0,53.29999923706055,53.29999923706055,26670
2016-07-15,53.79999923706055,54.79999923706055,52.79999923706055,53.400001525878906,53.400001525878906,23200
2016-07-18,53.5,54.099998474121094,52.900001525878906,53.599998474121094,53.599998474121094,21890
2016-07-19,53.5,54.099998474121094,51.70000076293945,53.0,53.0,25330
2016-07-20,52.900001525878906,56.099998474121094,52.29999923706055,54.70000076293945,54.70000076293945,21070
2016-07-21,54.29999923706055,55.29999923706055,52.29999923706055,52.79999923706055,52.79999923706055,24550
2016-07-22,52.099998474121094,52.70000076293945,51.70000076293945,51.79999923706055,51.79999923706055,18460
2016-07-25,51.5,52.20000076293945,50.5,50.599998474121094,50.599998474121094,23250
2016-07-26,50.099998474121094,52.5,50.099998474121094,51.5,51.5,14710
2016-07-27,52.0,52.400001525878906,49.79999923706055,51.099998474121094,51.099998474121094,21220
2016-07-28,50.29999923706055,50.79999923706055,48.70000076293945,48.70000076293945,48.70000076293945,16430
2016-07-29,48.70000076293945,50.400001525878906,48.099998474121094,50.0,50.0,16770
2016-08-01,50.0,50.5,48.599998474121094,49.29999923706055,49.29999923706055,19260
2016-08-02,49.0,49.79999923706055,46.900001525878906,47.0,47.0,25720
2016-08-03,47.0,48.599998474121094,46.0,47.79999923706055,47.79999923706055,42310
2016-08-04,47.79999923706055,48.79999923706055,46.900001525878906,47.0,47.0,12050
2016-08-05,47.5,48.70000076293945,46.70000076293945,47.5,47.5,16960
2016-08-08,47.70000076293945,49.099998474121094,47.0,48.900001525878906,48.900001525878906,12310
2016-08-09,48.70000076293945,49.29999923706055,46.79999923706055,47.5,47.5,24890
2016-08-10,47.70000076293945,48.400001525878906,46.400001525878906,47.099998474121094,47.099998474121094,10730
2016-08-11,48.099998474121094,51.5,47.599998474121094,49.900001525878906,49.900001525878906,20700
2016-08-12,49.79999923706055,50.900001525878906,49.599998474121094,50.20000076293945,50.20000076293945,16430
2016-08-15,50.599998474121094,54.5,49.70000076293945,54.400001525878906,54.400001525878906,37000
2016-08-16,54.0,55.599998474121094,52.70000076293945,54.900001525878906,54.900001525878906,38290
2016-08-17,55.0,55.5,52.70000076293945,52.79999923706055,52.79999923706055,26570
2016-08-18,53.20000076293945,54.099998474121094,52.099998474121094,53.900001525878906,53.900001525878906,23640
2016-08-19,53.79999923706055,57.0,52.70000076293945,56.29999923706055,56.29999923706055,57100
2016-08-22,60.599998474121094,62.79999923706055,58.20000076293945,60.900001525878906,60.900001525878906,138790
2016-08-23,61.5,66.4000015258789,61.5,64.5999984741211,64.5999984741211,77920
2016-08-24,63.20000076293945,64.0999984741211,61.79999923706055,61.900001525878906,61.900001525878906,22830
2016-08-25,61.599998474121094,63.79999923706055,61.20000076293945,63.70000076293945,63.70000076293945,26120
2016-08-26,63.599998474121094,64.19999694824219,62.79999923706055,63.5,63.5,26260
2016-08-29,63.70000076293945,71.0,63.5,68.30000305175781,68.30000305175781,139380
2016-08-30,67.80000305175781,69.0,67.19999694824219,69.0,69.0,62210
2016-08-31,69.30000305175781,71.69999694824219,67.5,70.19999694824219,70.19999694824219,89180
2016-09-01,70.5999984741211,70.5999984741211,67.69999694824219,68.5999984741211,68.5999984741211,37760
2016-09-02,68.80000305175781,69.0999984741211,67.69999694824219,68.69999694824219,68.69999694824219,20910
2016-09-06,68.69999694824219,69.80000305175781,67.80000305175781,68.0,68.0,25980
2016-09-07,68.5,69.0,65.69999694824219,67.0,67.0,40530
2016-09-08,66.80000305175781,67.0,63.900001525878906,64.80000305175781,64.80000305175781,55250
2016-09-09,60.29999923706055,65.9000015258789,60.099998474121094,63.5,63.5,114450
2016-09-12,62.900001525878906,65.5,62.20000076293945,64.5999984741211,64.5999984741211,44480
2016-09-13,63.5,64.30000305175781,62.900001525878906,63.70000076293945,63.70000076293945,58420
2016-09-14,63.599998474121094,63.599998474121094,60.900001525878906,62.5,62.5,33360
2016-09-15,62.20000076293945,63.400001525878906,61.79999923706055,63.29999923706055,63.29999923706055,20590
2016-09-16,62.70000076293945,63.70000076293945,62.400001525878906,62.79999923706055,62.79999923706055,34230
2016-09-19,62.900001525878906,64.30000305175781,61.70000076293945,61.79999923706055,61.79999923706055,25340
2016-09-20,62.400001525878906,63.29999923706055,59.5,60.599998474121094,60.599998474121094,26120
2016-09-21,60.70000076293945,61.5,59.70000076293945,61.0,61.0,32010
2016-09-22,61.20000076293945,61.900001525878906,60.400001525878906,61.0,61.0,31060
2016-09-23,60.599998474121094,62.099998474121094,60.599998474121094,61.099998474121094,61.099998474121094,44350
2016-09-26,60.70000076293945,61.900001525878906,59.5,60.5,60.5,30220
2016-09-27,60.29999923706055,61.29999923706055,56.900001525878906,59.099998474121094,59.099998474121094,58900
2016-09-28,58.20000076293945,59.20000076293945,55.900001525878906,56.400001525878906,56.400001525878906,72000
2016-09-29,56.400001525878906,57.70000076293945,56.0,56.099998474121094,56.099998474121094,47180
2016-09-30,55.900001525878906,58.79999923706055,55.900001525878906,56.400001525878906,56.400001525878906,58030
2016-10-03,55.900001525878906,57.900001525878906,55.0,55.5,55.5,52830
2016-10-04,56.29999923706055,58.20000076293945,55.0,55.0,55.0,41990
2016-10-05,55.29999923706055,57.900001525878906,55.29999923706055,55.599998474121094,55.599998474121094,34120
2016-10-06,55.79999923706055,55.79999923706055,53.79999923706055,54.70000076293945,54.70000076293945,18010
2016-10-07,55.099998474121094,55.599998474121094,54.0,54.599998474121094,54.599998474121094,14640
2016-10-10,55.0,55.900001525878906,54.599998474121094,54.900001525878906,54.900001525878906,12590
2016-10-11,55.0,55.0,53.20000076293945,53.70000076293945,53.70000076293945,16300
2016-10-12,53.5,56.5,53.5,55.900001525878906,55.900001525878906,36890
2016-10-13,55.400001525878906,55.79999923706055,53.5,54.099998474121094,54.099998474121094,27570
2016-10-14,54.29999923706055,56.79999923706055,54.29999923706055,54.79999923706055,54.79999923706055,31740
2016-10-17,54.0,55.5,54.0,54.0,54.0,15730
2016-10-18,54.0,56.400001525878906,53.0,54.0,54.0,26200
2016-10-19,54.0,57.5,54.0,55.5,55.5,23820
2016-10-20,55.0,56.0,54.0,55.0,55.0,11880
2016-10-21,56.0,57.5,54.0,57.0,57.0,17700
2016-10-24,57.5,60.0,56.0,56.5,56.5,29030
2016-10-25,56.5,57.0,55.5,56.0,56.0,22530
2016-10-26,56.0,58.5,55.0,55.5,55.5,17690
2016-10-27,56.0,56.0,52.5,53.0,53.0,21890
2016-10-28,53.0,54.5,52.5,52.5,52.5,22060
2016-10-31,52.0,55.0,52.0,54.5,54.5,14490
2016-11-01,54.0,54.5,51.0,53.0,53.0,24730
2016-11-02,53.0,53.5,49.5,49.5,49.5,29230
2016-11-03,50.5,50.5,43.5,44.5,44.5,92200
2016-11-04,44.0,47.5,44.0,46.0,46.0,31990
2016-11-07,47.0,47.0,43.0,44.0,44.0,35650
2016-11-08,44.0,45.5,42.0,45.5,45.5,27920
2016-11-09,46.0,50.5,43.5,48.0,48.0,238390
2016-11-10,49.0,50.0,47.0,47.5,47.5,88600
2016-11-11,47.5,52.5,46.5,50.5,50.5,50640
2016-11-14,50.0,50.900001525878906,34.5,41.0,41.0,263780
2016-11-15,41.0,42.5,39.0,41.5,41.5,95110
2016-11-16,41.5,44.5,41.0,44.0,44.0,78460
2016-11-17,44.0,44.5,42.0,44.5,44.5,122630
2016-11-18,44.5,44.5,42.20000076293945,43.5,43.5,47290
2016-11-21,45.0,45.0,42.0,43.0,43.0,18020
2016-11-22,43.0,43.5,42.5,42.5,42.5,15050
2016-11-23,42.0,44.0,42.0,43.0,43.0,33860
2016-11-25,43.0,44.0,42.0,43.5,43.5,17610
2016-11-28,44.0,44.0,42.5,43.0,43.0,10500
2016-11-29,43.5,43.5,42.0,42.5,42.5,21010
2016-11-30,42.5,44.5,42.5,42.5,42.5,30050
2016-12-01,42.5,43.5,41.5,42.5,42.5,43410
2016-12-02,42.5,43.29999923706055,38.5,39.0,39.0,50520
2016-12-05,42.0,44.5,40.5,42.0,42.0,102980
2016-12-06,43.0,43.0,42.0,42.0,42.0,30540
2016-12-07,42.5,46.0,41.5,45.5,45.5,68790
2016-12-08,40.0,46.0,40.0,46.0,46.0,96040
2016-12-09,44.5,48.0,43.5,47.5,47.5,52790
2016-12-12,46.5,47.0,44.0,45.0,45.0,51270
2016-12-13,45.0,47.0,44.5,46.5,46.5,27410
2016-12-14,46.0,46.5,44.5,44.5,44.5,30620
2016-12-15,44.0,45.0,43.0,44.0,44.0,41470
2016-12-16,44.5,45.0,43.29999923706055,45.0,45.0,75450
2016-12-19,44.5,45.0,43.0,43.5,43.5,35050
2016-12-20,43.5,45.5,43.5,44.0,44.0,36090
2016-12-21,44.0,45.0,42.5,44.5,44.5,38370
2016-12-22,44.0,44.5,40.0,40.5,40.5,64040
2016-12-23,40.5,42.0,40.5,42.0,42.0,16980
2016-12-27,42.5,42.5,39.5,40.0,40.0,30850
2016-12-28,40.5,42.5,39.0,42.0,42.0,36630
2016-12-29,42.0,42.5,41.0,41.0,41.0,21160
2016-12-30,41.0,42.0,40.5,40.5,40.5,18790
2017-01-03,41.0,42.5,40.5,42.0,42.0,24800
2017-01-04,42.5,43.5,41.5,43.0,43.0,24090
2017-01-05,42.0,43.5,41.0,43.0,43.0,28510
2017-01-06,43.0,43.5,41.5,42.5,42.5,33090
2017-01-09,42.5,43.5,41.5,43.0,43.0,26790
2017-01-10,41.5,41.5,36.0,37.0,37.0,92230
2017-01-11,36.5,37.5,34.5,34.5,34.5,96690
2017-01-12,34.5,35.0,31.0,34.5,34.5,58800
2017-01-13,34.0,35.5,31.0,31.0,31.0,54640
2017-01-17,31.5,32.0,30.0,30.5,30.5,152590
2017-01-18,30.5,31.5,29.5,30.5,30.5,79160
2017-01-19,30.5,31.5,29.0,30.0,30.0,80500
2017-01-20,30.0,31.0,29.5,29.5,29.5,29250
2017-01-23,30.0,30.5,29.5,30.0,30.0,44810
2017-01-24,29.5,30.5,29.5,30.0,30.0,50520
2017-01-25,30.5,30.5,29.5,29.5,29.5,44030
2017-01-26,29.5,31.0,29.5,29.5,29.5,25660
2017-01-27,30.0,30.0,29.5,30.0,30.0,30110
2017-01-30,30.0,30.5,29.5,30.0,30.0,69000
2017-01-31,30.0,30.5,29.5,30.5,30.5,58950
2017-02-01,30.5,30.5,29.5,30.0,30.0,47860
2017-02-02,29.5,30.5,27.5,29.5,29.5,83940
2017-02-03,29.5,29.799999237060547,28.5,29.5,29.5,64260
2017-02-06,29.5,30.0,24.5,26.0,26.0,162930
2017-02-07,26.0,26.100000381469727,23.5,24.0,24.0,146120
2017-02-08,23.5,24.0,22.0,22.5,22.5,105670
2017-02-09,22.0,27.0,22.0,25.5,25.5,114500
2017-02-10,25.5,26.5,25.5,26.0,26.0,28410
2017-02-13,26.5,27.0,25.0,25.0,25.0,43400
2017-02-14,24.5,25.299999237060547,19.5,21.0,21.0,258600
2017-02-15,22.5,22.5,20.0,20.5,20.5,48350
2017-02-16,20.5,21.5,20.0,20.5,20.5,43490
2017-02-17,20.5,21.0,20.0,21.0,21.0,27030
2017-02-21,21.5,21.5,20.5,21.0,21.0,54240
2017-02-22,21.0,21.5,20.0,21.0,21.0,47660
2017-02-23,21.0,21.5,18.5,21.0,21.0,126610
2017-02-24,20.5,21.0,19.5,19.5,19.5,33830
2017-02-27,19.5,20.5,19.0,19.5,19.5,33630
2017-02-28,19.5,20.5,17.0,17.5,17.5,63420
2017-03-01,18.0,18.0,17.200000762939453,18.0,18.0,7720
2017-03-02,17.5,18.0,16.0,17.5,17.5,128810
2017-03-03,17.5,18.0,17.0,17.0,17.0,14620
2017-03-06,16.5,17.0,15.0,15.5,15.5,58680
2017-03-07,15.5,16.5,15.0,16.0,16.0,63310
2017-03-08,16.0,16.299999237060547,15.0,15.5,15.5,46940
2017-03-09,15.0,16.0,13.0,14.5,14.5,88850
2017-03-10,14.5,14.5,13.5,14.0,14.0,24250
2017-03-13,14.0,15.5,13.800000190734863,15.0,15.0,53760
2017-03-14,15.0,16.0,13.5,14.0,14.0,53600
2017-03-15,14.0,14.5,14.0,14.5,14.5,14330
2017-03-16,14.5,14.5,13.0,14.5,14.5,42600
2017-03-17,14.5,14.5,14.0,14.5,14.5,37900
2017-03-20,14.0,14.5,13.0,14.0,14.0,34480
2017-03-21,14.0,20.0,13.5,15.5,15.5,234190
2017-03-22,15.5,21.0,13.800000190734863,19.0,19.0,155570
2017-03-23,18.399999618530273,21.0,17.5,18.5,18.5,120940
2017-03-24,18.0,18.0,15.5,16.5,16.5,65210
2017-03-27,16.0,17.0,16.0,17.0,17.0,30090
2017-03-28,17.0,19.5,16.5,16.5,16.5,62270
2017-03-29,17.0,17.5,15.0,16.5,16.5,294060
2017-03-30,17.0,18.5,14.5,15.0,15.0,156200
2017-03-31,15.5,16.0,14.5,15.5,15.5,53100
2017-04-03,15.5,16.0,15.0,15.0,15.0,50770
2017-04-04,15.0,15.5,13.5,14.0,14.0,65970
2017-04-05,14.5,14.5,13.5,13.5,13.5,71540
2017-04-06,13.5,16.0,12.5,13.5,13.5,132350
2017-04-07,13.5,17.0,13.0,13.5,13.5,106450
2017-04-10,14.0,14.0,13.0,13.0,13.0,27250
2017-04-11,13.0,14.5,13.0,13.5,13.5,57310
2017-04-12,13.5,14.0,13.0,13.0,13.0,21030
2017-04-13,13.0,13.5,13.0,13.0,13.0,16820
2017-04-17,12.0,12.5,9.5,10.5,10.5,250950
2017-04-18,10.0,10.5,9.5,10.5,10.5,58850
2017-04-19,10.5,10.5,9.5,10.0,10.0,147090
2017-04-20,10.0,12.5,9.5,11.5,11.5,270030
2017-04-21,11.5,12.0,11.0,11.5,11.5,69920
2017-04-24,11.5,12.5,11.5,12.0,12.0,56160
2017-04-25,12.0,12.5,12.0,12.5,12.5,13610
2017-04-26,12.5,13.5,12.0,13.5,13.5,41290
2017-04-27,13.5,14.5,13.0,13.5,13.5,107960
2017-04-28,8.5,10.0,7.5,10.0,10.0,385300
2017-05-01,10.0,10.0,9.0,9.5,9.5,25820
2017-05-02,9.100000381469727,9.100000381469727,2.799999952316284,3.799999952316284,3.799999952316284,1129780
2017-05-03,3.700000047683716,5.5,3.5999999046325684,4.599999904632568,4.599999904632568,260740
2017-05-04,4.599999904632568,4.900000095367432,4.099999904632568,4.199999809265137,4.199999809265137,57860
2017-05-05,4.300000190734863,4.300000190734863,3.700000047683716,4.199999809265137,4.199999809265137,72800
2017-05-08,4.199999809265137,4.5,4.099999904632568,4.199999809265137,4.199999809265137,20630
2017-05-09,4.400000095367432,4.400000095367432,4.099999904632568,4.199999809265137,4.199999809265137,34590
2017-05-10,4.199999809265137,4.199999809265137,3.799999952316284,4.0,4.0,51390
2017-05-11,3.9000000953674316,4.199999809265137,3.5999999046325684,3.5999999046325684,3.5999999046325684,44580
2017-05-12,3.700000047683716,3.799999952316284,3.0999999046325684,3.299999952316284,3.299999952316284,104690
2017-05-15,3.0999999046325684,3.4000000953674316,3.0999999046325684,3.200000047683716,3.200000047683716,34500
2017-05-16,3.299999952316284,3.9000000953674316,3.200000047683716,3.700000047683716,3.700000047683716,75080
2017-05-17,3.5,3.5,3.200000047683716,3.200000047683716,3.200000047683716,77860
2017-05-18,3.0999999046325684,3.5,3.0999999046325684,3.299999952316284,3.299999952316284,66530
2017-05-19,5.5,5.5,4.199999809265137,4.5,4.5,488160
2017-05-22,4.300000190734863,4.599999904632568,3.799999952316284,4.400000095367432,4.400000095367432,94450
2017-05-23,4.5,5.599999904632568,4.099999904632568,5.400000095367432,5.400000095367432,346440
2017-05-24,5.599999904632568,5.699999809265137,4.699999809265137,5.0,5.0,128780
2017-05-25,5.0,6.400000095367432,4.599999904632568,5.900000095367432,5.900000095367432,250220
2017-05-26,6.099999904632568,6.800000190734863,5.300000190734863,5.5,5.5,240110
2017-05-30,5.5,6.0,5.0,5.800000190734863,5.800000190734863,82030
2017-05-31,6.199999809265137,6.699999809265137,5.5,6.0,6.0,229970
2017-06-01,6.0,6.599999904632568,5.800000190734863,5.800000190734863,5.800000190734863,83830
2017-06-02,6.0,6.199999809265137,5.800000190734863,5.800000190734863,5.800000190734863,64810
2017-06-05,5.800000190734863,6.0,5.5,5.699999809265137,5.699999809265137,48480
2017-06-06,5.599999904632568,5.699999809265137,5.199999809265137,5.400000095367432,5.400000095367432,51910
2017-06-07,5.400000095367432,5.5,4.5,5.199999809265137,5.199999809265137,105020
2017-06-08,4.699999809265137,5.800000190734863,4.5,5.5,5.5,104070
2017-06-09,5.699999809265137,5.699999809265137,5.0,5.099999904632568,5.099999904632568,27810
2017-06-12,5.0,5.5,4.599999904632568,4.699999809265137,4.699999809265137,74910
2017-06-13,4.900000095367432,5.099999904632568,4.699999809265137,5.0,5.0,16380
2017-06-14,4.900000095367432,5.099999904632568,4.599999904632568,5.0,5.0,45380
2017-06-15,4.800000190734863,5.300000190734863,4.800000190734863,5.0,5.0,27470
2017-06-16,4.900000095367432,5.199999809265137,4.5,4.5,4.5,49590
2017-06-19,5.0,5.300000190734863,4.800000190734863,5.199999809265137,5.199999809265137,37120
2017-06-20,5.199999809265137,5.400000095367432,4.599999904632568,4.800000190734863,4.800000190734863,41970
2017-06-21,5.0,5.0,4.599999904632568,4.699999809265137,4.699999809265137,27210
2017-06-22,4.599999904632568,5.199999809265137,4.599999904632568,5.0,5.0,49860
2017-06-23,5.099999904632568,5.099999904632568,4.599999904632568,4.599999904632568,4.599999904632568,251250
2017-06-26,4.599999904632568,5.0,4.599999904632568,4.900000095367432,4.900000095367432,28490
2017-06-27,4.900000095367432,5.0,4.699999809265137,4.699999809265137,4.699999809265137,26880
2017-06-28,4.900000095367432,5.300000190734863,4.699999809265137,4.800000190734863,4.800000190734863,49400
2017-06-29,4.800000190734863,4.900000095367432,4.599999904632568,4.699999809265137,4.699999809265137,33470
2017-06-30,4.800000190734863,4.800000190734863,4.599999904632568,4.699999809265137,4.699999809265137,26760
2017-07-03,4.699999809265137,4.900000095367432,4.599999904632568,4.699999809265137,4.699999809265137,9030
2017-07-05,4.699999809265137,4.699999809265137,4.599999904632568,4.599999904632568,4.599999904632568,30450
2017-07-06,4.800000190734863,5.300000190734863,4.599999904632568,4.800000190734863,4.800000190734863,70240
2017-07-07,4.900000095367432,6.400000095367432,4.900000095367432,6.0,6.0,295510
2017-07-10,6.099999904632568,8.5,5.800000190734863,7.800000190734863,7.800000190734863,959220
2017-07-11,7.400000095367432,7.5,6.099999904632568,6.199999809265137,6.199999809265137,156920
2017-07-12,6.400000095367432,6.400000095367432,5.300000190734863,5.900000095367432,5.900000095367432,97870
2017-07-13,5.900000095367432,6.199999809265137,5.599999904632568,5.800000190734863,5.800000190734863,27940
2017-07-14,5.5,6.099999904632568,5.400000095367432,5.599999904632568,5.599999904632568,35110
2017-07-17,5.599999904632568,6.0,5.300000190734863,5.599999904632568,5.599999904632568,28950
2017-07-18,5.5,5.900000095367432,5.0,5.300000190734863,5.300000190734863,25930
2017-07-19,5.400000095367432,5.900000095367432,5.300000190734863,5.5,5.5,23610
2017-07-20,5.599999904632568,6.300000190734863,5.300000190734863,6.099999904632568,6.099999904632568,48600
2017-07-21,6.0,6.800000190734863,5.699999809265137,6.099999904632568,6.099999904632568,95810
2017-07-24,5.900000095367432,6.900000095367432,5.800000190734863,6.300000190734863,6.300000190734863,61230
2017-07-25,6.300000190734863,6.599999904632568,6.0,6.400000095367432,6.400000095367432,23120
2017-07-26,6.599999904632568,6.599999904632568,5.5,5.800000190734863,5.800000190734863,44340
2017-07-27,5.800000190734863,6.0,5.5,5.599999904632568,5.599999904632568,25340
2017-07-28,5.599999904632568,5.900000095367432,5.400000095367432,5.800000190734863,5.800000190734863,17310
2017-07-31,6.0,6.0,5.400000095367432,5.599999904632568,5.599999904632568,20960
2017-08-01,5.599999904632568,5.599999904632568,5.300000190734863,5.300000190734863,5.300000190734863,24310
2017-08-02,5.300000190734863,5.5,5.199999809265137,5.300000190734863,5.300000190734863,19310
2017-08-03,5.300000190734863,5.699999809265137,5.199999809265137,5.5,5.5,27920
2017-08-04,5.5,5.599999904632568,5.199999809265137,5.5,5.5,14880
2017-08-07,5.300000190734863,5.599999904632568,5.300000190734863,5.400000095367432,5.400000095367432,7830
2017-08-08,5.599999904632568,5.599999904632568,5.199999809265137,5.5,5.5,10620
2017-08-09,5.599999904632568,5.599999904632568,5.199999809265137,5.300000190734863,5.300000190734863,17090
2017-08-10,5.199999809265137,5.5,4.5,4.599999904632568,4.599999904632568,47640
2017-08-11,4.599999904632568,5.199999809265137,4.5,5.0,5.0,56500
2017-08-14,4.900000095367432,5.099999904632568,4.5,4.900000095367432,4.900000095367432,80520
2017-08-15,4.699999809265137,4.800000190734863,4.199999809265137,4.5,4.5,89340
2017-08-16,4.5,4.800000190734863,4.5,4.599999904632568,4.599999904632568,20550
2017-08-17,4.400000095367432,4.699999809265137,4.400000095367432,4.5,4.5,15970
2017-08-18,4.5,4.800000190734863,4.5,4.599999904632568,4.599999904632568,31550
2017-08-21,4.699999809265137,4.900000095367432,4.5,4.599999904632568,4.599999904632568,7020
2017-08-22,4.5,4.800000190734863,4.5,4.699999809265137,4.699999809265137,22670
2017-08-23,4.699999809265137,5.099999904632568,4.400000095367432,4.599999904632568,4.599999904632568,34380
2017-08-24,4.599999904632568,5.0,4.5,4.5,4.5,30730
2017-08-25,4.5,5.0,4.5,4.699999809265137,4.699999809265137,41630
2017-08-28,4.800000190734863,4.800000190734863,4.599999904632568,4.599999904632568,4.599999904632568,7400
2017-08-29,4.699999809265137,4.699999809265137,4.599999904632568,4.599999904632568,4.599999904632568,5040
2017-08-30,4.5,4.800000190734863,4.5,4.699999809265137,4.699999809265137,9780
2017-08-31,4.699999809265137,4.800000190734863,4.5,4.599999904632568,4.599999904632568,27410
2017-09-01,4.5,4.699999809265137,4.199999809265137,4.599999904632568,4.599999904632568,26070
2017-09-05,4.699999809265137,4.699999809265137,4.199999809265137,4.5,4.5,38630
2017-09-06,4.400000095367432,5.199999809265137,4.400000095367432,4.900000095367432,4.900000095367432,63200
2017-09-07,5.0,5.800000190734863,4.900000095367432,5.199999809265137,5.199999809265137,70990
2017-09-08,5.199999809265137,5.400000095367432,4.900000095367432,5.199999809265137,5.199999809265137,16720
2017-09-11,5.199999809265137,5.5,4.599999904632568,4.900000095367432,4.900000095367432,14960
2017-09-12,4.900000095367432,5.300000190734863,4.900000095367432,5.199999809265137,5.199999809265137,18370
2017-09-13,5.300000190734863,6.199999809265137,5.199999809265137,5.599999904632568,5.599999904632568,258240
2017-09-14,5.5,6.099999904632568,5.400000095367432,6.0,6.0,129650
2017-09-15,5.900000095367432,6.099999904632568,5.5,5.800000190734863,5.800000190734863,27250
2017-09-18,6.0,6.300000190734863,5.699999809265137,5.900000095367432,5.900000095367432,36680
2017-09-19,5.800000190734863,6.099999904632568,5.699999809265137,5.900000095367432,5.900000095367432,15990
2017-09-20,5.800000190734863,6.099999904632568,5.699999809265137,5.699999809265137,5.699999809265137,66120
2017-09-21,5.699999809265137,6.099999904632568,5.699999809265137,6.0,6.0,43380
2017-09-22,6.0,6.800000190734863,5.900000095367432,6.300000190734863,6.300000190734863,68110
2017-09-25,6.599999904632568,6.599999904632568,6.099999904632568,6.199999809265137,6.199999809265137,11820
2017-09-26,6.300000190734863,6.400000095367432,5.900000095367432,6.099999904632568,6.099999904632568,12080
2017-09-27,5.800000190734863,6.300000190734863,5.800000190734863,6.099999904632568,6.099999904632568,8880
2017-09-28,6.199999809265137,6.300000190734863,6.0,6.199999809265137,6.199999809265137,9110
2017-09-29,5.699999809265137,6.199999809265137,5.699999809265137,6.0,6.0,47560
2017-10-02,6.0,6.5,6.0,6.199999809265137,6.199999809265137,15360
2017-10-03,6.300000190734863,6.400000095367432,5.900000095367432,6.0,6.0,30220
2017-10-04,6.0,6.300000190734863,6.0,6.0,6.0,8270
2017-10-05,6.300000190734863,6.300000190734863,6.0,6.099999904632568,6.099999904632568,12750
2017-10-06,6.199999809265137,6.300000190734863,6.0,6.099999904632568,6.099999904632568,7180
2017-10-09,6.0,6.199999809265137,5.400000095367432,5.5,5.5,16780
2017-10-10,5.5,5.800000190734863,5.199999809265137,5.5,5.5,37450
2017-10-11,5.300000190734863,5.599999904632568,5.099999904632568,5.599999904632568,5.599999904632568,32650
2017-10-12,5.5,5.599999904632568,5.0,5.099999904632568,5.099999904632568,27150
2017-10-13,5.099999904632568,5.300000190734863,4.900000095367432,5.0,5.0,17690
2017-10-16,5.0,5.199999809265137,4.599999904632568,5.099999904632568,5.099999904632568,22690
2017-10-17,5.099999904632568,5.099999904632568,4.699999809265137,4.900000095367432,4.900000095367432,13210
2017-10-18,4.900000095367432,5.0,4.699999809265137,4.900000095367432,4.900000095367432,26310
2017-10-19,5.099999904632568,5.099999904632568,4.5,4.699999809265137,4.699999809265137,20480
2017-10-20,4.699999809265137,4.699999809265137,4.5,4.5,4.5,22770
2017-10-23,4.5,4.699999809265137,4.400000095367432,4.5,4.5,23370
2017-10-24,4.599999904632568,4.599999904632568,3.880000114440918,4.409999847412109,4.409999847412109,56300
2017-10-25,4.46999979019165,4.659999847412109,4.099999904632568,4.199999809265137,4.199999809265137,31300
2017-10-26,4.199999809265137,4.269999980926514,4.150000095367432,4.269999980926514,4.269999980926514,14900
2017-10-27,4.300000190734863,4.300000190734863,3.680000066757202,3.680000066757202,3.680000066757202,64000
2017-10-30,3.690000057220459,3.799999952316284,3.690000057220459,3.7799999713897705,3.7799999713897705,40600
2017-10-31,3.75,3.799999952316284,3.259999990463257,3.609999895095825,3.609999895095825,235000
2017-11-01,3.609999895095825,3.7799999713897705,3.609999895095825,3.6500000953674316,3.6500000953674316,24400
2017-11-02,3.700000047683716,3.940000057220459,3.700000047683716,3.9000000953674316,3.9000000953674316,37900
2017-11-03,3.9100000858306885,4.010000228881836,3.5799999237060547,3.609999895095825,3.609999895095825,21500
2017-11-06,3.640000104904175,3.7100000381469727,3.3499999046325684,3.4800000190734863,3.4800000190734863,29300
2017-11-07,3.4800000190734863,3.5199999809265137,3.25,3.390000104904175,3.390000104904175,23500
2017-11-08,3.3499999046325684,3.380000114440918,3.200000047683716,3.2200000286102295,3.2200000286102295,26200
2017-11-09,3.2100000381469727,3.3299999237060547,3.2100000381469727,3.2699999809265137,3.2699999809265137,6900
2017-11-10,3.2799999713897705,3.319999933242798,3.25,3.319999933242798,3.319999933242798,7900
2017-11-13,3.259999990463257,3.490000009536743,3.259999990463257,3.450000047683716,3.450000047683716,7700
2017-11-14,3.4000000953674316,3.5,3.390000104904175,3.5,3.5,3900
2017-11-15,3.4000000953674316,3.5399999618530273,3.3299999237060547,3.5,3.5,8500
2017-11-16,3.5,3.75,3.5,3.630000114440918,3.630000114440918,19500
2017-11-17,3.640000104904175,3.740000009536743,3.640000104904175,3.690000057220459,3.690000057220459,13400
2017-11-20,3.6500000953674316,3.7200000286102295,3.640000104904175,3.700000047683716,3.700000047683716,5000
2017-11-21,3.740000009536743,4.460000038146973,3.740000009536743,4.260000228881836,4.260000228881836,66100
2017-11-22,4.329999923706055,4.329999923706055,3.940000057220459,4.050000190734863,4.050000190734863,20500
2017-11-24,4.070000171661377,4.139999866485596,4.070000171661377,4.139999866485596,4.139999866485596,1200
2017-11-27,4.230000019073486,4.349999904632568,4.159999847412109,4.349999904632568,4.349999904632568,14400
2017-11-28,4.300000190734863,4.46999979019165,4.289999961853027,4.46999979019165,4.46999979019165,13000
2017-11-29,4.46999979019165,5.210000038146973,4.429999828338623,4.980000019073486,4.980000019073486,112500
2017-11-30,4.96999979019165,4.96999979019165,4.699999809265137,4.949999809265137,4.949999809265137,20800
2017-12-01,4.900000095367432,4.949999809265137,4.78000020980835,4.929999828338623,4.929999828338623,7400
2017-12-04,4.929999828338623,5.0,4.809999942779541,4.940000057220459,4.940000057220459,11100
2017-12-05,4.909999847412109,5.139999866485596,4.860000133514404,5.130000114440918,5.130000114440918,39600
2017-12-06,5.050000190734863,5.050000190734863,4.630000114440918,4.710000038146973,4.710000038146973,18400
2017-12-07,5.309999942779541,5.800000190734863,4.980000019073486,5.0,5.0,181500
2017-12-08,5.070000171661377,5.389999866485596,5.010000228881836,5.139999866485596,5.139999866485596,81500
2017-12-11,5.099999904632568,5.199999809265137,4.710000038146973,4.739999771118164,4.739999771118164,57600
2017-12-12,4.849999904632568,4.849999904632568,4.429999828338623,4.800000190734863,4.800000190734863,32600
2017-12-13,4.699999809265137,5.0,4.699999809265137,4.929999828338623,4.929999828338623,41700
2017-12-14,4.900000095367432,5.0,4.820000171661377,4.849999904632568,4.849999904632568,21900
2017-12-15,4.880000114440918,4.920000076293945,4.590000152587891,4.599999904632568,4.599999904632568,26900
2017-12-18,4.699999809265137,4.860000133514404,4.599999904632568,4.610000133514404,4.610000133514404,43300
2017-12-19,4.699999809265137,4.75,4.599999904632568,4.710000038146973,4.710000038146973,32700
2017-12-20,4.699999809265137,4.980000019073486,4.699999809265137,4.980000019073486,4.980000019073486,23000
2017-12-21,4.96999979019165,5.059999942779541,4.909999847412109,5.010000228881836,5.010000228881836,44500
2017-12-22,5.070000171661377,5.28000020980835,5.010000228881836,5.21999979019165,5.21999979019165,52200
2017-12-26,5.230000019073486,6.159999847412109,5.179999828338623,5.630000114440918,5.630000114440918,175400
2017-12-27,5.849999904632568,5.860000133514404,5.25,5.599999904632568,5.599999904632568,43200
2017-12-28,5.599999904632568,6.130000114440918,5.400000095367432,6.079999923706055,6.079999923706055,86300
2017-12-29,6.0,6.230000019073486,6.0,6.190000057220459,6.190000057220459,58200
2018-01-02,6.230000019073486,6.440000057220459,6.190000057220459,6.239999771118164,6.239999771118164,39200
2018-01-03,6.300000190734863,6.309999942779541,5.739999771118164,6.050000190734863,6.050000190734863,33600
2018-01-04,6.039999961853027,6.170000076293945,5.78000020980835,5.940000057220459,5.940000057220459,11900
2018-01-05,5.920000076293945,6.150000095367432,5.909999847412109,6.0,6.0,21600
2018-01-08,6.0,6.059999942779541,5.849999904632568,5.940000057220459,5.940000057220459,14300
2018-01-09,5.949999809265137,6.079999923706055,5.880000114440918,5.880000114440918,5.880000114440918,26300
2018-01-10,7.0,7.050000190734863,6.170000076293945,6.400000095367432,6.400000095367432,216800
2018-01-11,6.550000190734863,6.559999942779541,6.300000190734863,6.510000228881836,6.510000228881836,44600
2018-01-12,6.5,6.519999980926514,6.400000095367432,6.460000038146973,6.460000038146973,28700
2018-01-16,6.579999923706055,6.699999809265137,6.21999979019165,6.360000133514404,6.360000133514404,24700
2018-01-17,6.230000019073486,6.420000076293945,6.230000019073486,6.340000152587891,6.340000152587891,13900
2018-01-18,6.340000152587891,6.380000114440918,6.179999828338623,6.210000038146973,6.210000038146973,20800
2018-01-19,6.329999923706055,6.489999771118164,6.179999828338623,6.429999828338623,6.429999828338623,34600
2018-01-22,6.550000190734863,6.599999904632568,6.130000114440918,6.190000057220459,6.190000057220459,48100
2018-01-23,6.099999904632568,6.429999828338623,6.039999961853027,6.25,6.25,46200
2018-01-24,6.269999980926514,7.300000190734863,6.21999979019165,6.570000171661377,6.570000171661377,159800
2018-01-25,6.570000171661377,6.929999828338623,6.5,6.739999771118164,6.739999771118164,17000
2018-01-26,6.75,6.96999979019165,6.670000076293945,6.920000076293945,6.920000076293945,8200
2018-01-29,7.0,7.230000019073486,6.809999942779541,6.96999979019165,6.96999979019165,16400
2018-01-30,6.900000095367432,7.400000095367432,6.900000095367432,7.25,7.25,38400
2018-01-31,7.300000190734863,7.409999847412109,7.210000038146973,7.320000171661377,7.320000171661377,9100
2018-02-01,7.349999904632568,7.849999904632568,7.349999904632568,7.820000171661377,7.820000171661377,35500
2018-02-02,7.849999904632568,7.849999904632568,7.53000020980835,7.679999828338623,7.679999828338623,19300
2018-02-05,7.699999809265137,7.699999809265137,7.329999923706055,7.539999961853027,7.539999961853027,17100
2018-02-06,7.400000095367432,7.659999847412109,6.920000076293945,6.920000076293945,6.920000076293945,61100
2018-02-07,6.920000076293945,7.630000114440918,6.900000095367432,7.449999809265137,7.449999809265137,44600
2018-02-08,7.449999809265137,7.449999809265137,7.019999980926514,7.019999980926514,7.019999980926514,13100
2018-02-09,7.25,7.25,6.610000133514404,7.0,7.0,35000
2018-02-12,6.949999809265137,7.260000228881836,6.949999809265137,7.099999904632568,7.099999904632568,29000
2018-02-13,7.039999961853027,7.119999885559082,7.019999980926514,7.050000190734863,7.050000190734863,3000
2018-02-14,7.170000076293945,7.5,7.170000076293945,7.449999809265137,7.449999809265137,38200
2018-02-15,7.5,8.220000267028809,7.460000038146973,8.0,8.0,61800
2018-02-16,8.050000190734863,8.430000305175781,8.050000190734863,8.380000114440918,8.380000114440918,35600
2018-02-20,8.470000267028809,8.539999961853027,8.350000381469727,8.350000381469727,8.350000381469727,46700
2018-02-21,8.390000343322754,8.539999961853027,8.069999694824219,8.489999771118164,8.489999771118164,44100
2018-02-22,8.529999732971191,8.539999961853027,8.329999923706055,8.399999618530273,8.399999618530273,7800
2018-02-23,8.539999961853027,8.539999961853027,8.430000305175781,8.489999771118164,8.489999771118164,11500
2018-02-26,8.489999771118164,8.5,8.350000381469727,8.460000038146973,8.460000038146973,24800
2018-02-27,9.449999809265137,9.520000457763672,8.529999732971191,8.970000267028809,8.970000267028809,77800
2018-02-28,8.880000114440918,9.0,8.289999961853027,8.630000114440918,8.630000114440918,49800
2018-03-01,8.550000190734863,8.5600004196167,8.239999771118164,8.520000457763672,8.520000457763672,19700
2018-03-02,8.399999618530273,9.029999732971191,8.359999656677246,8.850000381469727,8.850000381469727,45400
2018-03-05,8.899999618530273,9.15999984741211,8.75,8.970000267028809,8.970000267028809,20000
2018-03-06,8.9399995803833,9.149999618530273,8.819999694824219,9.149999618530273,9.149999618530273,15700
2018-03-07,9.050000190734863,9.5,8.890000343322754,9.199999809265137,9.199999809265137,22400
2018-03-08,9.1899995803833,9.1899995803833,9.010000228881836,9.079999923706055,9.079999923706055,13900
2018-03-09,9.0,9.020000457763672,8.859999656677246,9.010000228881836,9.010000228881836,17700
2018-03-12,8.899999618530273,9.0,8.850000381469727,9.0,9.0,7500
2018-03-13,8.970000267028809,9.229999542236328,8.890000343322754,9.109999656677246,9.109999656677246,5500
2018-03-14,9.050000190734863,9.270000457763672,8.859999656677246,8.979999542236328,8.979999542236328,6700
2018-03-15,8.920000076293945,9.170000076293945,8.789999961853027,9.020000457763672,9.020000457763672,27600
2018-03-16,9.180000305175781,9.40999984741211,8.90999984741211,8.920000076293945,8.920000076293945,24600
2018-03-19,9.020000457763672,9.140000343322754,8.8100004196167,9.0,9.0,17500
2018-03-20,8.960000038146973,9.010000228881836,8.829999923706055,8.84000015258789,8.84000015258789,10300
2018-03-21,8.899999618530273,9.0,8.84000015258789,8.930000305175781,8.930000305175781,8000
2018-03-22,8.960000038146973,8.960000038146973,8.699999809265137,8.710000038146973,8.710000038146973,13200
2018-03-23,8.800000190734863,8.800000190734863,8.449999809265137,8.569999694824219,8.569999694824219,16500
2018-03-26,8.880000114440918,8.949999809265137,8.529999732971191,8.779999732971191,8.779999732971191,16600
2018-03-27,8.880000114440918,8.989999771118164,8.5,8.6899995803833,8.6899995803833,21000
2018-03-28,8.829999923706055,8.850000381469727,8.619999885559082,8.84000015258789,8.84000015258789,7300
2018-03-29,8.890000343322754,9.0,8.789999961853027,8.949999809265137,8.949999809265137,56400
2018-04-02,9.0,9.0,8.850000381469727,8.989999771118164,8.989999771118164,3100
2018-04-03,9.0,9.0,8.859999656677246,8.899999618530273,8.899999618530273,20400
2018-04-04,8.899999618530273,8.989999771118164,8.75,8.8100004196167,8.8100004196167,23400
2018-04-05,8.899999618530273,8.899999618530273,8.520000457763672,8.670000076293945,8.670000076293945,46000
2018-04-06,8.640000343322754,8.649999618530273,8.449999809265137,8.449999809265137,8.449999809265137,31400
2018-04-09,8.489999771118164,8.489999771118164,7.880000114440918,8.210000038146973,8.210000038146973,42900
2018-04-10,8.279999732971191,8.569999694824219,8.279999732971191,8.489999771118164,8.489999771118164,13800
2018-04-11,8.569999694824219,8.789999961853027,8.550000190734863,8.619999885559082,8.619999885559082,21900
2018-04-12,8.699999809265137,8.770000457763672,8.600000381469727,8.600000381469727,8.600000381469727,17100
2018-04-13,8.619999885559082,8.9399995803833,7.929999828338623,8.789999961853027,8.789999961853027,98100
2018-04-16,8.75,9.0,8.369999885559082,8.989999771118164,8.989999771118164,88400
2018-04-17,8.949999809265137,9.079999923706055,8.380000114440918,8.859999656677246,8.859999656677246,145400
2018-04-18,8.949999809265137,9.0,8.84000015258789,8.979999542236328,8.979999542236328,30400
2018-04-19,8.850000381469727,9.0,8.850000381469727,8.970000267028809,8.970000267028809,5600
2018-04-20,8.930000305175781,9.130000114440918,8.90999984741211,8.970000267028809,8.970000267028809,25000
2018-04-23,9.0,9.0,8.8100004196167,8.8100004196167,8.8100004196167,9600
2018-04-24,8.789999961853027,9.100000381469727,8.680000305175781,9.0,9.0,12700
2018-04-25,9.0,9.1899995803833,8.710000038146973,8.930000305175781,8.930000305175781,31300
2018-04-26,8.850000381469727,9.09000015258789,8.850000381469727,9.0,9.0,13200
2018-04-27,8.949999809265137,9.09000015258789,8.920000076293945,8.979999542236328,8.979999542236328,14400
2018-04-30,8.989999771118164,9.130000114440918,8.829999923706055,8.979999542236328,8.979999542236328,16500
2018-05-01,8.930000305175781,9.0,8.779999732971191,9.0,9.0,8900
2018-05-02,8.930000305175781,9.0,8.930000305175781,9.0,9.0,5800
2018-05-03,8.949999809265137,9.0,8.890000343322754,8.949999809265137,8.949999809265137,6400
2018-05-04,8.930000305175781,9.0,8.84000015258789,8.920000076293945,8.920000076293945,16900
2018-05-07,8.920000076293945,9.069999694824219,8.859999656677246,8.989999771118164,8.989999771118164,10200
2018-05-08,8.949999809265137,9.100000381469727,8.920000076293945,8.930000305175781,8.930000305175781,18100
2018-05-09,8.989999771118164,9.039999961853027,8.65999984741211,8.869999885559082,8.869999885559082,37100
2018-05-10,8.869999885559082,9.0,8.869999885559082,8.970000267028809,8.970000267028809,8000
2018-05-11,9.0,9.039999961853027,8.970000267028809,9.010000228881836,9.010000228881836,33600
2018-05-14,9.010000228881836,9.050000190734863,8.949999809265137,9.010000228881836,9.010000228881836,13600
2018-05-15,8.979999542236328,9.140000343322754,8.960000038146973,8.979999542236328,8.979999542236328,12000
2018-05-16,9.130000114440918,9.130000114440918,8.850000381469727,8.880000114440918,8.880000114440918,24800
2018-05-17,8.960000038146973,9.09000015258789,8.84000015258789,8.899999618530273,8.899999618530273,22800
2018-05-18,9.069999694824219,9.069999694824219,8.779999732971191,8.850000381469727,8.850000381469727,20800
2018-05-21,8.75,8.979999542236328,8.75,8.890000343322754,8.890000343322754,21100
2018-05-22,8.949999809265137,9.020000457763672,8.859999656677246,8.949999809265137,8.949999809265137,6900
2018-05-23,8.970000267028809,9.0,8.890000343322754,9.0,9.0,8100
2018-05-24,9.0,9.489999771118164,8.960000038146973,9.420000076293945,9.420000076293945,40200
2018-05-25,9.479999542236328,9.75,9.069999694824219,9.149999618530273,9.149999618530273,93400
2018-05-29,9.149999618530273,9.699999809265137,9.149999618530273,9.430000305175781,9.430000305175781,21000
2018-05-30,9.100000381469727,10.960000038146973,8.920000076293945,10.770000457763672,10.770000457763672,112100
2018-05-31,10.899999618530273,11.300000190734863,10.829999923706055,11.220000267028809,11.220000267028809,53500
2018-06-01,11.449999809265137,11.5,11.0600004196167,11.350000381469727,11.350000381469727,38600
2018-06-04,11.800000190734863,12.0,11.739999771118164,11.880000114440918,11.880000114440918,33300
2018-06-05,11.880000114440918,12.319999694824219,11.880000114440918,12.029999732971191,12.029999732971191,18600
2018-06-06,12.050000190734863,12.170000076293945,11.800000190734863,12.100000381469727,12.100000381469727,20200
2018-06-07,12.079999923706055,12.079999923706055,11.630000114440918,11.729999542236328,11.729999542236328,33800
2018-06-08,11.649999618530273,12.050000190734863,11.010000228881836,11.90999984741211,11.90999984741211,21200
2018-06-11,11.970000267028809,12.859999656677246,11.970000267028809,12.34000015258789,12.34000015258789,22700
2018-06-12,12.5600004196167,12.710000038146973,12.369999885559082,12.40999984741211,12.40999984741211,31700
2018-06-13,12.59000015258789,13.739999771118164,12.579999923706055,13.6899995803833,13.6899995803833,103200
2018-06-14,13.890000343322754,14.350000381469727,13.5,13.899999618530273,13.899999618530273,202300
2018-06-15,14.0,15.399999618530273,14.0,14.899999618530273,14.899999618530273,186400
2018-06-18,14.800000190734863,16.579999923706055,14.800000190734863,16.010000228881836,16.010000228881836,151200
2018-06-19,15.819999694824219,16.600000381469727,15.65999984741211,16.489999771118164,16.489999771118164,71000
2018-06-20,16.75,17.299999237060547,16.170000076293945,16.360000610351562,16.360000610351562,70400
2018-06-21,16.469999313354492,16.600000381469727,16.100000381469727,16.139999389648438,16.139999389648438,43500
2018-06-22,16.270000457763672,16.5,15.380000114440918,16.110000610351562,16.110000610351562,55900
2018-06-25,15.949999809265137,16.100000381469727,15.0600004196167,15.800000190734863,15.800000190734863,71900
2018-06-26,15.760000228881836,16.809999465942383,15.529999732971191,16.299999237060547,16.299999237060547,41300
2018-06-27,16.6299991607666,17.229999542236328,16.260000228881836,16.469999313354492,16.469999313354492,55700
2018-06-28,16.520000457763672,16.84000015258789,15.720000267028809,16.299999237060547,16.299999237060547,29300
2018-06-29,16.459999084472656,16.56999969482422,16.229999542236328,16.489999771118164,16.489999771118164,18300
2018-07-02,16.360000610351562,16.889999389648438,15.779999732971191,16.780000686645508,16.780000686645508,20300
2018-07-03,16.790000915527344,17.100000381469727,16.43000030517578,16.790000915527344,16.790000915527344,17900
2018-07-05,16.950000762939453,17.149999618530273,16.600000381469727,16.920000076293945,16.920000076293945,31400
2018-07-06,17.0,17.239999771118164,16.75,16.979999542236328,16.979999542236328,25500
2018-07-09,17.1200008392334,18.0,16.860000610351562,17.81999969482422,17.81999969482422,73600
2018-07-10,18.0,19.84000015258789,18.0,19.239999771118164,19.239999771118164,101100
2018-07-11,19.219999313354492,19.229999542236328,16.229999542236328,18.190000534057617,18.190000534057617,85200
2018-07-12,18.149999618530273,18.899999618530273,17.889999389648438,18.649999618530273,18.649999618530273,59300
2018-07-13,18.729999542236328,19.079999923706055,18.270000457763672,18.829999923706055,18.829999923706055,56400
2018-07-16,19.09000015258789,19.649999618530273,18.65999984741211,19.540000915527344,19.540000915527344,87100
2018-07-17,19.6200008392334,21.079999923706055,19.3799991607666,20.65999984741211,20.65999984741211,114600
2018-07-18,20.770000457763672,20.8700008392334,19.790000915527344,20.260000228881836,20.260000228881836,81300
2018-07-19,20.309999465942383,20.59000015258789,20.0,20.3799991607666,20.3799991607666,43300
2018-07-20,20.34000015258789,20.68000030517578,20.15999984741211,20.270000457763672,20.270000457763672,31100
2018-07-23,20.31999969482422,20.729999542236328,19.459999084472656,20.290000915527344,20.290000915527344,51800
2018-07-24,20.350000381469727,20.719999313354492,19.0,19.600000381469727,19.600000381469727,54000
2018-07-25,19.59000015258789,20.389999389648438,19.56999969482422,20.170000076293945,20.170000076293945,49300
2018-07-26,20.290000915527344,20.31999969482422,19.399999618530273,19.959999084472656,19.959999084472656,54000
2018-07-27,19.850000381469727,20.549999237060547,19.59000015258789,20.0,20.0,54800
2018-07-30,20.0,20.549999237060547,19.440000534057617,19.719999313354492,19.719999313354492,49100
2018-07-31,19.549999237060547,19.6299991607666,17.65999984741211,17.709999084472656,17.709999084472656,115200
2018-08-01,17.649999618530273,18.25,17.649999618530273,17.8799991607666,17.8799991607666,51800
2018-08-02,17.799999237060547,18.360000610351562,17.5,17.770000457763672,17.770000457763672,34400
2018-08-03,17.649999618530273,18.18000030517578,17.510000228881836,17.790000915527344,17.790000915527344,34300
2018-08-06,17.850000381469727,18.40999984741211,17.729999542236328,18.170000076293945,18.170000076293945,33900
2018-08-07,18.149999618530273,18.229999542236328,17.5,17.719999313354492,17.719999313354492,55000
2018-08-08,18.100000381469727,18.889999389648438,18.100000381469727,18.31999969482422,18.31999969482422,52400
2018-08-09,18.200000762939453,19.18000030517578,17.8700008392334,18.6299991607666,18.6299991607666,41000
2018-08-10,18.469999313354492,20.049999237060547,18.389999389648438,19.770000457763672,19.770000457763672,55800
2018-08-13,19.780000686645508,20.719999313354492,19.780000686645508,20.34000015258789,20.34000015258789,42400
2018-08-14,20.290000915527344,23.5,20.059999465942383,23.450000762939453,23.450000762939453,162200
2018-08-15,23.479999542236328,23.690000534057617,22.020000457763672,22.299999237060547,22.299999237060547,81300
2018-08-16,22.420000076293945,22.5,21.959999084472656,22.40999984741211,22.40999984741211,39700
2018-08-17,22.200000762939453,22.84000015258789,22.010000228881836,22.520000457763672,22.520000457763672,64700
2018-08-20,22.600000381469727,22.81999969482422,22.399999618530273,22.700000762939453,22.700000762939453,27300
2018-08-21,22.700000762939453,23.15999984741211,22.149999618530273,22.579999923706055,22.579999923706055,42000
2018-08-22,22.479999542236328,24.170000076293945,22.15999984741211,23.670000076293945,23.670000076293945,77100
2018-08-23,23.940000534057617,24.190000534057617,22.8700008392334,23.229999542236328,23.229999542236328,32300
2018-08-24,23.049999237060547,23.049999237060547,22.31999969482422,22.670000076293945,22.670000076293945,36200
2018-08-27,22.670000076293945,22.719999313354492,21.299999237060547,21.700000762939453,21.700000762939453,72200
2018-08-28,21.760000228881836,22.0,20.950000762939453,21.040000915527344,21.040000915527344,59300
2018-08-29,21.0,22.260000228881836,19.90999984741211,21.950000762939453,21.950000762939453,82200
2018-08-30,21.510000228881836,21.809999465942383,20.43000030517578,20.719999313354492,20.719999313354492,38900
2018-08-31,20.700000762939453,21.81999969482422,20.700000762939453,21.09000015258789,21.09000015258789,39800
2018-09-04,21.09000015258789,21.739999771118164,20.5,21.43000030517578,21.43000030517578,44200
2018-09-05,21.43000030517578,21.43000030517578,18.65999984741211,19.1299991607666,19.1299991607666,77000
2018-09-06,19.18000030517578,19.84000015258789,18.1299991607666,18.239999771118164,18.239999771118164,49800
2018-09-07,18.110000610351562,18.510000228881836,17.56999969482422,17.920000076293945,17.920000076293945,32200
2018-09-10,17.93000030517578,18.899999618530273,17.770000457763672,18.260000228881836,18.260000228881836,13500
2018-09-11,18.270000457763672,19.049999237060547,17.790000915527344,18.219999313354492,18.219999313354492,56800
2018-09-12,18.219999313354492,18.649999618530273,18.020000457763672,18.149999618530273,18.149999618530273,24700
2018-09-13,20.190000534057617,20.190000534057617,15.770000457763672,16.350000381469727,16.350000381469727,146300
2018-09-14,16.34000015258789,16.510000228881836,15.770000457763672,16.1299991607666,16.1299991607666,113400
2018-09-17,16.110000610351562,16.3799991607666,15.149999618530273,15.569999694824219,15.569999694824219,97500
2018-09-18,15.600000381469727,16.530000686645508,15.220000267028809,16.18000030517578,16.18000030517578,96400
2018-09-19,16.079999923706055,16.31999969482422,14.609999656677246,14.880000114440918,14.880000114440918,85600
2018-09-20,15.0,15.130000114440918,14.449999809265137,14.899999618530273,14.899999618530273,98800
2018-09-21,14.930000305175781,15.350000381469727,14.449999809265137,14.510000228881836,14.510000228881836,68700
2018-09-24,14.600000381469727,14.65999984741211,14.149999618530273,14.270000457763672,14.270000457763672,40400
2018-09-25,14.279999732971191,14.710000038146973,14.149999618530273,14.449999809265137,14.449999809265137,125000
2018-09-26,14.460000038146973,14.59000015258789,14.050000190734863,14.5600004196167,14.5600004196167,46800
2018-09-27,14.729999542236328,15.140000343322754,14.569999694824219,14.779999732971191,14.779999732971191,37800
2018-09-28,14.949999809265137,14.949999809265137,14.579999923706055,14.75,14.75,40900
2018-10-01,14.859999656677246,15.460000038146973,14.739999771118164,15.220000267028809,15.220000267028809,35300
2018-10-02,15.229999542236328,15.229999542236328,13.779999732971191,14.300000190734863,14.300000190734863,66100
2018-10-03,14.34000015258789,15.050000190734863,14.199999809265137,14.949999809265137,14.949999809265137,26000
2018-10-04,14.960000038146973,14.979999542236328,14.199999809265137,14.25,14.25,35000
2018-10-05,14.229999542236328,14.270000457763672,13.15999984741211,13.949999809265137,13.949999809265137,56900
2018-10-08,13.899999618530273,14.210000038146973,13.649999618530273,14.029999732971191,14.029999732971191,29800
2018-10-09,13.949999809265137,14.199999809265137,13.720000267028809,14.010000228881836,14.010000228881836,19800
2018-10-10,14.0,14.0,12.609999656677246,12.729999542236328,12.729999542236328,60400
2018-10-11,12.65999984741211,13.729999542236328,12.229999542236328,12.289999961853027,12.289999961853027,39800
2018-10-12,12.649999618530273,12.699999809265137,11.819999694824219,12.399999618530273,12.399999618530273,32200
2018-10-15,12.420000076293945,12.609999656677246,12.199999809265137,12.550000190734863,12.550000190734863,15600
2018-10-16,12.6899995803833,14.039999961853027,12.489999771118164,14.020000457763672,14.020000457763672,29500
2018-10-17,13.970000267028809,14.300000190734863,13.40999984741211,13.539999961853027,13.539999961853027,30600
2018-10-18,13.239999771118164,13.539999961853027,12.180000305175781,12.199999809265137,12.199999809265137,37700
2018-10-19,12.3100004196167,13.6899995803833,12.1899995803833,13.369999885559082,13.369999885559082,40100
2018-10-22,13.399999618530273,15.0600004196167,13.210000038146973,14.520000457763672,14.520000457763672,65900
2018-10-23,14.130000114440918,14.300000190734863,13.520000457763672,14.1899995803833,14.1899995803833,18500
2018-10-24,14.199999809265137,15.180000305175781,14.130000114440918,14.449999809265137,14.449999809265137,58300
2018-10-25,14.130000114440918,15.930000305175781,14.130000114440918,15.520000457763672,15.520000457763672,57000
2018-10-26,15.289999961853027,15.289999961853027,14.199999809265137,14.399999618530273,14.399999618530273,54300
2018-10-29,14.65999984741211,15.930000305175781,14.489999771118164,14.710000038146973,14.710000038146973,37500
2018-10-30,14.770000457763672,14.800000190734863,13.899999618530273,14.029999732971191,14.029999732971191,27900
2018-10-31,14.210000038146973,14.369999885559082,13.699999809265137,13.829999923706055,13.829999923706055,12700
2018-11-01,13.90999984741211,14.0,13.59000015258789,13.859999656677246,13.859999656677246,34600
2018-11-02,13.850000381469727,15.260000228881836,13.850000381469727,14.920000076293945,14.920000076293945,28500
2018-11-05,14.979999542236328,15.300000190734863,14.649999618530273,14.65999984741211,14.65999984741211,18700
2018-11-06,14.819999694824219,14.899999618530273,13.930000305175781,14.239999771118164,14.239999771118164,22200
2018-11-07,14.25,14.300000190734863,13.890000343322754,14.0,14.0,19700
2018-11-08,13.770000457763672,14.350000381469727,13.760000228881836,14.210000038146973,14.210000038146973,13000
2018-11-09,14.390000343322754,14.390000343322754,13.489999771118164,13.579999923706055,13.579999923706055,24700
2018-11-12,13.59000015258789,13.670000076293945,13.25,13.550000190734863,13.550000190734863,14000
2018-11-13,13.739999771118164,15.170000076293945,13.739999771118164,14.649999618530273,14.649999618530273,39600
2018-11-14,14.760000228881836,15.350000381469727,14.0600004196167,14.25,14.25,41700
2018-11-15,14.109999656677246,14.210000038146973,13.300000190734863,13.34000015258789,13.34000015258789,40800
2018-11-16,13.399999618530273,13.550000190734863,13.149999618530273,13.380000114440918,13.380000114440918,35100
2018-11-19,13.289999961853027,13.4399995803833,12.170000076293945,12.59000015258789,12.59000015258789,21500
2018-11-20,12.289999961853027,12.680000305175781,11.739999771118164,11.800000190734863,11.800000190734863,44200
2018-11-21,11.899999618530273,12.079999923706055,11.800000190734863,11.949999809265137,11.949999809265137,25900
2018-11-23,12.0,13.020000457763672,11.970000267028809,12.65999984741211,12.65999984741211,18100
2018-11-26,12.779999732971191,14.380000114440918,12.460000038146973,14.1899995803833,14.1899995803833,24200
2018-11-27,13.930000305175781,14.289999961853027,13.380000114440918,13.770000457763672,13.770000457763672,13700
2018-11-28,13.75,13.960000038146973,13.100000381469727,13.5,13.5,32400
2018-11-29,13.4399995803833,13.569999694824219,13.109999656677246,13.460000038146973,13.460000038146973,15800
2018-11-30,13.119999885559082,13.3100004196167,12.529999732971191,12.699999809265137,12.699999809265137,17300
2018-12-03,12.899999618530273,13.0,12.079999923706055,12.880000114440918,12.880000114440918,21900
2018-12-04,12.960000038146973,12.979999542236328,11.960000038146973,12.130000114440918,12.130000114440918,18500
2018-12-06,11.789999961853027,11.789999961853027,10.710000038146973,10.90999984741211,10.90999984741211,45900
2018-12-07,10.899999618530273,11.109999656677246,9.270000457763672,9.5,9.5,58800
2018-12-10,9.520000457763672,10.420000076293945,9.4399995803833,10.3100004196167,10.3100004196167,36700
2018-12-11,10.470000267028809,10.729999542236328,9.279999732971191,9.350000381469727,9.350000381469727,16300
2018-12-12,9.470000267028809,10.359999656677246,9.470000267028809,10.149999618530273,10.149999618530273,27300
2018-12-13,11.140000343322754,13.5,10.75,10.979999542236328,10.979999542236328,103400
2018-12-14,10.649999618530273,11.180000305175781,10.5,10.569999694824219,10.569999694824219,49600
2018-12-17,10.449999809265137,11.350000381469727,10.300000190734863,10.630000114440918,10.630000114440918,44600
2018-12-18,10.470000267028809,11.470000267028809,10.470000267028809,10.819999694824219,10.819999694824219,17600
2018-12-19,10.869999885559082,11.149999618530273,10.5,10.930000305175781,10.930000305175781,34200
2018-12-20,11.140000343322754,11.170000076293945,10.149999618530273,10.609999656677246,10.609999656677246,19400
2018-12-21,10.399999618530273,11.40999984741211,10.229999542236328,11.119999885559082,11.119999885559082,135800
2018-12-24,11.119999885559082,11.119999885559082,10.489999771118164,10.539999961853027,10.539999961853027,24300
2018-12-26,10.729999542236328,10.779999732971191,9.149999618530273,9.239999771118164,9.239999771118164,54500
2018-12-27,9.199999809265137,9.539999961853027,8.630000114440918,9.170000076293945,9.170000076293945,73400
2018-12-28,9.149999618530273,9.90999984741211,9.149999618530273,9.75,9.75,26400
2018-12-31,9.75,9.770000457763672,9.09000015258789,9.329999923706055,9.329999923706055,14400
2019-01-02,9.239999771118164,10.390000343322754,9.100000381469727,10.210000038146973,10.210000038146973,29400
2019-01-03,10.210000038146973,10.210000038146973,9.220000267028809,9.90999984741211,9.90999984741211,87100
2019-01-04,10.050000190734863,10.050000190734863,9.75,9.989999771118164,9.989999771118164,26700
2019-01-07,9.989999771118164,10.970000267028809,9.960000038146973,10.770000457763672,10.770000457763672,33100
2019-01-08,10.989999771118164,11.260000228881836,10.460000038146973,10.930000305175781,10.930000305175781,26600
2019-01-09,11.109999656677246,11.630000114440918,11.0600004196167,11.270000457763672,11.270000457763672,32100
2019-01-10,11.210000038146973,11.5,11.010000228881836,11.079999923706055,11.079999923706055,22500
2019-01-11,11.130000114440918,11.579999923706055,10.979999542236328,11.119999885559082,11.119999885559082,23100
2019-01-14,11.15999984741211,11.869999885559082,11.15999984741211,11.489999771118164,11.489999771118164,18500
2019-01-15,11.510000228881836,11.850000381469727,10.100000381469727,10.449999809265137,10.449999809265137,65500
2019-01-16,10.600000381469727,11.260000228881836,10.600000381469727,11.149999618530273,11.149999618530273,32300
2019-01-17,11.079999923706055,11.399999618530273,11.0600004196167,11.229999542236328,11.229999542236328,30200
2019-01-18,11.460000038146973,12.050000190734863,11.3100004196167,11.600000381469727,11.600000381469727,33400
2019-01-22,11.470000267028809,11.699999809265137,11.390000343322754,11.5600004196167,11.5600004196167,13800
2019-01-23,11.739999771118164,11.949999809265137,11.619999885559082,11.739999771118164,11.739999771118164,29200
2019-01-24,11.5,12.020000457763672,11.5,11.829999923706055,11.829999923706055,8800
2019-01-25,11.859999656677246,12.300000190734863,11.859999656677246,12.029999732971191,12.029999732971191,11200
2019-01-28,11.979999542236328,12.220000267028809,11.399999618530273,11.619999885559082,11.619999885559082,30500
2019-01-29,11.84000015258789,11.84000015258789,11.180000305175781,11.430000305175781,11.430000305175781,30200
2019-01-30,11.619999885559082,11.899999618530273,11.550000190734863,11.729999542236328,11.729999542236328,6000
2019-01-31,11.970000267028809,12.079999923706055,11.710000038146973,11.979999542236328,11.979999542236328,10600
2019-02-01,12.449999809265137,12.449999809265137,11.670000076293945,11.8100004196167,11.8100004196167,13000
2019-02-04,11.5,12.180000305175781,11.319999694824219,12.0600004196167,12.0600004196167,10300
2019-02-05,12.359999656677246,12.630000114440918,11.890000343322754,12.050000190734863,12.050000190734863,18600
2019-02-06,12.149999618530273,12.380000114440918,11.920000076293945,12.069999694824219,12.069999694824219,4900
2019-02-07,12.3100004196167,12.3100004196167,12.069999694824219,12.229999542236328,12.229999542236328,4600
2019-02-08,12.199999809265137,12.270000457763672,12.029999732971191,12.1899995803833,12.1899995803833,7400
2019-02-11,12.149999618530273,12.359999656677246,11.9399995803833,12.3100004196167,12.3100004196167,12000
2019-02-12,12.300000190734863,13.210000038146973,12.300000190734863,13.199999809265137,13.199999809265137,41000
2019-02-13,13.369999885559082,13.380000114440918,13.109999656677246,13.350000381469727,13.350000381469727,11200
2019-02-14,13.300000190734863,13.6899995803833,13.069999694824219,13.40999984741211,13.40999984741211,28800
2019-02-15,13.34000015258789,14.489999771118164,13.34000015258789,13.699999809265137,13.699999809265137,33300
2019-02-19,14.430000305175781,14.960000038146973,13.0,13.600000381469727,13.600000381469727,29000
2019-02-20,13.8100004196167,14.020000457763672,13.300000190734863,13.65999984741211,13.65999984741211,20800
2019-02-21,13.520000457763672,13.699999809265137,13.520000457763672,13.59000015258789,13.59000015258789,6400
2019-02-22,13.859999656677246,14.029999732971191,13.770000457763672,13.930000305175781,13.930000305175781,8700
2019-02-25,14.149999618530273,14.149999618530273,13.899999618530273,14.109999656677246,14.109999656677246,35800
2019-02-26,14.199999809265137,14.380000114440918,14.069999694824219,14.229999542236328,14.229999542236328,14600
2019-02-27,14.470000267028809,14.470000267028809,14.079999923706055,14.399999618530273,14.399999618530273,3300
2019-02-28,14.329999923706055,14.630000114440918,14.329999923706055,14.539999961853027,14.539999961853027,8300
2019-03-01,14.75,14.75,14.699999809265137,14.699999809265137,14.699999809265137,8300
2019-03-04,14.510000228881836,14.739999771118164,14.510000228881836,14.550000190734863,14.550000190734863,14900
2019-03-05,14.739999771118164,14.739999771118164,14.1899995803833,14.220000267028809,14.220000267028809,14600
2019-03-06,14.510000228881836,14.510000228881836,13.979999542236328,14.079999923706055,14.079999923706055,8700
2019-03-07,14.1899995803833,14.329999923706055,13.569999694824219,13.84000015258789,13.84000015258789,13400
2019-03-08,13.609999656677246,14.100000381469727,13.609999656677246,13.989999771118164,13.989999771118164,8800
2019-03-11,14.039999961853027,14.050000190734863,13.760000228881836,13.880000114440918,13.880000114440918,12600
2019-03-12,14.149999618530273,14.149999618530273,13.390000343322754,13.390000343322754,13.390000343322754,25700
2019-03-13,13.399999618530273,13.649999618530273,13.149999618530273,13.329999923706055,13.329999923706055,7900
2019-03-14,13.270000457763672,13.5,12.699999809265137,13.479999542236328,13.479999542236328,39000
2019-03-15,13.739999771118164,13.789999961853027,13.579999923706055,13.640000343322754,13.640000343322754,7400
2019-03-18,13.479999542236328,13.600000381469727,12.770000457763672,13.199999809265137,13.199999809265137,24800
2019-03-19,13.210000038146973,13.430000305175781,12.899999618530273,12.899999618530273,12.899999618530273,11000
2019-03-20,12.789999961853027,13.350000381469727,12.550000190734863,13.270000457763672,13.270000457763672,19700
2019-03-21,13.479999542236328,13.479999542236328,12.920000076293945,12.949999809265137,12.949999809265137,4900
2019-03-22,12.9399995803833,12.9399995803833,12.289999961853027,12.449999809265137,12.449999809265137,10200
2019-03-25,12.220000267028809,12.510000228881836,12.220000267028809,12.25,12.25,5800
2019-03-26,12.239999771118164,12.630000114440918,12.239999771118164,12.600000381469727,12.600000381469727,8200
2019-03-27,12.710000038146973,12.819999694824219,12.550000190734863,12.600000381469727,12.600000381469727,4600
2019-03-28,12.529999732971191,12.600000381469727,12.229999542236328,12.34000015258789,12.34000015258789,11100
2019-03-29,12.380000114440918,12.479999542236328,12.300000190734863,12.399999618530273,12.399999618530273,7800
2019-04-01,12.399999618530273,13.600000381469727,12.300000190734863,13.15999984741211,13.15999984741211,35100
2019-04-02,13.300000190734863,13.739999771118164,12.930000305175781,13.039999961853027,13.039999961853027,37900
2019-04-03,13.270000457763672,13.489999771118164,13.170000076293945,13.289999961853027,13.289999961853027,5100
2019-04-04,13.1899995803833,13.390000343322754,13.069999694824219,13.3100004196167,13.3100004196167,5300
2019-04-05,13.260000228881836,13.260000228881836,13.140000343322754,13.229999542236328,13.229999542236328,12500
2019-04-08,13.229999542236328,13.399999618530273,13.229999542236328,13.319999694824219,13.319999694824219,5800
2019-04-09,13.229999542236328,13.399999618530273,13.039999961853027,13.399999618530273,13.399999618530273,15700
2019-04-10,13.420000076293945,13.930000305175781,13.420000076293945,13.8100004196167,13.8100004196167,39000
2019-04-11,13.199999809265137,13.850000381469727,12.279999732971191,12.40999984741211,12.40999984741211,73800
2019-04-12,12.470000267028809,12.609999656677246,11.930000305175781,12.270000457763672,12.270000457763672,22000
2019-04-15,12.470000267028809,12.470000267028809,11.930000305175781,12.029999732971191,12.029999732971191,13700
2019-04-16,12.0600004196167,12.279999732971191,12.0600004196167,12.239999771118164,12.239999771118164,10100
2019-04-17,12.069999694824219,12.850000381469727,12.069999694824219,12.819999694824219,12.819999694824219,10400
2019-04-18,13.079999923706055,13.399999618530273,12.880000114440918,13.0,13.0,18000
2019-04-22,13.0,13.0,12.350000381469727,12.510000228881836,12.510000228881836,17300
2019-04-23,12.510000228881836,12.859999656677246,12.25,12.640000343322754,12.640000343322754,56500
2019-04-24,12.619999885559082,13.0,12.380000114440918,12.899999618530273,12.899999618530273,35500
2019-04-25,12.859999656677246,12.989999771118164,12.609999656677246,12.829999923706055,12.829999923706055,7400
2019-04-26,12.829999923706055,12.989999771118164,12.789999961853027,12.989999771118164,12.989999771118164,4900
2019-04-29,12.890000343322754,13.289999961853027,12.829999923706055,13.170000076293945,13.170000076293945,25600
2019-04-30,13.199999809265137,13.5,12.859999656677246,13.5,13.5,17100
2019-05-01,13.510000228881836,13.739999771118164,13.460000038146973,13.600000381469727,13.600000381469727,9200
2019-05-02,13.680000305175781,13.680000305175781,13.550000190734863,13.630000114440918,13.630000114440918,3500
2019-05-03,13.699999809265137,14.119999885559082,13.670000076293945,14.119999885559082,14.119999885559082,23900
2019-05-06,13.960000038146973,14.119999885559082,13.899999618530273,14.029999732971191,14.029999732971191,13700
2019-05-07,14.100000381469727,14.100000381469727,13.6899995803833,13.8100004196167,13.8100004196167,8000
2019-05-08,13.710000038146973,14.149999618530273,13.699999809265137,14.069999694824219,14.069999694824219,11700
2019-05-09,13.979999542236328,15.170000076293945,13.949999809265137,15.09000015258789,15.09000015258789,45300
2019-05-10,15.399999618530273,15.779999732971191,15.34000015258789,15.489999771118164,15.489999771118164,36900
2019-05-13,15.229999542236328,15.229999542236328,14.449999809265137,14.949999809265137,14.949999809265137,12400
2019-05-14,14.970000267028809,15.579999923706055,14.949999809265137,15.550000190734863,15.550000190734863,26300
2019-05-15,15.479999542236328,15.5600004196167,14.920000076293945,14.979999542236328,14.979999542236328,24200
2019-05-16,15.130000114440918,15.130000114440918,13.779999732971191,14.149999618530273,14.149999618530273,35200
2019-05-17,14.149999618530273,14.680000305175781,13.920000076293945,14.470000267028809,14.470000267028809,53800
2019-05-20,14.869999885559082,14.869999885559082,14.100000381469727,14.1899995803833,14.1899995803833,14300
2019-05-21,14.109999656677246,14.25,13.989999771118164,14.020000457763672,14.020000457763672,17100
2019-05-22,13.899999618530273,13.960000038146973,13.039999961853027,13.039999961853027,13.039999961853027,8700
2019-05-23,13.210000038146973,13.270000457763672,12.59000015258789,12.720000267028809,12.720000267028809,9500
2019-05-24,12.65999984741211,12.770000457763672,12.479999542236328,12.5600004196167,12.5600004196167,10400
2019-05-28,12.479999542236328,13.300000190734863,12.300000190734863,13.300000190734863,13.300000190734863,18100
2019-05-29,13.270000457763672,13.270000457763672,12.260000228881836,12.680000305175781,12.680000305175781,22400
2019-05-30,12.699999809265137,13.020000457763672,12.529999732971191,13.020000457763672,13.020000457763672,7900
2019-05-31,13.0,13.220000267028809,12.479999542236328,12.569999694824219,12.569999694824219,11100
2019-06-03,12.819999694824219,13.100000381469727,12.529999732971191,13.100000381469727,13.100000381469727,15300
2019-06-04,13.140000343322754,13.899999618530273,13.039999961853027,13.600000381469727,13.600000381469727,23000
2019-06-05,13.619999885559082,13.739999771118164,13.4399995803833,13.699999809265137,13.699999809265137,21600
2019-06-06,13.649999618530273,13.649999618530273,13.25,13.470000267028809,13.470000267028809,19400
2019-06-07,13.489999771118164,13.5,13.300000190734863,13.470000267028809,13.470000267028809,11000
2019-06-10,13.710000038146973,13.710000038146973,12.600000381469727,12.720000267028809,12.720000267028809,20300
2019-06-11,12.90999984741211,12.90999984741211,12.050000190734863,12.140000343322754,12.140000343322754,15700
2019-06-12,11.829999923706055,12.279999732971191,11.829999923706055,12.029999732971191,12.029999732971191,15700
2019-06-13,12.149999618530273,12.899999618530273,12.149999618530273,12.800000190734863,12.800000190734863,30700
2019-06-14,12.800000190734863,13.859999656677246,12.800000190734863,13.100000381469727,13.100000381469727,41700
2019-06-17,12.779999732971191,13.399999618530273,12.779999732971191,13.329999923706055,13.329999923706055,10500
2019-06-18,13.600000381469727,13.739999771118164,13.34000015258789,13.5,13.5,10900
2019-06-19,13.5,13.779999732971191,13.380000114440918,13.65999984741211,13.65999984741211,8400
2019-06-20,13.300000190734863,13.699999809265137,13.300000190734863,13.670000076293945,13.670000076293945,16300
2019-06-21,13.59000015258789,13.84000015258789,13.319999694824219,13.319999694824219,13.319999694824219,7600
2019-06-24,13.399999618530273,13.899999618530273,13.25,13.300000190734863,13.300000190734863,23400
2019-06-25,13.140000343322754,13.300000190734863,12.770000457763672,12.989999771118164,12.989999771118164,13700
2019-06-26,13.1899995803833,13.850000381469727,13.09000015258789,13.789999961853027,13.789999961853027,21700
2019-06-27,13.789999961853027,14.029999732971191,13.789999961853027,13.949999809265137,13.949999809265137,18600
2019-06-28,14.020000457763672,15.0,13.949999809265137,13.949999809265137,13.949999809265137,480700
2019-07-01,14.180000305175781,14.680000305175781,14.109999656677246,14.390000343322754,14.390000343322754,30200
2019-07-02,14.180000305175781,14.449999809265137,14.170000076293945,14.329999923706055,14.329999923706055,9700
2019-07-03,14.229999542236328,14.550000190734863,14.140000343322754,14.350000381469727,14.350000381469727,6300
2019-07-05,14.109999656677246,14.350000381469727,14.109999656677246,14.34000015258789,14.34000015258789,4500
2019-07-08,14.350000381469727,14.350000381469727,14.140000343322754,14.199999809265137,14.199999809265137,7100
2019-07-09,14.3100004196167,14.34000015258789,13.9399995803833,14.279999732971191,14.279999732971191,13700
2019-07-10,14.720000267028809,14.720000267028809,14.100000381469727,14.260000228881836,14.260000228881836,8500
2019-07-11,14.25,14.34000015258789,14.010000228881836,14.050000190734863,14.050000190734863,19900
2019-07-12,13.890000343322754,14.25,13.710000038146973,13.75,13.75,14300
2019-07-15,13.880000114440918,13.949999809265137,13.640000343322754,13.640000343322754,13.640000343322754,2400
2019-07-16,13.819999694824219,13.819999694824219,13.449999809265137,13.600000381469727,13.600000381469727,4900
2019-07-17,13.619999885559082,13.619999885559082,13.3100004196167,13.359999656677246,13.359999656677246,4400
2019-07-18,13.3100004196167,13.3100004196167,12.789999961853027,12.890000343322754,12.890000343322754,12800
2019-07-19,12.890000343322754,13.0600004196167,12.829999923706055,12.920000076293945,12.920000076293945,5100
2019-07-22,12.850000381469727,12.850000381469727,12.609999656677246,12.6899995803833,12.6899995803833,6900
2019-07-23,12.630000114440918,12.779999732971191,12.630000114440918,12.720000267028809,12.720000267028809,2300
2019-07-24,12.9399995803833,12.949999809265137,12.9399995803833,12.949999809265137,12.949999809265137,2200
2019-07-25,12.819999694824219,12.890000343322754,12.670000076293945,12.829999923706055,12.829999923706055,4400
2019-07-26,12.75,13.25,12.75,13.229999542236328,13.229999542236328,9200
2019-07-29,13.109999656677246,13.5600004196167,13.109999656677246,13.470000267028809,13.470000267028809,9500
2019-07-30,13.420000076293945,13.649999618530273,13.380000114440918,13.460000038146973,13.460000038146973,5700
2019-07-31,13.550000190734863,14.300000190734863,13.539999961853027,14.039999961853027,14.039999961853027,21400
2019-08-01,14.279999732971191,14.279999732971191,13.739999771118164,13.739999771118164,13.739999771118164,15300
2019-08-02,13.789999961853027,13.899999618530273,12.850000381469727,12.899999618530273,12.899999618530273,19700
2019-08-05,12.619999885559082,12.699999809265137,12.069999694824219,12.640000343322754,12.640000343322754,19700
2019-08-06,12.859999656677246,13.210000038146973,12.649999618530273,13.15999984741211,13.15999984741211,9900
2019-08-07,13.15999984741211,13.210000038146973,12.850000381469727,13.15999984741211,13.15999984741211,7500
2019-08-08,13.380000114440918,13.380000114440918,12.670000076293945,12.699999809265137,12.699999809265137,13400
2019-08-09,12.779999732971191,12.9399995803833,12.550000190734863,12.550000190734863,12.550000190734863,10300
2019-08-12,12.460000038146973,12.579999923706055,11.720000267028809,12.510000228881836,12.510000228881836,11500
2019-08-13,12.4399995803833,12.75,12.4399995803833,12.6899995803833,12.6899995803833,8500
2019-08-14,12.420000076293945,12.550000190734863,12.050000190734863,12.489999771118164,12.489999771118164,24100
2019-08-15,12.5,12.5,11.800000190734863,11.949999809265137,11.949999809265137,28700
2019-08-16,12.0600004196167,12.149999618530273,11.210000038146973,11.350000381469727,11.350000381469727,25700
2019-08-19,11.5,11.779999732971191,11.5,11.680000305175781,11.680000305175781,12200
2019-08-20,11.6899995803833,11.789999961853027,11.5,11.710000038146973,11.710000038146973,7300
2019-08-21,11.829999923706055,12.0,11.65999984741211,11.65999984741211,11.65999984741211,10200
2019-08-22,11.770000457763672,12.25,11.770000457763672,12.029999732971191,12.029999732971191,24700
2019-08-23,12.039999961853027,12.239999771118164,10.979999542236328,11.0,11.0,33700
2019-08-26,11.09000015258789,12.1899995803833,11.020000457763672,12.119999885559082,12.119999885559082,7100
2019-08-27,12.09000015258789,12.09000015258789,11.119999885559082,11.40999984741211,11.40999984741211,35200
2019-08-28,11.399999618530273,11.609999656677246,11.390000343322754,11.579999923706055,11.579999923706055,5900
2019-08-29,11.760000228881836,12.319999694824219,11.619999885559082,11.739999771118164,11.739999771118164,25200
2019-08-30,11.899999618530273,12.399999618530273,11.779999732971191,12.300000190734863,12.300000190734863,49800
2019-09-03,12.0,12.350000381469727,12.0,12.100000381469727,12.100000381469727,14400
2019-09-04,12.270000457763672,12.399999618530273,12.039999961853027,12.180000305175781,12.180000305175781,8100
2019-09-05,12.300000190734863,12.430000305175781,12.170000076293945,12.239999771118164,12.239999771118164,16800
2019-09-06,12.449999809265137,12.5,12.279999732971191,12.279999732971191,12.279999732971191,12300
2019-09-09,12.40999984741211,12.65999984741211,12.40999984741211,12.550000190734863,12.550000190734863,13400
2019-09-10,12.6899995803833,12.6899995803833,12.069999694824219,12.15999984741211,12.15999984741211,18400
2019-09-11,12.359999656677246,12.359999656677246,12.100000381469727,12.25,12.25,32300
2019-09-12,12.34000015258789,12.34000015258789,11.180000305175781,11.489999771118164,11.489999771118164,55900
2019-09-13,13.75,14.539999961853027,13.59000015258789,14.279999732971191,14.279999732971191,283500
2019-09-16,14.109999656677246,15.199999809265137,13.720000267028809,14.770000457763672,14.770000457763672,70000
2019-09-17,14.600000381469727,15.649999618530273,14.5,15.470000267028809,15.470000267028809,83100
2019-09-18,15.5600004196167,16.139999389648438,15.550000190734863,16.06999969482422,16.06999969482422,75700
2019-09-19,16.06999969482422,17.09000015258789,16.06999969482422,16.610000610351562,16.610000610351562,78400
2019-09-20,16.6299991607666,16.989999771118164,16.3799991607666,16.84000015258789,16.84000015258789,35100
2019-09-23,17.149999618530273,19.100000381469727,17.0,18.860000610351562,18.860000610351562,79800
2019-09-24,19.0,19.030000686645508,17.889999389648438,18.329999923706055,18.329999923706055,34700
2019-09-25,18.3799991607666,19.65999984741211,18.3799991607666,19.459999084472656,19.459999084472656,85300
2019-09-26,19.510000228881836,19.799999237060547,18.719999313354492,19.190000534057617,19.190000534057617,70500
2019-09-27,19.299999237060547,19.299999237060547,17.940000534057617,18.209999084472656,18.209999084472656,71400
2019-09-30,18.190000534057617,19.170000076293945,18.190000534057617,18.989999771118164,18.989999771118164,50900
2019-10-01,19.040000915527344,19.56999969482422,18.079999923706055,18.229999542236328,18.229999542236328,38400
2019-10-02,18.010000228881836,18.709999084472656,17.56999969482422,18.3700008392334,18.3700008392334,34400
2019-10-03,18.3700008392334,19.59000015258789,17.760000228881836,19.190000534057617,19.190000534057617,65700
2019-10-04,19.100000381469727,19.5,18.6299991607666,19.0,19.0,26800
2019-10-07,18.889999389648438,19.850000381469727,18.889999389648438,19.809999465942383,19.809999465942383,59100
2019-10-08,19.5,20.389999389648438,19.5,19.8700008392334,19.8700008392334,34900
2019-10-09,20.010000228881836,20.209999084472656,19.270000457763672,19.989999771118164,19.989999771118164,36800
2019-10-10,20.059999465942383,20.399999618530273,19.520000457763672,20.350000381469727,20.350000381469727,34000
2019-10-11,20.450000762939453,21.229999542236328,20.450000762939453,20.889999389648438,20.889999389648438,49600
2019-10-14,20.93000030517578,21.479999542236328,20.200000762939453,21.3799991607666,21.3799991607666,53900
2019-10-15,21.299999237060547,21.639999389648438,21.0,21.309999465942383,21.309999465942383,55300
2019-10-16,21.34000015258789,21.75,21.190000534057617,21.399999618530273,21.399999618530273,49500
2019-10-17,21.549999237060547,21.670000076293945,20.989999771118164,21.40999984741211,21.40999984741211,61600
2019-10-18,21.559999465942383,22.170000076293945,21.100000381469727,21.790000915527344,21.790000915527344,68300
2019-10-21,22.25,22.8799991607666,21.719999313354492,22.719999313354492,22.719999313354492,94900
2019-10-22,22.75,22.979999542236328,21.8799991607666,22.280000686645508,22.280000686645508,85800
2019-10-23,22.200000762939453,22.389999389648438,21.440000534057617,21.959999084472656,21.959999084472656,89500
2019-10-24,22.059999465942383,22.530000686645508,21.700000762939453,22.329999923706055,22.329999923706055,86700
2019-10-25,22.299999237060547,22.579999923706055,21.850000381469727,22.020000457763672,22.020000457763672,69400
2019-10-28,22.0,22.329999923706055,21.31999969482422,21.790000915527344,21.790000915527344,58100
2019-10-29,21.790000915527344,21.940000534057617,21.3700008392334,21.43000030517578,21.43000030517578,72800
2019-10-30,21.420000076293945,22.059999465942383,20.729999542236328,21.889999389648438,21.889999389648438,36900
2019-10-31,21.940000534057617,21.940000534057617,21.059999465942383,21.1200008392334,21.1200008392334,36700
2019-11-01,21.260000228881836,21.549999237060547,20.709999084472656,21.110000610351562,21.110000610351562,39100
2019-11-04,21.209999084472656,21.739999771118164,21.0,21.299999237060547,21.299999237060547,35300
2019-11-05,21.299999237060547,21.940000534057617,21.209999084472656,21.75,21.75,81700
2019-11-06,21.93000030517578,23.8700008392334,21.040000915527344,21.719999313354492,21.719999313354492,178100
2019-11-07,21.729999542236328,22.43000030517578,21.510000228881836,22.030000686645508,22.030000686645508,56200
2019-11-08,22.049999237060547,22.200000762939453,21.450000762939453,21.760000228881836,21.760000228881836,90000
2019-11-11,21.239999771118164,21.350000381469727,19.260000228881836,21.149999618530273,21.149999618530273,110100
2019-11-12,21.149999618530273,21.739999771118164,20.739999771118164,20.84000015258789,20.84000015258789,29400
2019-11-13,20.790000915527344,21.049999237060547,20.489999771118164,20.649999618530273,20.649999618530273,53800
2019-11-14,20.479999542236328,21.020000457763672,20.479999542236328,20.709999084472656,20.709999084472656,30100
2019-11-15,20.860000610351562,21.489999771118164,20.549999237060547,20.75,20.75,46300
2019-11-18,20.709999084472656,21.309999465942383,20.469999313354492,20.93000030517578,20.93000030517578,35400
2019-11-19,20.979999542236328,21.43000030517578,20.43000030517578,21.270000457763672,21.270000457763672,109400
2019-11-20,21.25,22.15999984741211,21.079999923706055,21.579999923706055,21.579999923706055,91700
2019-11-21,21.59000015258789,22.0,21.280000686645508,21.809999465942383,21.809999465942383,55000
2019-11-22,21.850000381469727,22.510000228881836,21.6299991607666,21.920000076293945,21.920000076293945,130000
2019-11-25,22.049999237060547,23.549999237060547,21.90999984741211,23.25,23.25,102100
2019-11-26,23.360000610351562,23.360000610351562,22.610000610351562,22.709999084472656,22.709999084472656,65600
2019-11-27,22.799999237060547,23.1299991607666,22.049999237060547,22.469999313354492,22.469999313354492,60400
2019-11-29,22.40999984741211,23.219999313354492,22.40999984741211,22.670000076293945,22.670000076293945,30200
2019-12-02,22.81999969482422,22.81999969482422,22.09000015258789,22.559999465942383,22.559999465942383,63500
2019-12-03,22.270000457763672,22.6200008392334,21.719999313354492,22.049999237060547,22.049999237060547,72800
2019-12-04,22.229999542236328,22.690000534057617,22.010000228881836,22.690000534057617,22.690000534057617,79300
2019-12-05,22.670000076293945,22.719999313354492,22.0,22.15999984741211,22.15999984741211,80400
2019-12-06,22.290000915527344,22.459999084472656,21.850000381469727,22.200000762939453,22.200000762939453,77300
2019-12-09,22.6200008392334,23.100000381469727,22.139999389648438,22.719999313354492,22.719999313354492,105800
2019-12-10,22.709999084472656,23.40999984741211,22.360000610351562,23.34000015258789,23.34000015258789,93400
2019-12-11,23.389999389648438,23.790000915527344,22.979999542236328,23.68000030517578,23.68000030517578,87200
2019-12-12,23.600000381469727,25.360000610351562,23.600000381469727,24.899999618530273,24.899999618530273,190400
2019-12-13,27.6299991607666,27.6299991607666,17.18000030517578,17.3700008392334,17.3700008392334,527400
2019-12-16,18.0,18.0,16.15999984741211,16.799999237060547,16.799999237060547,239400
2019-12-17,16.920000076293945,19.420000076293945,16.520000457763672,19.3799991607666,19.3799991607666,272500
2019-12-18,19.90999984741211,20.200000762939453,18.56999969482422,19.15999984741211,19.15999984741211,168300
2019-12-19,19.309999465942383,19.399999618530273,18.770000457763672,19.1200008392334,19.1200008392334,110000
2019-12-20,19.149999618530273,19.299999237060547,18.450000762939453,18.90999984741211,18.90999984741211,220600
2019-12-23,18.940000534057617,19.719999313354492,18.8799991607666,19.290000915527344,19.290000915527344,98400
2019-12-24,19.219999313354492,19.299999237060547,18.520000457763672,18.829999923706055,18.829999923706055,62600
2019-12-26,18.780000686645508,19.299999237060547,18.09000015258789,18.290000915527344,18.290000915527344,63100
2019-12-27,18.239999771118164,18.239999771118164,17.489999771118164,17.700000762939453,17.700000762939453,57400
2019-12-30,17.690000534057617,17.950000762939453,17.149999618530273,17.309999465942383,17.309999465942383,93100
2019-12-31,17.219999313354492,17.549999237060547,16.8700008392334,17.309999465942383,17.309999465942383,46800
2020-01-02,17.309999465942383,17.440000534057617,16.90999984741211,17.389999389648438,17.389999389648438,45400
2020-01-03,17.15999984741211,17.549999237060547,17.040000915527344,17.280000686645508,17.280000686645508,48600
2020-01-06,17.170000076293945,17.489999771118164,16.899999618530273,17.1200008392334,17.1200008392334,60100
2020-01-07,17.0,17.030000686645508,16.40999984741211,16.6299991607666,16.6299991607666,60200
2020-01-08,16.649999618530273,16.84000015258789,16.049999237060547,16.43000030517578,16.43000030517578,65500
2020-01-09,16.43000030517578,16.81999969482422,16.15999984741211,16.229999542236328,16.229999542236328,40600
2020-01-10,16.280000686645508,16.299999237060547,15.609999656677246,15.6899995803833,15.6899995803833,33300
2020-01-13,15.479999542236328,15.720000267028809,15.09000015258789,15.520000457763672,15.520000457763672,51900
2020-01-14,15.600000381469727,16.34000015258789,15.34000015258789,15.9399995803833,15.9399995803833,42500
2020-01-15,16.010000228881836,16.31999969482422,15.930000305175781,16.280000686645508,16.280000686645508,64100
2020-01-16,16.420000076293945,17.040000915527344,16.420000076293945,16.549999237060547,16.549999237060547,108300
2020-01-17,16.700000762939453,17.229999542236328,16.559999465942383,17.1299991607666,17.1299991607666,111000
2020-01-21,17.030000686645508,17.209999084472656,16.479999542236328,16.59000015258789,16.59000015258789,80600
2020-01-22,16.700000762939453,16.719999313354492,15.819999694824219,15.84000015258789,15.84000015258789,57400
2020-01-23,15.760000228881836,15.899999618530273,15.359999656677246,15.380000114440918,15.380000114440918,51200
2020-01-24,15.470000267028809,15.75,15.149999618530273,15.390000343322754,15.390000343322754,30000
2020-01-27,15.050000190734863,15.34000015258789,14.800000190734863,14.819999694824219,14.819999694824219,25500
2020-01-28,14.899999618530273,15.260000228881836,14.729999542236328,15.1899995803833,15.1899995803833,27400
2020-01-29,15.010000228881836,15.130000114440918,14.84000015258789,14.890000343322754,14.890000343322754,12000
2020-01-30,14.829999923706055,15.1899995803833,14.75,15.039999961853027,15.039999961853027,27700
2020-01-31,15.109999656677246,15.109999656677246,14.710000038146973,14.770000457763672,14.770000457763672,20000
2020-02-03,14.710000038146973,14.880000114440918,13.739999771118164,14.0,14.0,41000
2020-02-04,14.100000381469727,14.890000343322754,14.010000228881836,14.579999923706055,14.579999923706055,52300
2020-02-05,14.770000457763672,14.869999885559082,14.1899995803833,14.430000305175781,14.430000305175781,24800
2020-02-06,14.350000381469727,14.470000267028809,13.949999809265137,14.170000076293945,14.170000076293945,27800
2020-02-07,14.100000381469727,14.100000381469727,13.699999809265137,13.75,13.75,12400
2020-02-10,13.880000114440918,14.270000457763672,13.579999923706055,14.180000305175781,14.180000305175781,21400
2020-02-11,14.1899995803833,14.399999618530273,14.100000381469727,14.15999984741211,14.15999984741211,12400
2020-02-12,14.25,14.720000267028809,14.25,14.670000076293945,14.670000076293945,9500
2020-02-13,14.75,14.75,14.520000457763672,14.640000343322754,14.640000343322754,6600
2020-02-14,14.680000305175781,14.710000038146973,14.25,14.5600004196167,14.5600004196167,13200
2020-02-18,14.5,14.619999885559082,14.260000228881836,14.510000228881836,14.510000228881836,7200
2020-02-19,14.579999923706055,14.789999961853027,14.270000457763672,14.75,14.75,38200
2020-02-20,14.800000190734863,14.890000343322754,14.329999923706055,14.600000381469727,14.600000381469727,57300
2020-02-21,14.579999923706055,14.770000457763672,14.029999732971191,14.550000190734863,14.550000190734863,99200
2020-02-24,14.039999961853027,14.079999923706055,13.399999618530273,13.729999542236328,13.729999542236328,43100
2020-02-25,13.779999732971191,13.779999732971191,12.59000015258789,12.680000305175781,12.680000305175781,33900
2020-02-26,12.8100004196167,13.069999694824219,10.729999542236328,10.84000015258789,10.84000015258789,51800
2020-02-27,10.600000381469727,10.779999732971191,10.1899995803833,10.34000015258789,10.34000015258789,38800
2020-02-28,10.130000114440918,10.800000190734863,9.949999809265137,10.800000190734863,10.800000190734863,41200
2020-03-02,10.84000015258789,10.850000381469727,10.270000457763672,10.84000015258789,10.84000015258789,25400
2020-03-03,11.0600004196167,11.510000228881836,9.65999984741211,9.699999809265137,9.699999809265137,27000
2020-03-04,10.069999694824219,10.5,9.619999885559082,10.369999885559082,10.369999885559082,18700
2020-03-05,10.350000381469727,10.350000381469727,9.220000267028809,9.470000267028809,9.470000267028809,30200
2020-03-06,9.15999984741211,9.569999694824219,8.880000114440918,9.119999885559082,9.119999885559082,16800
2020-03-09,8.100000381469727,8.569999694824219,7.230000019073486,7.380000114440918,7.380000114440918,42400
2020-03-10,7.409999847412109,8.140000343322754,7.300000190734863,8.010000228881836,8.010000228881836,29600
2020-03-11,7.889999866485596,7.889999866485596,6.860000133514404,6.900000095367432,6.900000095367432,41400
2020-03-12,6.199999809265137,6.25,3.819999933242798,4.71999979019165,4.71999979019165,125000
2020-03-13,5.260000228881836,5.909999847412109,4.949999809265137,5.860000133514404,5.860000133514404,51700
2020-03-16,5.289999961853027,5.460000038146973,3.990000009536743,4.880000114440918,4.880000114440918,41200
2020-03-17,4.840000152587891,5.349999904632568,4.230000019073486,4.880000114440918,4.880000114440918,73200
2020-03-18,4.5,4.5,3.6500000953674316,3.7200000286102295,3.7200000286102295,103100
2020-03-19,3.6700000762939453,4.489999771118164,3.25,4.429999828338623,4.429999828338623,85200
2020-03-20,4.360000133514404,4.449999809265137,3.700000047683716,3.7799999713897705,3.7799999713897705,44500
2020-03-23,3.7200000286102295,4.190000057220459,3.440000057220459,3.799999952316284,3.799999952316284,54000
2020-03-24,3.9600000381469727,4.769999980926514,3.9600000381469727,4.670000076293945,4.670000076293945,37900
2020-03-25,4.690000057220459,4.909999847412109,4.269999980926514,4.690000057220459,4.690000057220459,51300
2020-03-26,4.579999923706055,5.050000190734863,4.579999923706055,4.849999904632568,4.849999904632568,34900
2020-03-27,4.489999771118164,4.650000095367432,3.9700000286102295,4.03000020980835,4.03000020980835,41500
2020-03-30,3.9800000190734863,4.210000038146973,3.8299999237060547,3.9700000286102295,3.9700000286102295,40400
2020-03-31,3.950000047683716,4.099999904632568,3.740000009536743,3.880000114440918,3.880000114440918,48100
2020-04-01,3.5399999618530273,3.9000000953674316,3.4000000953674316,3.549999952316284,3.549999952316284,62500
2020-04-02,3.5,3.609999895095825,3.299999952316284,3.3399999141693115,3.3399999141693115,44200
2020-04-03,3.3299999237060547,3.5,3.1600000858306885,3.380000114440918,3.380000114440918,54100
2020-04-06,3.5,4.429999828338623,3.5,4.329999923706055,4.329999923706055,87700
2020-04-07,4.590000152587891,5.150000095367432,4.199999809265137,4.260000228881836,4.260000228881836,50300
2020-04-08,4.289999961853027,5.150000095367432,4.28000020980835,4.960000038146973,4.960000038146973,65300
2020-04-09,5.039999961853027,5.710000038146973,4.840000152587891,5.590000152587891,5.590000152587891,82600
2020-04-13,5.900000095367432,5.900000095367432,5.190000057220459,5.550000190734863,5.550000190734863,50500
2020-04-14,5.78000020980835,6.079999923706055,5.440000057220459,5.960000038146973,5.960000038146973,82900
2020-04-15,5.829999923706055,5.829999923706055,5.039999961853027,5.380000114440918,5.380000114440918,32700
2020-04-16,5.400000095367432,5.429999828338623,4.579999923706055,4.599999904632568,4.599999904632568,33400
2020-04-17,4.869999885559082,5.199999809265137,4.869999885559082,5.139999866485596,5.139999866485596,18700
2020-04-20,5.019999980926514,5.5,4.789999961853027,5.010000228881836,5.010000228881836,75400
2020-04-21,4.849999904632568,5.360000133514404,4.840000152587891,5.019999980926514,5.019999980926514,62700
2020-04-22,5.260000228881836,5.320000171661377,5.010000228881836,5.039999961853027,5.039999961853027,28100
2020-04-23,5.170000076293945,5.510000228881836,5.010000228881836,5.019999980926514,5.019999980926514,22600
2020-04-24,5.099999904632568,5.260000228881836,5.03000020980835,5.139999866485596,5.139999866485596,17300
2020-04-27,5.130000114440918,5.690000057220459,5.010000228881836,5.570000171661377,5.570000171661377,40700
2020-04-28,6.010000228881836,6.130000114440918,5.75,6.079999923706055,6.079999923706055,68900
2020-04-29,6.380000114440918,6.550000190734863,6.099999904632568,6.190000057220459,6.190000057220459,89700
2020-04-30,6.059999942779541,6.369999885559082,5.849999904632568,5.96999979019165,5.96999979019165,32400
2020-05-01,5.820000171661377,5.920000076293945,5.210000038146973,5.369999885559082,5.369999885559082,30600
2020-05-04,5.260000228881836,5.550000190734863,5.150000095367432,5.309999942779541,5.309999942779541,19100
2020-05-05,5.300000190734863,5.809999942779541,5.300000190734863,5.570000171661377,5.570000171661377,34700
2020-05-06,5.539999961853027,5.599999904632568,5.0,5.309999942779541,5.309999942779541,22300
2020-05-07,5.5,5.730000019073486,5.079999923706055,5.329999923706055,5.329999923706055,25300
2020-05-08,5.289999961853027,5.510000228881836,5.159999847412109,5.309999942779541,5.309999942779541,23300
2020-05-11,5.099999904632568,5.53000020980835,5.050000190734863,5.409999847412109,5.409999847412109,19500
2020-05-12,5.539999961853027,5.699999809265137,4.519999980926514,4.590000152587891,4.590000152587891,82400
2020-05-13,4.610000133514404,5.320000171661377,4.610000133514404,5.260000228881836,5.260000228881836,131200
2020-05-14,5.190000057220459,6.0,5.0,5.860000133514404,5.860000133514404,129800
2020-05-15,6.0,6.0,5.389999866485596,5.5,5.5,50500
2020-05-18,5.889999866485596,6.119999885559082,5.71999979019165,5.769999980926514,5.769999980926514,68200
2020-05-19,5.760000228881836,5.760000228881836,5.360000133514404,5.46999979019165,5.46999979019165,21900
2020-05-20,5.480000019073486,5.909999847412109,5.449999809265137,5.650000095367432,5.650000095367432,36800
2020-05-21,5.809999942779541,5.909999847412109,5.489999771118164,5.579999923706055,5.579999923706055,37100
2020-05-22,5.690000057220459,5.980000019073486,5.489999771118164,5.75,5.75,23700
2020-05-26,6.230000019073486,6.400000095367432,5.980000019073486,6.269999980926514,6.269999980926514,58000
2020-05-27,6.300000190734863,6.349999904632568,5.860000133514404,6.119999885559082,6.119999885559082,43100
2020-05-28,6.130000114440918,6.519999980926514,5.920000076293945,6.130000114440918,6.130000114440918,56000
2020-05-29,6.119999885559082,6.239999771118164,5.699999809265137,6.239999771118164,6.239999771118164,74600
2020-06-01,6.050000190734863,6.349999904632568,6.0,6.0,6.0,35100
2020-06-02,6.099999904632568,6.150000095367432,5.730000019073486,5.960000038146973,5.960000038146973,44900
2020-06-03,5.989999771118164,6.46999979019165,5.989999771118164,6.25,6.25,52100
2020-06-04,6.25,6.480000019073486,6.159999847412109,6.340000152587891,6.340000152587891,42000
2020-06-05,6.5,7.480000019073486,6.5,7.059999942779541,7.059999942779541,101100
2020-06-08,7.769999980926514,8.140000343322754,7.53000020980835,7.570000171661377,7.570000171661377,114100
2020-06-09,7.369999885559082,7.429999828338623,6.650000095367432,7.079999923706055,7.079999923706055,52400
2020-06-10,7.050000190734863,7.050000190734863,6.489999771118164,6.739999771118164,6.739999771118164,53200
2020-06-11,6.429999828338623,6.570000171661377,6.090000152587891,6.409999847412109,6.409999847412109,76800
2020-06-12,6.679999828338623,6.710000038146973,6.179999828338623,6.440000057220459,6.440000057220459,42900
2020-06-15,6.110000133514404,6.360000133514404,5.789999961853027,6.320000171661377,6.320000171661377,36400
2020-06-16,6.5,6.769999980926514,5.900000095367432,6.21999979019165,6.21999979019165,96300
2020-06-17,6.059999942779541,6.059999942779541,5.340000152587891,5.360000133514404,5.360000133514404,112700
2020-06-18,5.150000095367432,5.730000019073486,5.130000114440918,5.46999979019165,5.46999979019165,56000
2020-06-19,5.550000190734863,5.639999866485596,5.0,5.099999904632568,5.099999904632568,88500
2020-06-22,5.119999885559082,5.510000228881836,5.090000152587891,5.360000133514404,5.360000133514404,47800
2020-06-23,5.480000019073486,5.519999980926514,5.050000190734863,5.150000095367432,5.150000095367432,63300
2020-06-24,5.050000190734863,5.590000152587891,4.860000133514404,5.309999942779541,5.309999942779541,122600
2020-06-25,5.230000019073486,5.409999847412109,5.090000152587891,5.409999847412109,5.409999847412109,52000
2020-06-26,5.409999847412109,5.510000228881836,5.0,5.28000020980835,5.28000020980835,272500
2020-06-29,5.340000152587891,5.949999809265137,5.25,5.510000228881836,5.510000228881836,48500
2020-06-30,5.53000020980835,5.71999979019165,5.389999866485596,5.550000190734863,5.550000190734863,14600
2020-07-01,5.699999809265137,5.840000152587891,5.320000171661377,5.349999904632568,5.349999904632568,21800
2020-07-02,5.510000228881836,5.690000057220459,5.25,5.360000133514404,5.360000133514404,25000
2020-07-06,5.710000038146973,5.829999923706055,5.349999904632568,5.349999904632568,5.349999904632568,41000
2020-07-07,5.230000019073486,5.400000095367432,5.099999904632568,5.099999904632568,5.099999904632568,18600
2020-07-08,5.139999866485596,5.150000095367432,4.849999904632568,5.079999923706055,5.079999923706055,15700
2020-07-09,5.070000171661377,5.210000038146973,5.0,5.010000228881836,5.010000228881836,25000
2020-07-10,5.050000190734863,5.190000057220459,5.0,5.119999885559082,5.119999885559082,12300
2020-07-13,5.130000114440918,5.420000076293945,4.920000076293945,5.150000095367432,5.150000095367432,26400
2020-07-14,5.320000171661377,5.389999866485596,5.0,5.079999923706055,5.079999923706055,8900
2020-07-15,5.25,5.559999942779541,5.25,5.409999847412109,5.409999847412109,14100
2020-07-16,5.309999942779541,5.480000019073486,5.269999980926514,5.409999847412109,5.409999847412109,16300
2020-07-17,5.369999885559082,5.420000076293945,5.150000095367432,5.150000095367432,5.150000095367432,20800
2020-07-20,5.159999847412109,5.170000076293945,5.039999961853027,5.119999885559082,5.119999885559082,15100
2020-07-21,5.150000095367432,5.28000020980835,5.130000114440918,5.159999847412109,5.159999847412109,10200
2020-07-22,5.159999847412109,5.260000228881836,5.119999885559082,5.150000095367432,5.150000095367432,7400
2020-07-23,5.25,5.300000190734863,5.119999885559082,5.130000114440918,5.130000114440918,5200
2020-07-24,5.130000114440918,5.130000114440918,4.909999847412109,5.050000190734863,5.050000190734863,10800
2020-07-27,5.059999942779541,5.090000152587891,4.769999980926514,4.860000133514404,4.860000133514404,20000
2020-07-28,4.809999942779541,4.980000019073486,4.78000020980835,4.949999809265137,4.949999809265137,14500
2020-07-29,5.019999980926514,5.110000133514404,4.869999885559082,4.949999809265137,4.949999809265137,10400
2020-07-30,4.929999828338623,4.980000019073486,4.599999904632568,4.599999904632568,4.599999904632568,22400
2020-07-31,4.789999961853027,4.789999961853027,4.510000228881836,4.570000171661377,4.570000171661377,21000
2020-08-03,4.449999809265137,4.5,4.300000190734863,4.300000190734863,4.300000190734863,19600
2020-08-04,4.440000057220459,5.539999961853027,4.440000057220459,5.119999885559082,5.119999885559082,74200
2020-08-05,5.25,5.460000038146973,5.239999771118164,5.320000171661377,5.320000171661377,24200
2020-08-06,5.090000152587891,5.329999923706055,5.090000152587891,5.099999904632568,5.099999904632568,10400
2020-08-07,4.900000095367432,5.320000171661377,4.900000095367432,5.25,5.25,11200
2020-08-10,5.400000095367432,5.579999923706055,5.230000019073486,5.300000190734863,5.300000190734863,16100
2020-08-11,5.380000114440918,5.449999809265137,5.059999942779541,5.130000114440918,5.130000114440918,8000
2020-08-12,5.239999771118164,5.239999771118164,5.090000152587891,5.179999828338623,5.179999828338623,3500
2020-08-13,5.150000095367432,5.150000095367432,4.889999866485596,5.0,5.0,14600
2020-08-14,5.010000228881836,5.070000171661377,4.980000019073486,5.070000171661377,5.070000171661377,7100
2020-08-17,5.150000095367432,5.150000095367432,4.989999771118164,5.03000020980835,5.03000020980835,9700
2020-08-18,5.010000228881836,5.110000133514404,4.929999828338623,5.059999942779541,5.059999942779541,11100
2020-08-19,5.119999885559082,5.139999866485596,4.909999847412109,4.96999979019165,4.96999979019165,12100
2020-08-20,4.880000114440918,5.050000190734863,4.860000133514404,5.039999961853027,5.039999961853027,57100
2020-08-21,5.039999961853027,5.070000171661377,4.690000057220459,5.03000020980835,5.03000020980835,20000
2020-08-24,5.0,5.119999885559082,5.0,5.03000020980835,5.03000020980835,17100
2020-08-25,4.96999979019165,5.039999961853027,4.829999923706055,5.010000228881836,5.010000228881836,14800
2020-08-26,5.050000190734863,5.050000190734863,4.840000152587891,5.010000228881836,5.010000228881836,14000
2020-08-27,4.960000038146973,5.099999904632568,4.869999885559082,5.0,5.0,17300
2020-08-28,5.0,5.03000020980835,4.949999809265137,5.03000020980835,5.03000020980835,6600
2020-08-31,4.869999885559082,5.03000020980835,4.869999885559082,5.03000020980835,5.03000020980835,27300
2020-09-01,4.96999979019165,5.099999904632568,4.869999885559082,5.070000171661377,5.070000171661377,14300
2020-09-02,5.019999980926514,5.420000076293945,5.010000228881836,5.420000076293945,5.420000076293945,17300
2020-09-03,5.420000076293945,5.460000038146973,5.179999828338623,5.269999980926514,5.269999980926514,20700
2020-09-04,5.309999942779541,5.320000171661377,5.139999866485596,5.300000190734863,5.300000190734863,5200
2020-09-08,5.21999979019165,5.389999866485596,5.159999847412109,5.28000020980835,5.28000020980835,8400
2020-09-09,5.210000038146973,5.369999885559082,5.210000038146973,5.300000190734863,5.300000190734863,7800
2020-09-10,5.329999923706055,5.429999828338623,5.320000171661377,5.389999866485596,5.389999866485596,6000
2020-09-11,5.309999942779541,5.389999866485596,5.25,5.28000020980835,5.28000020980835,14200
2020-09-14,5.5,5.900000095367432,5.369999885559082,5.760000228881836,5.760000228881836,58100
2020-09-15,5.599999904632568,5.789999961853027,5.579999923706055,5.639999866485596,5.639999866485596,25400
2020-09-16,5.659999847412109,5.96999979019165,5.659999847412109,5.78000020980835,5.78000020980835,33300
2020-09-17,5.880000114440918,6.639999866485596,5.679999828338623,6.440000057220459,6.440000057220459,45800
2020-09-18,6.480000019073486,6.480000019073486,5.619999885559082,5.730000019073486,5.730000019073486,40300
2020-09-21,5.550000190734863,5.550000190734863,5.309999942779541,5.320000171661377,5.320000171661377,15700
2020-09-22,5.340000152587891,5.510000228881836,5.25,5.329999923706055,5.329999923706055,21800
2020-09-23,5.389999866485596,5.579999923706055,5.329999923706055,5.340000152587891,5.340000152587891,9100
2020-09-24,5.28000020980835,5.360000133514404,5.139999866485596,5.170000076293945,5.170000076293945,19700
2020-09-25,5.239999771118164,5.579999923706055,5.150000095367432,5.559999942779541,5.559999942779541,15700
2020-09-28,5.670000076293945,5.670000076293945,5.5,5.599999904632568,5.599999904632568,5500
2020-09-29,5.539999961853027,5.550000190734863,5.300000190734863,5.460000038146973,5.460000038146973,13600
2020-09-30,5.429999828338623,5.570000171661377,5.300000190734863,5.409999847412109,5.409999847412109,7100
2020-10-01,5.340000152587891,6.190000057220459,5.230000019073486,5.949999809265137,5.949999809265137,19700
2020-10-02,5.840000152587891,5.989999771118164,5.349999904632568,5.579999923706055,5.579999923706055,14300
2020-10-05,5.599999904632568,5.820000171661377,5.599999904632568,5.659999847412109,5.659999847412109,3100
2020-10-06,5.869999885559082,5.869999885559082,5.579999923706055,5.619999885559082,5.619999885559082,6000
2020-10-07,5.739999771118164,5.739999771118164,5.260000228881836,5.460000038146973,5.460000038146973,17400
2020-10-08,5.519999980926514,5.679999828338623,5.460000038146973,5.599999904632568,5.599999904632568,5900
2020-10-09,5.480000019073486,5.610000133514404,5.309999942779541,5.400000095367432,5.400000095367432,7400
2020-10-12,5.420000076293945,5.53000020980835,5.239999771118164,5.329999923706055,5.329999923706055,7400
2020-10-13,5.369999885559082,5.460000038146973,5.210000038146973,5.28000020980835,5.28000020980835,10000
2020-10-14,5.309999942779541,5.400000095367432,5.039999961853027,5.059999942779541,5.059999942779541,8300
2020-10-15,5.059999942779541,5.360000133514404,5.059999942779541,5.199999809265137,5.199999809265137,4500
2020-10-16,5.199999809265137,5.199999809265137,5.130000114440918,5.179999828338623,5.179999828338623,6200
2020-10-19,5.199999809265137,5.199999809265137,4.900000095367432,4.949999809265137,4.949999809265137,11400
2020-10-20,5.079999923706055,5.079999923706055,4.800000190734863,4.860000133514404,4.860000133514404,9400
2020-10-21,4.829999923706055,4.869999885559082,4.510000228881836,4.800000190734863,4.800000190734863,22700
2020-10-22,4.889999866485596,4.889999866485596,4.760000228881836,4.789999961853027,4.789999961853027,7800
2020-10-23,4.860000133514404,4.860000133514404,4.650000095367432,4.71999979019165,4.71999979019165,3100
2020-10-26,4.690000057220459,4.690000057220459,4.380000114440918,4.5,4.5,27000
2020-10-27,4.650000095367432,4.650000095367432,4.380000114440918,4.53000020980835,4.53000020980835,18800
2020-10-28,4.460000038146973,4.46999979019165,4.230000019073486,4.320000171661377,4.320000171661377,10000
2020-10-29,4.309999942779541,4.309999942779541,4.199999809265137,4.230000019073486,4.230000019073486,4400
2020-10-30,4.199999809265137,4.340000152587891,3.9700000286102295,4.0,4.0,17400
2020-11-02,4.130000114440918,4.130000114440918,3.9200000762939453,3.940000057220459,3.940000057220459,4900
2020-11-03,4.050000190734863,4.050000190734863,3.9600000381469727,3.990000009536743,3.990000009536743,6800
2020-11-04,3.9800000190734863,4.010000228881836,3.880000114440918,3.950000047683716,3.950000047683716,7500
2020-11-05,3.990000009536743,4.46999979019165,3.990000009536743,4.409999847412109,4.409999847412109,18600
2020-11-06,4.389999866485596,4.409999847412109,4.159999847412109,4.239999771118164,4.239999771118164,13400
2020-11-09,4.630000114440918,4.900000095367432,4.190000057220459,4.28000020980835,4.28000020980835,41100
2020-11-10,4.28000020980835,4.309999942779541,4.139999866485596,4.170000076293945,4.170000076293945,26700
2020-11-11,4.300000190734863,4.329999923706055,4.170000076293945,4.25,4.25,10000
2020-11-12,4.239999771118164,4.329999923706055,4.170000076293945,4.170000076293945,4.170000076293945,23200
2020-11-13,4.28000020980835,4.329999923706055,4.170000076293945,4.269999980926514,4.269999980926514,11900
2020-11-16,4.400000095367432,4.889999866485596,4.400000095367432,4.650000095367432,4.650000095367432,19100
2020-11-17,5.0,5.0,4.630000114440918,4.690000057220459,4.690000057220459,22000
2020-11-18,4.889999866485596,4.980000019073486,4.739999771118164,4.739999771118164,4.739999771118164,16300
2020-11-19,4.800000190734863,5.019999980926514,4.739999771118164,5.019999980926514,5.019999980926514,14600
2020-11-20,5.150000095367432,5.550000190734863,5.039999961853027,5.449999809265137,5.449999809265137,21800
2020-11-23,5.449999809265137,5.849999904632568,5.369999885559082,5.849999904632568,5.849999904632568,39400
2020-11-24,5.980000019073486,6.079999923706055,5.400000095367432,5.599999904632568,5.599999904632568,31200
2020-11-25,5.5,6.0,5.46999979019165,5.940000057220459,5.940000057220459,21600
2020-11-27,5.730000019073486,5.869999885559082,5.269999980926514,5.269999980926514,5.269999980926514,12600
2020-11-30,5.619999885559082,5.710000038146973,5.099999904632568,5.139999866485596,5.139999866485596,35200
2020-12-01,5.28000020980835,5.630000114440918,5.28000020980835,5.53000020980835,5.53000020980835,15500
2020-12-02,5.309999942779541,5.46999979019165,5.309999942779541,5.429999828338623,5.429999828338623,10100
2020-12-03,5.610000133514404,7.980000019073486,5.130000114440918,5.769999980926514,5.769999980926514,1036100
2020-12-04,5.940000057220459,6.980000019073486,5.820000171661377,6.699999809265137,6.699999809265137,155600
2020-12-07,6.710000038146973,6.920000076293945,6.25,6.46999979019165,6.46999979019165,27800
2020-12-08,6.460000038146973,6.480000019073486,5.869999885559082,6.039999961853027,6.039999961853027,42500
2020-12-09,6.0,6.789999961853027,6.0,6.360000133514404,6.360000133514404,22200
2020-12-10,6.550000190734863,6.670000076293945,6.0,6.349999904632568,6.349999904632568,28700
2020-12-11,6.230000019073486,6.230000019073486,5.840000152587891,6.0,6.0,20400
2020-12-14,6.579999923706055,6.980000019073486,6.25,6.980000019073486,6.980000019073486,55700
2020-12-15,7.010000228881836,7.159999847412109,6.0,6.170000076293945,6.170000076293945,42200
2020-12-16,6.199999809265137,6.690000057220459,6.170000076293945,6.269999980926514,6.269999980926514,27900
2020-12-17,6.349999904632568,6.489999771118164,6.300000190734863,6.409999847412109,6.409999847412109,13800
2020-12-18,6.409999847412109,6.960000038146973,6.28000020980835,6.400000095367432,6.400000095367432,57300
2020-12-21,6.170000076293945,6.690000057220459,6.170000076293945,6.550000190734863,6.550000190734863,44300
2020-12-22,6.460000038146973,6.519999980926514,5.820000171661377,5.860000133514404,5.860000133514404,80200
2020-12-23,5.869999885559082,6.159999847412109,5.860000133514404,5.909999847412109,5.909999847412109,7800
2020-12-24,5.590000152587891,5.710000038146973,5.25,5.260000228881836,5.260000228881836,54900
2020-12-28,5.300000190734863,5.570000171661377,5.300000190734863,5.510000228881836,5.510000228881836,14000
2020-12-29,5.5,5.510000228881836,5.329999923706055,5.480000019073486,5.480000019073486,15000
2020-12-30,5.539999961853027,5.860000133514404,5.449999809265137,5.860000133514404,5.860000133514404,16000
2020-12-31,5.920000076293945,6.599999904632568,5.570000171661377,6.360000133514404,6.360000133514404,66500
2021-01-04,6.329999923706055,6.789999961853027,5.900000095367432,6.539999961853027,6.539999961853027,33500
2021-01-05,6.579999923706055,6.699999809265137,6.170000076293945,6.269999980926514,6.269999980926514,34600
2021-01-06,6.400000095367432,6.980000019073486,6.099999904632568,6.869999885559082,6.869999885559082,46300
2021-01-07,6.889999866485596,7.289999961853027,6.869999885559082,7.110000133514404,7.110000133514404,23900
2021-01-08,7.300000190734863,7.300000190734863,6.550000190734863,7.25,7.25,35100
2021-01-11,7.25,7.980000019073486,7.159999847412109,7.980000019073486,7.980000019073486,37800
2021-01-12,7.800000190734863,9.0,7.800000190734863,8.649999618530273,8.649999618530273,48400
2021-01-13,8.680000305175781,8.720000267028809,8.170000076293945,8.710000038146973,8.710000038146973,23100
2021-01-14,8.84000015258789,9.25,8.829999923706055,9.25,9.25,30600
2021-01-15,9.1899995803833,9.300000190734863,8.65999984741211,9.300000190734863,9.300000190734863,20800
2021-01-19,9.109999656677246,9.199999809265137,8.770000457763672,9.149999618530273,9.149999618530273,16200
2021-01-20,9.149999618530273,9.319999694824219,8.859999656677246,8.979999542236328,8.979999542236328,4200
2021-01-21,8.90999984741211,9.1899995803833,8.739999771118164,8.859999656677246,8.859999656677246,6000
2021-01-22,8.140000343322754,8.800000190734863,8.140000343322754,8.789999961853027,8.789999961853027,26100
2021-01-25,8.800000190734863,9.140000343322754,8.489999771118164,8.649999618530273,8.649999618530273,19100
2021-01-26,8.640000343322754,9.15999984741211,8.630000114440918,8.850000381469727,8.850000381469727,22900
2021-01-27,8.760000228881836,8.84000015258789,7.75,7.940000057220459,7.940000057220459,27100
2021-01-28,8.239999771118164,8.5,7.75,7.820000171661377,7.820000171661377,15600
2021-01-29,7.829999923706055,8.270000457763672,7.699999809265137,8.1899995803833,8.1899995803833,15000
2021-02-01,8.079999923706055,8.25,7.75,8.149999618530273,8.149999618530273,15000
2021-02-02,8.199999809265137,8.25,7.929999828338623,8.170000076293945,8.170000076293945,7600
2021-02-03,8.010000228881836,8.15999984741211,7.739999771118164,8.010000228881836,8.010000228881836,4500
2021-02-04,8.029999732971191,8.979999542236328,8.029999732971191,8.699999809265137,8.699999809265137,18900
2021-02-05,8.800000190734863,8.960000038146973,8.270000457763672,8.819999694824219,8.819999694824219,7500
2021-02-08,8.829999923706055,8.829999923706055,8.329999923706055,8.40999984741211,8.40999984741211,15100
2021-02-09,8.449999809265137,8.449999809265137,7.510000228881836,7.769999980926514,7.769999980926514,21500
2021-02-10,7.96999979019165,8.649999618530273,7.96999979019165,8.649999618530273,8.649999618530273,17500
2021-02-11,8.619999885559082,8.699999809265137,8.420000076293945,8.420000076293945,8.420000076293945,4300
2021-02-12,8.079999923706055,8.569999694824219,8.079999923706055,8.569999694824219,8.569999694824219,1700
2021-02-16,8.520000457763672,8.520000457763672,8.119999885559082,8.119999885559082,8.119999885559082,1200
2021-02-17,8.1899995803833,8.430000305175781,8.050000190734863,8.25,8.25,1900
2021-02-18,8.180000305175781,8.300000190734863,8.010000228881836,8.279999732971191,8.279999732971191,2600
2021-02-19,8.460000038146973,8.579999923706055,8.100000381469727,8.199999809265137,8.199999809265137,5700
2021-02-22,8.25,8.550000190734863,8.25,8.4399995803833,8.4399995803833,4300
2021-02-23,8.149999618530273,8.4399995803833,8.079999923706055,8.319999694824219,8.319999694824219,9600
2021-02-24,8.399999618530273,8.949999809265137,8.300000190734863,8.899999618530273,8.899999618530273,10400
2021-02-25,9.069999694824219,9.09000015258789,8.779999732971191,8.779999732971191,8.779999732971191,14700
2021-02-26,8.460000038146973,8.84000015258789,8.390000343322754,8.600000381469727,8.600000381469727,5900
2021-03-01,9.020000457763672,9.020000457763672,8.600000381469727,8.670000076293945,8.670000076293945,9800
2021-03-02,8.6899995803833,9.109999656677246,8.199999809265137,9.069999694824219,9.069999694824219,9300
2021-03-03,8.899999618530273,8.899999618530273,8.210000038146973,8.550000190734863,8.550000190734863,11200
2021-03-04,8.15999984741211,8.34000015258789,8.050000190734863,8.239999771118164,8.239999771118164,15400
2021-03-05,8.020000457763672,8.399999618530273,7.570000171661377,8.199999809265137,8.199999809265137,25900
2021-03-08,8.149999618530273,8.390000343322754,7.909999847412109,8.390000343322754,8.390000343322754,9200
2021-03-09,9.0,9.520000457763672,8.720000267028809,9.350000381469727,9.350000381469727,30300
2021-03-10,9.5600004196167,9.800000190734863,9.399999618530273,9.510000228881836,9.510000228881836,15400
2021-03-11,9.640000343322754,9.899999618530273,9.529999732971191,9.84000015258789,9.84000015258789,15000
2021-03-12,9.880000114440918,10.0,9.640000343322754,9.979999542236328,9.979999542236328,8900
2021-03-15,9.949999809265137,10.699999809265137,9.949999809265137,10.699999809265137,10.699999809265137,38900
2021-03-16,10.720000267028809,10.770000457763672,10.039999961853027,10.449999809265137,10.449999809265137,8400
2021-03-17,10.430000305175781,10.430000305175781,10.119999885559082,10.329999923706055,10.329999923706055,6300
2021-03-18,10.329999923706055,11.0,10.329999923706055,10.699999809265137,10.699999809265137,32300
2021-03-19,10.539999961853027,10.930000305175781,10.260000228881836,10.899999618530273,10.899999618530273,14800
2021-03-22,11.0,12.0,10.899999618530273,11.890000343322754,11.890000343322754,25600
2021-03-23,11.729999542236328,11.729999542236328,10.869999885559082,11.039999961853027,11.039999961853027,17600
2021-03-24,10.930000305175781,11.0600004196167,10.390000343322754,10.680000305175781,10.680000305175781,9300
2021-03-25,10.529999732971191,11.100000381469727,10.220000267028809,11.020000457763672,11.020000457763672,8000
2021-03-26,10.329999923706055,11.520000457763672,10.329999923706055,11.520000457763672,11.520000457763672,6900
2021-03-29,11.5,11.5,11.050000190734863,11.34000015258789,11.34000015258789,2100
2021-03-30,11.369999885559082,11.369999885559082,10.75,10.989999771118164,10.989999771118164,8200
2021-03-31,11.029999732971191,11.300000190734863,10.789999961853027,11.220000267028809,11.220000267028809,3500
2021-04-01,11.300000190734863,11.300000190734863,11.010000228881836,11.119999885559082,11.119999885559082,3800
2021-04-05,11.300000190734863,11.6899995803833,10.899999618530273,11.5,11.5,13300
2021-04-06,11.319999694824219,11.6899995803833,11.260000228881836,11.600000381469727,11.600000381469727,6600
2021-04-07,11.510000228881836,11.600000381469727,11.399999618530273,11.600000381469727,11.600000381469727,2500
2021-04-08,11.520000457763672,11.520000457763672,11.319999694824219,11.5,11.5,3100
2021-04-09,11.699999809265137,11.699999809265137,11.460000038146973,11.600000381469727,11.600000381469727,3200
2021-04-12,11.300000190734863,11.449999809265137,11.180000305175781,11.1899995803833,11.1899995803833,5300
2021-04-13,11.170000076293945,11.489999771118164,11.170000076293945,11.329999923706055,11.329999923706055,4800
2021-04-14,11.430000305175781,11.600000381469727,11.229999542236328,11.34000015258789,11.34000015258789,4300
2021-04-15,11.229999542236328,11.449999809265137,11.199999809265137,11.289999961853027,11.289999961853027,2500
2021-04-16,11.180000305175781,11.300000190734863,11.0,11.149999618530273,11.149999618530273,3200
2021-04-19,11.100000381469727,11.199999809265137,11.0,11.199999809265137,11.199999809265137,4200
2021-04-20,10.699999809265137,11.1899995803833,10.699999809265137,11.1899995803833,11.1899995803833,2200
2021-04-21,11.130000114440918,11.510000228881836,11.119999885559082,11.5,11.5,4900
2021-04-22,11.609999656677246,11.609999656677246,11.300000190734863,11.449999809265137,11.449999809265137,2200
2021-04-23,11.289999961853027,11.6899995803833,11.289999961853027,11.619999885559082,11.619999885559082,11600
2021-04-26,11.600000381469727,11.640000343322754,11.59000015258789,11.600000381469727,11.600000381469727,1400
2021-04-27,11.670000076293945,11.670000076293945,11.569999694824219,11.630000114440918,11.630000114440918,1000
2021-04-28,11.420000076293945,11.670000076293945,11.420000076293945,11.670000076293945,11.670000076293945,1900
2021-04-29,11.3100004196167,11.6899995803833,11.109999656677246,11.6899995803833,11.6899995803833,10200
2021-04-30,11.119999885559082,11.550000190734863,10.899999618530273,11.279999732971191,11.279999732971191,32800
2021-05-03,11.550000190734863,11.670000076293945,11.460000038146973,11.670000076293945,11.670000076293945,2500
2021-05-04,11.670000076293945,11.9399995803833,11.479999542236328,11.9399995803833,11.9399995803833,10200
2021-05-05,11.59000015258789,11.949999809265137,11.59000015258789,11.899999618530273,11.899999618530273,3600
2021-05-06,11.880000114440918,12.0,11.649999618530273,12.0,12.0,7200
2021-05-07,12.0,12.449999809265137,11.670000076293945,12.0,12.0,18700
2021-05-10,11.770000457763672,12.050000190734863,11.75,11.84000015258789,11.84000015258789,38100
2021-05-11,11.84000015258789,11.899999618530273,11.819999694824219,11.899999618530273,11.899999618530273,900
2021-05-12,11.609999656677246,11.739999771118164,10.75,11.029999732971191,11.029999732971191,9400
2021-05-13,11.380000114440918,11.380000114440918,11.029999732971191,11.039999961853027,11.039999961853027,3500
2021-05-14,11.050000190734863,11.25,11.050000190734863,11.25,11.25,2200
2021-05-17,11.220000267028809,11.220000267028809,11.220000267028809,11.220000267028809,11.220000267028809,800
2021-05-18,10.899999618530273,11.220000267028809,10.869999885559082,11.199999809265137,11.199999809265137,6100
2021-05-19,11.0,11.25,11.0,11.229999542236328,11.229999542236328,4200
2021-05-20,11.210000038146973,11.210000038146973,11.15999984741211,11.199999809265137,11.199999809265137,1500
2021-05-21,11.15999984741211,11.199999809265137,11.15999984741211,11.199999809265137,11.199999809265137,2600
2021-05-24,10.920000076293945,11.199999809265137,10.920000076293945,10.949999809265137,10.949999809265137,1300
2021-05-25,11.140000343322754,11.140000343322754,10.899999618530273,10.9399995803833,10.9399995803833,3600
2021-05-26,11.149999618530273,11.199999809265137,11.0,11.079999923706055,11.079999923706055,6000
2021-05-27,11.079999923706055,11.300000190734863,11.079999923706055,11.300000190734863,11.300000190734863,2300
2021-05-28,11.279999732971191,11.579999923706055,11.279999732971191,11.510000228881836,11.510000228881836,3200
2021-06-01,11.289999961853027,11.5600004196167,11.289999961853027,11.390000343322754,11.390000343322754,2600
2021-06-02,11.630000114440918,11.630000114440918,11.600000381469727,11.600000381469727,11.600000381469727,800
2021-06-03,11.630000114440918,11.84000015258789,11.630000114440918,11.680000305175781,11.680000305175781,2900
2021-06-04,11.869999885559082,11.869999885559082,11.649999618530273,11.789999961853027,11.789999961853027,4100
2021-06-07,11.649999618530273,12.25,11.399999618530273,12.25,12.25,21800
2021-06-08,12.319999694824219,12.350000381469727,12.210000038146973,12.210000038146973,12.210000038146973,1300
2021-06-09,12.270000457763672,13.220000267028809,12.270000457763672,13.050000190734863,13.050000190734863,11600
2021-06-10,13.260000228881836,13.510000228881836,12.850000381469727,13.15999984741211,13.15999984741211,45300
2021-06-11,12.710000038146973,13.140000343322754,11.220000267028809,12.0,12.0,40600
2021-06-14,12.630000114440918,12.760000228881836,10.789999961853027,10.90999984741211,10.90999984741211,19400
2021-06-15,10.739999771118164,11.0,10.699999809265137,10.699999809265137,10.699999809265137,8300
2021-06-16,10.170000076293945,10.670000076293945,10.170000076293945,10.380000114440918,10.380000114440918,6600
2021-06-17,10.350000381469727,10.65999984741211,10.350000381469727,10.619999885559082,10.619999885559082,3200
2021-06-18,10.510000228881836,10.59000015258789,10.5,10.569999694824219,10.569999694824219,8600
2021-06-21,10.739999771118164,10.739999771118164,10.390000343322754,10.390000343322754,10.390000343322754,7900
2021-06-22,10.600000381469727,10.600000381469727,10.25,10.359999656677246,10.359999656677246,3400
2021-06-23,10.140000343322754,10.5,10.140000343322754,10.319999694824219,10.319999694824219,2700
2021-06-24,10.369999885559082,10.369999885559082,10.279999732971191,10.279999732971191,10.279999732971191,800
2021-06-25,10.579999923706055,10.630000114440918,10.380000114440918,10.579999923706055,10.579999923706055,2700
2021-06-28,10.630000114440918,10.630000114440918,10.399999618530273,10.5,10.5,1600
2021-06-29,10.470000267028809,10.579999923706055,10.350000381469727,10.350000381469727,10.350000381469727,2300
2021-06-30,10.109999656677246,10.34000015258789,10.100000381469727,10.100000381469727,10.100000381469727,5800
2021-07-01,10.069999694824219,10.1899995803833,10.0,10.0,10.0,2200
2021-07-02,10.239999771118164,10.5,10.199999809265137,10.199999809265137,10.199999809265137,21400
2021-07-06,10.359999656677246,10.359999656677246,10.0,10.0,10.0,1600
2021-07-07,10.199999809265137,10.199999809265137,9.850000381469727,9.850000381469727,9.850000381469727,3000
2021-07-08,9.800000190734863,9.800000190734863,9.449999809265137,9.789999961853027,9.789999961853027,6300
2021-07-09,9.890000343322754,9.890000343322754,9.75,9.75,9.75,1600
2021-07-12,9.8100004196167,9.970000267028809,9.5600004196167,9.760000228881836,9.760000228881836,4600
2021-07-13,9.630000114440918,9.630000114440918,9.329999923706055,9.34000015258789,9.34000015258789,2700
2021-07-14,9.449999809265137,9.529999732971191,9.329999923706055,9.390000343322754,9.390000343322754,3300
2021-07-15,9.399999618530273,9.489999771118164,9.220000267028809,9.289999961853027,9.289999961853027,6100
2021-07-16,9.350000381469727,9.350000381469727,8.859999656677246,8.899999618530273,8.899999618530273,5700
2021-07-19,9.3100004196167,9.3100004196167,8.149999618530273,8.479999542236328,8.479999542236328,5000
2021-07-20,8.479999542236328,8.789999961853027,8.479999542236328,8.619999885559082,8.619999885559082,6300
2021-07-21,9.0,9.039999961853027,9.0,9.029999732971191,9.029999732971191,6700
2021-07-22,9.029999732971191,9.029999732971191,9.029999732971191,9.029999732971191,9.029999732971191,0
2021-07-23,8.880000114440918,8.979999542236328,8.279999732971191,8.489999771118164,8.489999771118164,18500
2021-07-26,8.520000457763672,8.5600004196167,8.199999809265137,8.479999542236328,8.479999542236328,6000
2021-07-27,8.25,8.359999656677246,7.989999771118164,7.989999771118164,7.989999771118164,12600
2021-07-28,8.1899995803833,8.199999809265137,8.1899995803833,8.199999809265137,8.199999809265137,900
2021-07-29,8.420000076293945,8.420000076293945,8.09000015258789,8.09000015258789,8.09000015258789,1200
2021-07-30,8.220000267028809,8.220000267028809,7.900000095367432,7.949999809265137,7.949999809265137,4500
2021-08-02,8.210000038146973,8.210000038146973,7.800000190734863,7.900000095367432,7.900000095367432,2300
2021-08-03,8.0,8.0,7.139999866485596,7.809999942779541,7.809999942779541,5900
2021-08-04,7.71999979019165,7.730000019073486,7.510000228881836,7.71999979019165,7.71999979019165,5100
2021-08-05,7.349999904632568,7.480000019073486,7.190000057220459,7.289999961853027,7.289999961853027,7000
2021-08-06,7.28000020980835,7.409999847412109,7.190000057220459,7.409999847412109,7.409999847412109,1000
2021-08-09,7.400000095367432,7.699999809265137,7.400000095367432,7.559999942779541,7.559999942779541,1700
2021-08-10,7.650000095367432,7.800000190734863,7.429999828338623,7.679999828338623,7.679999828338623,8500
2021-08-11,7.53000020980835,7.679999828338623,7.53000020980835,7.679999828338623,7.679999828338623,2300
2021-08-12,7.670000076293945,7.679999828338623,7.519999980926514,7.519999980926514,7.519999980926514,2600
2021-08-13,7.550000190734863,7.550000190734863,7.449999809265137,7.480000019073486,7.480000019073486,1300
2021-08-16,7.300000190734863,7.329999923706055,7.190000057220459,7.289999961853027,7.289999961853027,7700
2021-08-17,7.0,8.130000114440918,6.820000171661377,7.75,7.75,35800
2021-08-18,7.96999979019165,8.100000381469727,7.869999885559082,7.880000114440918,7.880000114440918,1300
2021-08-19,8.09000015258789,8.09000015258789,7.690000057220459,7.690000057220459,7.690000057220459,3400
2021-08-20,7.829999923706055,7.889999866485596,7.829999923706055,7.889999866485596,7.889999866485596,1300
2021-08-23,7.760000228881836,8.029999732971191,7.380000114440918,7.400000095367432,7.400000095367432,7400
2021-08-24,7.429999828338623,7.429999828338623,7.010000228881836,7.269999980926514,7.269999980926514,12000
2021-08-25,7.460000038146973,7.460000038146973,7.199999809265137,7.230000019073486,7.230000019073486,1100
2021-08-26,7.230000019073486,7.230000019073486,7.230000019073486,7.230000019073486,7.230000019073486,600
2021-08-27,7.449999809265137,7.449999809265137,7.150000095367432,7.150000095367432,7.150000095367432,1800
2021-08-30,7.150000095367432,7.159999847412109,7.0,7.0,7.0,6000
2021-08-31,7.039999961853027,7.380000114440918,6.769999980926514,6.769999980926514,6.769999980926514,12600
2021-09-01,6.860000133514404,6.900000095367432,6.769999980926514,6.829999923706055,6.829999923706055,4100
2021-09-02,6.75,6.75,6.329999923706055,6.659999847412109,6.659999847412109,14600
2021-09-03,6.789999961853027,7.0,6.650000095367432,7.0,7.0,16900
2021-09-07,7.159999847412109,7.190000057220459,6.800000190734863,6.849999904632568,6.849999904632568,6000
2021-09-08,6.800000190734863,6.829999923706055,6.429999828338623,6.539999961853027,6.539999961853027,11300
2021-09-09,6.5,6.71999979019165,6.340000152587891,6.710000038146973,6.710000038146973,78500
2021-09-10,7.300000190734863,8.100000381469727,6.849999904632568,7.75,7.75,229800
2021-09-13,7.599999904632568,7.679999828338623,7.289999961853027,7.559999942779541,7.559999942779541,26600
2021-09-14,7.550000190734863,7.71999979019165,7.230000019073486,7.230000019073486,7.230000019073486,19300
2021-09-15,7.139999866485596,8.270000457763672,7.0,7.980000019073486,7.980000019073486,28100
2021-09-16,7.920000076293945,7.920000076293945,7.199999809265137,7.260000228881836,7.260000228881836,24100
2021-09-17,7.190000057220459,7.75,7.190000057220459,7.710000038146973,7.710000038146973,9700
2021-09-20,8.020000457763672,8.020000457763672,7.570000171661377,7.809999942779541,7.809999942779541,10500
2021-09-21,7.880000114440918,7.920000076293945,7.71999979019165,7.840000152587891,7.840000152587891,8200
2021-09-22,7.900000095367432,8.34000015258789,7.900000095367432,8.300000190734863,8.300000190734863,13400
2021-09-23,8.180000305175781,8.600000381469727,8.180000305175781,8.539999961853027,8.539999961853027,10100
2021-09-24,8.539999961853027,8.899999618530273,8.34000015258789,8.680000305175781,8.680000305175781,10600
2021-09-27,8.569999694824219,8.729999542236328,8.380000114440918,8.600000381469727,8.600000381469727,6200
2021-09-28,8.739999771118164,8.739999771118164,8.119999885559082,8.550000190734863,8.550000190734863,11700
2021-09-29,8.270000457763672,8.680000305175781,8.210000038146973,8.680000305175781,8.680000305175781,3000
2021-09-30,8.6899995803833,8.789999961853027,8.119999885559082,8.25,8.25,3500
2021-10-01,8.149999618530273,8.529999732971191,8.130000114440918,8.5,8.5,3100
2021-10-04,8.430000305175781,8.489999771118164,8.229999542236328,8.229999542236328,8.229999542236328,2400
2021-10-05,8.239999771118164,8.359999656677246,8.140000343322754,8.279999732971191,8.279999732971191,11900
2021-10-06,8.130000114440918,8.390000343322754,8.130000114440918,8.239999771118164,8.239999771118164,8300
2021-10-07,8.199999809265137,8.399999618530273,8.180000305175781,8.260000228881836,8.260000228881836,6400
2021-10-08,8.149999618530273,8.529999732971191,8.119999885559082,8.479999542236328,8.479999542236328,8700
2021-10-11,8.479999542236328,8.600000381469727,8.289999961853027,8.59000015258789,8.59000015258789,2100
2021-10-12,8.569999694824219,8.819999694824219,8.569999694824219,8.819999694824219,8.819999694824219,8000
2021-10-13,8.699999809265137,8.859999656677246,8.569999694824219,8.75,8.75,4900
2021-10-14,8.859999656677246,8.880000114440918,8.59000015258789,8.770000457763672,8.770000457763672,2900
2021-10-15,8.649999618530273,8.789999961853027,8.600000381469727,8.699999809265137,8.699999809265137,8900
2021-10-18,8.680000305175781,8.789999961853027,8.680000305175781,8.710000038146973,8.710000038146973,3700
2021-10-19,8.729999542236328,8.75,8.729999542236328,8.75,8.75,800
2021-10-20,8.579999923706055,8.829999923706055,8.569999694824219,8.819999694824219,8.819999694824219,4500
2021-10-21,8.550000190734863,8.84000015258789,8.25,8.600000381469727,8.600000381469727,3100
2021-10-22,8.460000038146973,8.890000343322754,8.460000038146973,8.859999656677246,8.859999656677246,2700
2021-10-25,8.899999618530273,8.899999618530273,8.479999542236328,8.600000381469727,8.600000381469727,3600
2021-10-26,8.430000305175781,8.899999618530273,8.279999732971191,8.880000114440918,8.880000114440918,4000
2021-10-27,8.579999923706055,8.739999771118164,8.579999923706055,8.6899995803833,8.6899995803833,2000
2021-10-28,8.800000190734863,8.880000114440918,8.800000190734863,8.880000114440918,8.880000114440918,2800
2021-10-29,8.899999618530273,9.989999771118164,8.800000190734863,9.649999618530273,9.649999618530273,27200
2021-11-01,9.649999618530273,9.949999809265137,9.640000343322754,9.699999809265137,9.699999809265137,13800
2021-11-02,9.649999618530273,9.800000190734863,9.649999618530273,9.800000190734863,9.800000190734863,500
2021-11-03,9.699999809265137,9.989999771118164,9.329999923706055,9.989999771118164,9.989999771118164,4000
2021-11-04,9.699999809265137,10.149999618530273,9.359999656677246,10.149999618530273,10.149999618530273,9300
2021-11-05,10.0,10.399999618530273,10.0,10.399999618530273,10.399999618530273,2900
2021-11-08,10.0600004196167,10.489999771118164,10.0600004196167,10.199999809265137,10.199999809265137,3000
2021-11-09,10.300000190734863,10.350000381469727,9.960000038146973,10.149999618530273,10.149999618530273,3100
2021-11-10,10.050000190734863,10.359999656677246,9.369999885559082,10.0,10.0,12000
2021-11-11,10.100000381469727,10.699999809265137,10.100000381469727,10.529999732971191,10.529999732971191,8900
2021-11-12,11.0,11.0,10.479999542236328,10.489999771118164,10.489999771118164,3600
2021-11-15,10.529999732971191,10.619999885559082,9.680000305175781,10.079999923706055,10.079999923706055,13800
2021-11-16,10.25,10.5,10.109999656677246,10.420000076293945,10.420000076293945,1600
2021-11-17,10.670000076293945,10.670000076293945,10.25,10.460000038146973,10.460000038146973,10700
2021-11-18,10.25,10.619999885559082,10.25,10.460000038146973,10.460000038146973,1300
2021-11-19,10.25,10.380000114440918,9.920000076293945,10.1899995803833,10.1899995803833,7800
2021-11-22,10.149999618530273,10.220000267028809,10.050000190734863,10.220000267028809,10.220000267028809,2500
2021-11-23,9.789999961853027,10.15999984741211,9.789999961853027,10.0,10.0,1800
2021-11-24,9.75,10.0,9.5,10.0,10.0,1200
2021-11-26,9.8100004196167,9.869999885559082,9.5,9.75,9.75,5900
2021-11-29,9.5,10.100000381469727,9.300000190734863,10.100000381469727,10.100000381469727,6600
2021-11-30,9.9399995803833,10.100000381469727,9.520000457763672,10.100000381469727,10.100000381469727,6400
2021-12-01,10.199999809265137,10.739999771118164,9.449999809265137,10.5,10.5,13300
2021-12-02,10.550000190734863,10.829999923706055,10.029999732971191,10.600000381469727,10.600000381469727,5600
2021-12-03,10.039999961853027,10.25,9.5,10.170000076293945,10.170000076293945,24900
2021-12-06,9.960000038146973,10.569999694824219,9.699999809265137,10.1899995803833,10.1899995803833,3400
2021-12-07,10.3100004196167,10.640000343322754,10.300000190734863,10.630000114440918,10.630000114440918,5200
2021-12-08,10.600000381469727,10.789999961853027,10.399999618530273,10.75,10.75,2500
2021-12-09,10.5600004196167,11.569999694824219,10.5600004196167,11.3100004196167,11.3100004196167,22000
2021-12-10,10.3100004196167,10.649999618530273,9.630000114440918,10.229999542236328,10.229999542236328,18500
2021-12-13,10.199999809265137,10.199999809265137,9.649999618530273,9.649999618530273,9.649999618530273,6600
2021-12-14,9.25,9.850000381469727,9.010000228881836,9.5,9.5,9500
2021-12-15,9.210000038146973,9.520000457763672,9.029999732971191,9.239999771118164,9.239999771118164,8700
2021-12-16,9.25,9.25,9.199999809265137,9.199999809265137,9.199999809265137,1700
2021-12-17,9.199999809265137,9.289999961853027,8.1899995803833,9.289999961853027,9.289999961853027,18800
2021-12-20,9.069999694824219,9.4399995803833,8.4399995803833,9.050000190734863,9.050000190734863,14500
2021-12-21,8.779999732971191,9.479999542236328,8.460000038146973,8.960000038146973,8.960000038146973,20000
2021-12-22,9.109999656677246,9.34000015258789,8.1899995803833,8.609999656677246,8.609999656677246,19900
2021-12-23,8.399999618530273,8.5,7.820000171661377,8.5,8.5,12100
2021-12-27,8.819999694824219,8.859999656677246,8.119999885559082,8.239999771118164,8.239999771118164,7400
2021-12-28,8.170000076293945,8.399999618530273,7.929999828338623,8.180000305175781,8.180000305175781,3900
2021-12-29,8.020000457763672,8.109999656677246,7.869999885559082,8.109999656677246,8.109999656677246,1400
2021-12-30,7.96999979019165,8.239999771118164,7.730000019073486,7.739999771118164,7.739999771118164,7300
2021-12-31,8.15999984741211,8.199999809265137,7.78000020980835,7.96999979019165,7.96999979019165,1500
2022-01-03,8.09000015258789,8.09000015258789,7.400000095367432,7.900000095367432,7.900000095367432,10300
2022-01-04,8.130000114440918,8.130000114440918,7.699999809265137,7.849999904632568,7.849999904632568,9300
2022-01-05,8.1899995803833,8.1899995803833,7.710000038146973,8.050000190734863,8.050000190734863,6000
2022-01-06,7.989999771118164,8.039999961853027,7.699999809265137,7.949999809265137,7.949999809265137,6500
2022-01-07,8.119999885559082,8.239999771118164,7.679999828338623,8.130000114440918,8.130000114440918,5200
2022-01-10,7.989999771118164,8.949999809265137,7.650000095367432,8.699999809265137,8.699999809265137,27000
2022-01-11,8.800000190734863,9.149999618530273,8.220000267028809,8.899999618530273,8.899999618530273,23100
2022-01-12,8.40999984741211,9.119999885559082,8.260000228881836,8.979999542236328,8.979999542236328,17100
2022-01-13,8.920000076293945,9.470000267028809,8.550000190734863,8.789999961853027,8.789999961853027,15600
2022-01-14,8.869999885559082,9.100000381469727,7.900000095367432,9.0,9.0,13400
2022-01-18,8.25,9.199999809265137,8.25,9.140000343322754,9.140000343322754,13700
2022-01-19,8.920000076293945,9.399999618530273,8.449999809265137,8.850000381469727,8.850000381469727,13500
2022-01-20,9.199999809265137,9.460000038146973,8.760000228881836,9.170000076293945,9.170000076293945,19600
2022-01-21,9.149999618530273,9.390000343322754,8.899999618530273,9.039999961853027,9.039999961853027,13400
2022-01-24,8.699999809265137,9.25,8.649999618530273,9.1899995803833,9.1899995803833,20100
2022-01-25,9.1899995803833,9.1899995803833,8.75,9.119999885559082,9.119999885559082,13800
2022-01-26,9.029999732971191,9.199999809265137,8.3100004196167,8.630000114440918,8.630000114440918,11500
2022-01-27,8.539999961853027,8.649999618530273,7.789999961853027,8.569999694824219,8.569999694824219,19900
2022-01-28,8.329999923706055,8.59000015258789,7.820000171661377,8.5,8.5,17200
2022-01-31,8.699999809265137,9.0,8.420000076293945,9.0,9.0,7500
2022-02-01,8.539999961853027,9.09000015258789,8.510000228881836,8.800000190734863,8.800000190734863,11300
2022-02-02,8.989999771118164,9.119999885559082,8.789999961853027,9.050000190734863,9.050000190734863,9000
2022-02-03,8.600000381469727,9.300000190734863,8.600000381469727,9.109999656677246,9.109999656677246,9000
2022-02-04,8.6899995803833,9.399999618530273,8.680000305175781,9.09000015258789,9.09000015258789,25800
2022-02-07,8.680000305175781,9.1899995803833,8.680000305175781,8.899999618530273,8.899999618530273,13100
2022-02-08,9.020000457763672,9.079999923706055,8.600000381469727,8.949999809265137,8.949999809265137,5300
2022-02-09,9.3100004196167,9.75,8.649999618530273,9.300000190734863,9.300000190734863,23700
2022-02-10,9.359999656677246,9.359999656677246,8.65999984741211,8.710000038146973,8.710000038146973,7700
2022-02-11,8.5,8.5,8.109999656677246,8.489999771118164,8.489999771118164,9900
2022-02-14,8.390000343322754,8.399999618530273,7.900000095367432,8.300000190734863,8.300000190734863,8200
2022-02-15,8.0,8.199999809265137,7.980000019073486,8.100000381469727,8.100000381469727,10600
2022-02-16,7.900000095367432,7.900000095367432,7.599999904632568,7.769999980926514,7.769999980926514,14900
2022-02-17,7.760000228881836,7.869999885559082,7.510000228881836,7.869999885559082,7.869999885559082,2300
2022-02-18,8.0,8.0,7.599999904632568,7.889999866485596,7.889999866485596,7900
2022-02-22,7.800000190734863,8.1899995803833,7.699999809265137,8.100000381469727,8.100000381469727,7800
2022-02-23,7.900000095367432,8.640000343322754,7.889999866485596,8.079999923706055,8.079999923706055,12500
2022-02-24,8.149999618530273,8.149999618530273,7.75,8.140000343322754,8.140000343322754,8900
2022-02-25,7.989999771118164,8.289999961853027,7.800000190734863,8.130000114440918,8.130000114440918,11500
2022-02-28,8.350000381469727,8.350000381469727,7.599999904632568,7.599999904632568,7.599999904632568,7300
2022-03-01,7.960000038146973,8.029999732971191,7.349999904632568,7.78000020980835,7.78000020980835,13700
2022-03-02,8.010000228881836,8.1899995803833,7.699999809265137,8.130000114440918,8.130000114440918,5400
2022-03-03,8.239999771118164,8.239999771118164,7.489999771118164,8.020000457763672,8.020000457763672,15500
2022-03-04,7.679999828338623,8.0,7.550000190734863,8.0,8.0,9900
2022-03-07,7.829999923706055,7.940000057220459,7.210000038146973,7.210000038146973,7.210000038146973,10000
2022-03-08,7.260000228881836,7.5,7.21999979019165,7.320000171661377,7.320000171661377,4800
2022-03-09,7.400000095367432,7.400000095367432,7.190000057220459,7.210000038146973,7.210000038146973,3300
2022-03-10,7.510000228881836,7.510000228881836,7.150000095367432,7.300000190734863,7.300000190734863,2200
2022-03-11,7.199999809265137,7.420000076293945,6.739999771118164,7.0,7.0,16000
2022-03-14,7.0,7.230000019073486,6.699999809265137,6.699999809265137,6.699999809265137,10200
2022-03-15,6.75,6.840000152587891,6.75,6.75,6.75,1200
2022-03-16,6.809999942779541,7.239999771118164,6.519999980926514,7.099999904632568,7.099999904632568,6300
2022-03-17,6.949999809265137,8.0,6.949999809265137,7.860000133514404,7.860000133514404,19100
2022-03-18,8.0,8.0,7.260000228881836,7.78000020980835,7.78000020980835,9700
2022-03-21,7.730000019073486,8.0,7.420000076293945,8.0,8.0,6700
2022-03-22,7.699999809265137,8.5,7.699999809265137,8.470000267028809,8.470000267028809,13900
2022-03-23,8.09000015258789,8.279999732971191,7.809999942779541,8.140000343322754,8.140000343322754,6700
2022-03-24,8.039999961853027,8.4399995803833,7.989999771118164,8.130000114440918,8.130000114440918,4500
2022-03-25,8.0,8.359999656677246,7.889999866485596,8.25,8.25,6600
2022-03-28,8.079999923706055,8.630000114440918,8.079999923706055,8.300000190734863,8.300000190734863,9400
2022-03-29,8.600000381469727,8.789999961853027,8.149999618530273,8.359999656677246,8.359999656677246,10500
2022-03-30,8.220000267028809,8.59000015258789,7.920000076293945,8.300000190734863,8.300000190734863,17100
2022-03-31,8.180000305175781,8.65999984741211,7.690000057220459,8.130000114440918,8.130000114440918,13200
2022-04-01,8.079999923706055,8.489999771118164,8.079999923706055,8.170000076293945,8.170000076293945,3200
2022-04-04,8.100000381469727,8.600000381469727,7.960000038146973,8.5,8.5,9500
2022-04-05,8.25,9.0,8.020000457763672,8.510000228881836,8.510000228881836,20400
2022-04-06,8.289999961853027,8.819999694824219,8.09000015258789,8.479999542236328,8.479999542236328,6400
2022-04-07,8.279999732971191,8.579999923706055,8.15999984741211,8.1899995803833,8.1899995803833,5800
2022-04-08,8.489999771118164,8.779999732971191,8.369999885559082,8.760000228881836,8.760000228881836,5500
2022-04-11,8.84000015258789,8.899999618530273,8.539999961853027,8.890000343322754,8.890000343322754,7300
2022-04-12,8.600000381469727,9.180000305175781,8.579999923706055,8.75,8.75,14000
2022-04-13,8.779999732971191,9.0,8.319999694824219,8.880000114440918,8.880000114440918,20700
2022-04-14,8.489999771118164,8.779999732971191,8.489999771118164,8.75,8.75,1800
2022-04-18,8.59000015258789,8.930000305175781,7.03000020980835,7.489999771118164,7.489999771118164,30500
2022-04-19,7.28000020980835,7.900000095367432,7.099999904632568,7.789999961853027,7.789999961853027,18500
2022-04-20,7.550000190734863,8.180000305175781,7.550000190734863,7.800000190734863,7.800000190734863,7500
2022-04-21,7.71999979019165,7.920000076293945,7.260000228881836,7.920000076293945,7.920000076293945,13600
2022-04-22,7.800000190734863,7.800000190734863,7.800000190734863,7.800000190734863,7.800000190734863,200
2022-04-25,7.590000152587891,8.289999961853027,7.590000152587891,8.289999961853027,8.289999961853027,5200
2022-04-26,7.920000076293945,8.430000305175781,7.539999961853027,8.300000190734863,8.300000190734863,14600
2022-04-27,8.5,8.5,8.390000343322754,8.390000343322754,8.390000343322754,1400
2022-04-28,8.029999732971191,8.75,8.029999732971191,8.739999771118164,8.739999771118164,16600
2022-04-29,8.789999961853027,9.109999656677246,8.420000076293945,9.109999656677246,9.109999656677246,26700
2022-05-02,8.770000457763672,9.5,8.350000381469727,8.850000381469727,8.850000381469727,22600
2022-05-03,8.8100004196167,8.9399995803833,8.649999618530273,8.869999885559082,8.869999885559082,4100
2022-05-04,8.890000343322754,8.989999771118164,8.640000343322754,8.979999542236328,8.979999542236328,6000
2022-05-05,8.760000228881836,8.899999618530273,8.649999618530273,8.84000015258789,8.84000015258789,13800
2022-05-06,8.579999923706055,8.760000228881836,8.579999923706055,8.600000381469727,8.600000381469727,4700
2022-05-09,8.529999732971191,8.800000190734863,8.34000015258789,8.600000381469727,8.600000381469727,6700
2022-05-10,8.489999771118164,8.670000076293945,8.15999984741211,8.399999618530273,8.399999618530273,18600
2022-05-11,8.380000114440918,8.390000343322754,7.909999847412109,8.0,8.0,18400
2022-05-12,8.100000381469727,8.15999984741211,7.809999942779541,8.0,8.0,27900
2022-05-13,8.359999656677246,8.359999656677246,7.880000114440918,8.0,8.0,19100
2022-05-16,7.989999771118164,8.0,7.699999809265137,7.699999809265137,7.699999809265137,11500
2022-05-17,7.760000228881836,8.350000381469727,7.760000228881836,8.140000343322754,8.140000343322754,10900
2022-05-18,8.109999656677246,8.329999923706055,8.010000228881836,8.149999618530273,8.149999618530273,4200
2022-05-19,7.900000095367432,8.25,7.880000114440918,8.0,8.0,12700
2022-05-20,7.980000019073486,8.479999542236328,7.980000019073486,8.359999656677246,8.359999656677246,8800
2022-05-23,8.260000228881836,8.420000076293945,8.020000457763672,8.239999771118164,8.239999771118164,5200
2022-05-24,8.140000343322754,8.220000267028809,8.0,8.0,8.0,1800
2022-05-25,8.0,8.079999923706055,7.989999771118164,8.0,8.0,8700
2022-05-26,8.0600004196167,8.0600004196167,7.96999979019165,8.010000228881836,8.010000228881836,22500
2022-05-27,8.25,8.25,7.849999904632568,8.0,8.0,36000
2022-05-31,7.829999923706055,8.0,7.75,7.769999980926514,7.769999980926514,21100
2022-06-01,7.980000019073486,8.0,7.5,8.0,8.0,7300
2022-06-02,7.980000019073486,7.980000019073486,7.739999771118164,7.739999771118164,7.739999771118164,5700
2022-06-03,7.739999771118164,7.739999771118164,7.739999771118164,7.739999771118164,7.739999771118164,0
2022-06-06,7.840000152587891,8.0,7.75,8.0,8.0,4000
2022-06-07,8.119999885559082,8.119999885559082,7.630000114440918,7.900000095367432,7.900000095367432,10600
2022-06-08,7.679999828338623,8.0,7.449999809265137,8.0,8.0,16500
2022-06-09,8.300000190734863,8.300000190734863,7.550000190734863,7.75,7.75,14100
2022-06-10,7.5,7.989999771118164,7.5,7.860000133514404,7.860000133514404,10100
2022-06-13,7.539999961853027,7.75,7.5,7.599999904632568,7.599999904632568,6000
2022-06-14,7.599999904632568,7.599999904632568,7.320000171661377,7.320000171661377,7.320000171661377,13800
2022-06-15,7.420000076293945,7.5,7.389999866485596,7.5,7.5,5300
2022-06-16,7.329999923706055,7.46999979019165,7.090000152587891,7.429999828338623,7.429999828338623,8700
2022-06-17,7.269999980926514,7.409999847412109,7.199999809265137,7.400000095367432,7.400000095367432,5100
2022-06-21,7.309999942779541,7.5,7.230000019073486,7.5,7.5,5200
2022-06-22,7.28000020980835,7.550000190734863,7.28000020980835,7.550000190734863,7.550000190734863,1300
2022-06-23,7.340000152587891,7.53000020980835,7.340000152587891,7.429999828338623,7.429999828338623,5600
2022-06-24,7.710000038146973,7.849999904632568,7.460000038146973,7.730000019073486,7.730000019073486,13000
2022-06-27,7.489999771118164,7.78000020980835,7.480000019073486,7.679999828338623,7.679999828338623,4300
2022-06-28,7.480000019073486,7.800000190734863,7.46999979019165,7.679999828338623,7.679999828338623,6200
2022-06-29,7.760000228881836,7.78000020980835,7.360000133514404,7.570000171661377,7.570000171661377,7900
2022-06-30,7.619999885559082,7.849999904632568,7.5,7.849999904632568,7.849999904632568,6800
2022-07-01,7.610000133514404,7.900000095367432,7.5,7.71999979019165,7.71999979019165,7100
2022-07-05,7.480000019073486,7.650000095367432,7.329999923706055,7.599999904632568,7.599999904632568,15400
2022-07-06,7.389999866485596,7.570000171661377,7.380000114440918,7.570000171661377,7.570000171661377,8500
2022-07-07,7.559999942779541,7.579999923706055,7.46999979019165,7.489999771118164,7.489999771118164,10800
2022-07-08,7.449999809265137,7.5,7.449999809265137,7.5,7.5,6700
2022-07-11,7.400000095367432,7.5,7.21999979019165,7.5,7.5,7700
2022-07-12,7.320000171661377,7.5,7.159999847412109,7.5,7.5,10100
2022-07-13,7.190000057220459,7.519999980926514,7.190000057220459,7.519999980926514,7.519999980926514,4400
2022-07-14,7.269999980926514,7.53000020980835,7.0,7.329999923706055,7.329999923706055,5600
2022-07-15,7.329999923706055,7.460000038146973,7.239999771118164,7.460000038146973,7.460000038146973,3500
2022-07-18,7.630000114440918,7.690000057220459,7.329999923706055,7.590000152587891,7.590000152587891,7100
2022-07-19,7.699999809265137,7.71999979019165,7.389999866485596,7.599999904632568,7.599999904632568,15200
2022-07-20,7.5,7.739999771118164,7.5,7.739999771118164,7.739999771118164,22300
2022-07-21,7.699999809265137,7.769999980926514,7.599999904632568,7.769999980926514,7.769999980926514,7900
2022-07-22,7.769999980926514,7.769999980926514,7.480000019073486,7.690000057220459,7.690000057220459,20000
2022-07-25,7.610000133514404,7.739999771118164,7.46999979019165,7.71999979019165,7.71999979019165,6800
2022-07-26,7.510000228881836,7.599999904632568,6.860000133514404,7.550000190734863,7.550000190734863,23500
2022-07-27,7.369999885559082,7.550000190734863,6.960000038146973,7.550000190734863,7.550000190734863,12000
2022-07-28,7.400000095367432,7.599999904632568,7.340000152587891,7.5,7.5,5200
2022-07-29,7.0,7.199999809265137,6.78000020980835,6.949999809265137,6.949999809265137,15900
2022-08-01,7.010000228881836,7.039999961853027,6.900000095367432,7.039999961853027,7.039999961853027,6200
2022-08-02,6.949999809265137,7.199999809265137,6.929999828338623,7.019999980926514,7.019999980926514,5100
2022-08-03,6.929999828338623,7.329999923706055,6.929999828338623,7.179999828338623,7.179999828338623,2900
2022-08-04,7.03000020980835,7.230000019073486,6.989999771118164,7.190000057220459,7.190000057220459,6600
2022-08-05,7.059999942779541,7.480000019073486,7.03000020980835,7.480000019073486,7.480000019073486,6800
2022-08-08,7.289999961853027,7.449999809265137,7.110000133514404,7.320000171661377,7.320000171661377,8600
2022-08-09,7.179999828338623,7.449999809265137,7.059999942779541,7.159999847412109,7.159999847412109,7600
2022-08-10,7.159999847412109,7.519999980926514,7.079999923706055,7.510000228881836,7.510000228881836,17400
2022-08-11,7.349999904632568,7.53000020980835,7.199999809265137,7.5,7.5,11400
2022-08-12,7.28000020980835,7.639999866485596,7.210000038146973,7.639999866485596,7.639999866485596,29300
2022-08-15,7.389999866485596,7.690000057220459,7.349999904632568,7.690000057220459,7.690000057220459,7300
2022-08-16,7.480000019073486,7.75,7.480000019073486,7.639999866485596,7.639999866485596,15800
2022-08-17,7.389999866485596,7.659999847412109,7.389999866485596,7.650000095367432,7.650000095367432,11300
2022-08-18,7.360000133514404,7.670000076293945,7.360000133514404,7.570000171661377,7.570000171661377,6400
2022-08-19,7.579999923706055,7.619999885559082,7.369999885559082,7.619999885559082,7.619999885559082,20000
2022-08-22,7.0,7.300000190734863,6.760000228881836,7.0,7.0,67600
2022-08-23,7.0,7.0,6.840000152587891,7.0,7.0,11000
2022-08-24,6.900000095367432,7.039999961853027,6.679999828338623,7.0,7.0,15700
2022-08-25,7.050000190734863,7.309999942779541,6.940000057220459,6.940000057220459,6.940000057220459,19500
2022-08-26,6.860000133514404,6.960000038146973,6.809999942779541,6.929999828338623,6.929999828338623,2500
2022-08-29,6.849999904632568,6.96999979019165,6.849999904632568,6.96999979019165,6.96999979019165,4300
2022-08-30,6.96999979019165,6.989999771118164,6.829999923706055,6.980000019073486,6.980000019073486,4300
2022-08-31,6.880000114440918,7.199999809265137,6.880000114440918,7.150000095367432,7.150000095367432,5400
2022-09-01,7.360000133514404,7.610000133514404,7.0,7.610000133514404,7.610000133514404,7100
2022-09-02,7.400000095367432,7.650000095367432,7.329999923706055,7.639999866485596,7.639999866485596,13300
2022-09-06,7.53000020980835,7.639999866485596,7.489999771118164,7.639999866485596,7.639999866485596,2900
2022-09-07,7.480000019073486,7.639999866485596,7.440000057220459,7.639999866485596,7.639999866485596,2000
2022-09-08,7.699999809265137,7.769999980926514,7.570000171661377,7.769999980926514,7.769999980926514,8200
2022-09-09,7.670000076293945,7.769999980926514,7.329999923706055,7.5,7.5,34000
2022-09-12,7.78000020980835,7.78000020980835,7.269999980926514,7.380000114440918,7.380000114440918,19000
2022-09-13,6.550000190734863,6.989999771118164,6.550000190734863,6.710000038146973,6.710000038146973,10100
2022-09-14,6.579999923706055,6.789999961853027,6.409999847412109,6.420000076293945,6.420000076293945,17500
2022-09-15,6.489999771118164,6.639999866485596,6.28000020980835,6.5,6.5,5000
2022-09-16,6.5,6.579999923706055,6.400000095367432,6.579999923706055,6.579999923706055,10200
2022-09-19,6.489999771118164,6.670000076293945,6.380000114440918,6.670000076293945,6.670000076293945,27500
2022-09-20,6.409999847412109,7.0,6.369999885559082,7.0,7.0,11000
2022-09-21,6.71999979019165,6.869999885559082,6.349999904632568,6.860000133514404,6.860000133514404,39700
2022-09-22,6.71999979019165,6.730000019073486,6.300000190734863,6.510000228881836,6.510000228881836,20000
2022-09-23,6.369999885559082,6.369999885559082,6.139999866485596,6.329999923706055,6.329999923706055,25400
2022-09-26,6.25,6.300000190734863,5.960000038146973,6.300000190734863,6.300000190734863,12300
2022-09-27,6.150000095367432,6.150000095367432,5.909999847412109,6.0,6.0,19800
2022-09-28,6.079999923706055,6.21999979019165,5.989999771118164,6.190000057220459,6.190000057220459,24100
2022-09-29,6.039999961853027,6.21999979019165,5.989999771118164,6.070000171661377,6.070000171661377,4100
2022-09-30,6.239999771118164,6.360000133514404,5.880000114440918,6.25,6.25,24100
2022-10-03,6.5,6.849999904632568,6.099999904632568,6.360000133514404,6.360000133514404,27000
2022-10-04,6.409999847412109,6.590000152587891,6.260000228881836,6.360000133514404,6.360000133514404,4700
2022-10-05,6.460000038146973,6.489999771118164,6.460000038146973,6.489999771118164,6.489999771118164,2300
2022-10-06,6.460000038146973,6.5,6.460000038146973,6.5,6.5,1600
2022-10-07,6.210000038146973,6.769999980926514,6.210000038146973,6.75,6.75,8700
2022-10-10,6.710000038146973,6.800000190734863,6.480000019073486,6.769999980926514,6.769999980926514,2400
2022-10-11,6.559999942779541,6.900000095367432,6.559999942779541,6.900000095367432,6.900000095367432,1500
2022-10-12,6.949999809265137,7.019999980926514,6.860000133514404,7.019999980926514,7.019999980926514,2300
2022-10-13,7.019999980926514,7.21999979019165,6.900000095367432,7.21999979019165,7.21999979019165,5400
2022-10-14,7.300000190734863,7.71999979019165,7.119999885559082,7.650000095367432,7.650000095367432,6600
2022-10-17,7.769999980926514,7.769999980926514,7.380000114440918,7.699999809265137,7.699999809265137,9500
2022-10-18,7.690000057220459,7.699999809265137,7.690000057220459,7.699999809265137,7.699999809265137,1400
2022-10-19,7.599999904632568,7.670000076293945,7.570000171661377,7.570000171661377,7.570000171661377,4300
2022-10-20,7.539999961853027,7.559999942779541,7.539999961853027,7.559999942779541,7.559999942779541,1800
2022-10-21,7.300000190734863,7.610000133514404,7.300000190734863,7.599999904632568,7.599999904632568,7100
2022-10-24,7.460000038146973,7.699999809265137,7.460000038146973,7.679999828338623,7.679999828338623,2800
2022-10-25,7.420000076293945,7.75,7.420000076293945,7.710000038146973,7.710000038146973,5500
2022-10-26,7.579999923706055,7.699999809265137,7.579999923706055,7.579999923706055,7.579999923706055,800
2022-10-27,7.739999771118164,7.789999961853027,7.730000019073486,7.730000019073486,7.730000019073486,1700
2022-10-28,7.369999885559082,7.900000095367432,7.329999923706055,7.559999942779541,7.559999942779541,11300
2022-10-31,7.760000228881836,8.109999656677246,7.760000228881836,8.100000381469727,8.100000381469727,10100
2022-11-01,7.860000133514404,8.119999885559082,7.800000190734863,7.980000019073486,7.980000019073486,8700
2022-11-02,7.610000133514404,7.940000057220459,7.610000133514404,7.940000057220459,7.940000057220459,1700
2022-11-03,7.929999828338623,7.949999809265137,7.900000095367432,7.940000057220459,7.940000057220459,2500
2022-11-04,7.739999771118164,8.050000190734863,7.739999771118164,8.050000190734863,8.050000190734863,700
2022-11-07,7.800000190734863,7.929999828338623,7.679999828338623,7.800000190734863,7.800000190734863,8200
2022-11-08,7.980000019073486,7.980000019073486,7.71999979019165,7.829999923706055,7.829999923706055,1700
2022-11-09,7.610000133514404,7.960000038146973,7.460000038146973,7.800000190734863,7.800000190734863,7900
2022-11-10,8.5,8.5,7.739999771118164,7.739999771118164,7.739999771118164,5100
2022-11-11,7.900000095367432,7.900000095367432,7.559999942779541,7.800000190734863,7.800000190734863,4100
2022-11-14,7.550000190734863,7.920000076293945,7.550000190734863,7.820000171661377,7.820000171661377,1800
2022-11-15,7.760000228881836,7.840000152587891,7.670000076293945,7.840000152587891,7.840000152587891,6400
2022-11-16,7.519999980926514,7.849999904632568,7.519999980926514,7.849999904632568,7.849999904632568,3200
2022-11-17,7.849999904632568,7.860000133514404,7.849999904632568,7.860000133514404,7.860000133514404,1200
2022-11-18,7.78000020980835,7.860000133514404,7.610000133514404,7.860000133514404,7.860000133514404,4700
2022-11-21,7.769999980926514,7.860000133514404,7.769999980926514,7.860000133514404,7.860000133514404,5800
2022-11-22,7.809999942779541,7.860000133514404,7.78000020980835,7.789999961853027,7.789999961853027,9300
2022-11-23,7.849999904632568,7.849999904632568,7.800000190734863,7.820000171661377,7.820000171661377,1200
2022-11-25,7.849999904632568,7.849999904632568,7.849999904632568,7.849999904632568,7.849999904632568,400
2022-11-28,7.550000190734863,7.869999885559082,7.550000190734863,7.840000152587891,7.840000152587891,9800
2022-11-29,7.659999847412109,7.860000133514404,7.590000152587891,7.739999771118164,7.739999771118164,4200
2022-11-30,7.650000095367432,7.820000171661377,7.650000095367432,7.820000171661377,7.820000171661377,6800
2022-12-01,7.820000171661377,7.840000152587891,7.78000020980835,7.800000190734863,7.800000190734863,5100
2022-12-02,7.75,7.800000190734863,7.539999961853027,7.789999961853027,7.789999961853027,2600
2022-12-05,7.550000190734863,7.75,7.550000190734863,7.699999809265137,7.699999809265137,2300
2022-12-06,7.590000152587891,7.769999980926514,7.590000152587891,7.619999885559082,7.619999885559082,2300
2022-12-07,7.940000057220459,8.0,7.630000114440918,7.78000020980835,7.78000020980835,26700
2022-12-08,7.579999923706055,7.800000190734863,7.550000190734863,7.659999847412109,7.659999847412109,3100
2022-12-09,7.610000133514404,7.75,7.550000190734863,7.75,7.75,3100
2022-12-12,7.639999866485596,7.840000152587891,7.599999904632568,7.829999923706055,7.829999923706055,1000
2022-12-13,8.079999923706055,8.079999923706055,7.570000171661377,7.670000076293945,7.670000076293945,10000
2022-12-14,7.75,7.800000190734863,7.699999809265137,7.710000038146973,7.710000038146973,2300
2022-12-15,7.559999942779541,7.840000152587891,7.559999942779541,7.699999809265137,7.699999809265137,3500
2022-12-16,7.809999942779541,7.960000038146973,7.579999923706055,7.730000019073486,7.730000019073486,3700
2022-12-19,7.420000076293945,7.940000057220459,7.420000076293945,7.940000057220459,7.940000057220459,5200
2022-12-20,7.840000152587891,7.900000095367432,7.559999942779541,7.900000095367432,7.900000095367432,8500
2022-12-21,7.849999904632568,7.909999847412109,7.710000038146973,7.730000019073486,7.730000019073486,2000
2022-12-22,7.550000190734863,7.829999923706055,7.550000190734863,7.699999809265137,7.699999809265137,4200
2022-12-23,7.710000038146973,7.71999979019165,7.710000038146973,7.71999979019165,7.71999979019165,1000
2022-12-27,7.760000228881836,7.809999942779541,7.210000038146973,7.210000038146973,7.210000038146973,20700
2022-12-28,7.559999942779541,7.559999942779541,7.170000076293945,7.539999961853027,7.539999961853027,5100
2022-12-29,7.150000095367432,7.789999961853027,7.150000095367432,7.75,7.75,24400
2022-12-30,7.559999942779541,7.829999923706055,7.559999942779541,7.829999923706055,7.829999923706055,9300
2023-01-03,7.710000038146973,7.789999961853027,7.710000038146973,7.789999961853027,7.789999961853027,1700
2023-01-04,7.800000190734863,7.800000190734863,7.71999979019165,7.71999979019165,7.71999979019165,1500
2023-01-05,7.619999885559082,7.71999979019165,7.440000057220459,7.650000095367432,7.650000095367432,4100
2023-01-06,7.619999885559082,7.619999885559082,7.519999980926514,7.519999980926514,7.519999980926514,1400
2023-01-09,7.449999809265137,7.550000190734863,7.420000076293945,7.480000019073486,7.480000019073486,1900
2023-01-10,7.480000019073486,7.480000019073486,7.480000019073486,7.480000019073486,7.480000019073486,0
2023-01-11,7.480000019073486,7.480000019073486,7.480000019073486,7.480000019073486,7.480000019073486,0
2023-01-12,7.489999771118164,7.5,7.489999771118164,7.489999771118164,7.489999771118164,1800
2023-01-13,7.489999771118164,7.489999771118164,7.489999771118164,7.489999771118164,7.489999771118164,0
2023-01-17,7.489999771118164,7.489999771118164,7.489999771118164,7.489999771118164,7.489999771118164,0
2023-01-18,7.5,7.679999828338623,7.360000133514404,7.650000095367432,7.650000095367432,11700
2023-01-19,7.699999809265137,7.840000152587891,7.570000171661377,7.829999923706055,7.829999923706055,5200
2023-01-20,7.820000171661377,7.960000038146973,7.46999979019165,7.760000228881836,7.760000228881836,35100
2023-01-23,7.820000171661377,7.820000171661377,7.670000076293945,7.739999771118164,7.739999771118164,3200
2023-01-24,7.550000190734863,7.860000133514404,7.380000114440918,7.860000133514404,7.860000133514404,2800
2023-01-25,7.630000114440918,7.679999828338623,7.559999942779541,7.670000076293945,7.670000076293945,2100
2023-01-26,7.519999980926514,7.699999809265137,7.519999980926514,7.690000057220459,7.690000057220459,900
2023-01-27,7.53000020980835,7.739999771118164,7.519999980926514,7.739999771118164,7.739999771118164,2800
2023-01-30,7.659999847412109,7.659999847412109,7.420000076293945,7.510000228881836,7.510000228881836,9300
2023-01-31,7.190000057220459,7.449999809265137,7.190000057220459,7.329999923706055,7.329999923706055,4400
2023-02-01,7.420000076293945,7.75,7.0,7.0,7.0,8700
2023-02-02,7.179999828338623,7.380000114440918,7.179999828338623,7.28000020980835,7.28000020980835,1600
2023-02-03,7.159999847412109,7.28000020980835,7.050000190734863,7.050000190734863,7.050000190734863,2400
2023-02-06,7.150000095367432,7.150000095367432,7.150000095367432,7.150000095367432,7.150000095367432,200
2023-02-07,7.25,7.400000095367432,7.25,7.400000095367432,7.400000095367432,900
2023-02-08,7.25,7.480000019073486,7.079999923706055,7.480000019073486,7.480000019073486,10300
2023-02-09,7.480000019073486,7.480000019073486,7.480000019073486,7.480000019073486,7.480000019073486,0
2023-02-10,7.260000228881836,7.599999904632568,7.260000228881836,7.480000019073486,7.480000019073486,8800
2023-02-13,8.0,8.479999542236328,7.309999942779541,7.5,7.5,24500
2023-02-14,7.170000076293945,7.659999847412109,7.150000095367432,7.170000076293945,7.170000076293945,19400
2023-02-15,7.269999980926514,7.320000171661377,7.070000171661377,7.21999979019165,7.21999979019165,8900
2023-02-16,7.150000095367432,7.5,7.03000020980835,7.03000020980835,7.03000020980835,8400
2023-02-17,7.119999885559082,7.150000095367432,7.010000228881836,7.150000095367432,7.150000095367432,2500
2023-02-21,7.309999942779541,7.389999866485596,6.989999771118164,7.150000095367432,7.150000095367432,6000
2023-02-22,7.03000020980835,7.230000019073486,7.03000020980835,7.039999961853027,7.039999961853027,11400
2023-02-23,7.019999980926514,7.019999980926514,7.019999980926514,7.019999980926514,7.019999980926514,2800
2023-02-24,7.0,7.010000228881836,6.869999885559082,6.909999847412109,6.909999847412109,1200
2023-02-27,6.900000095367432,7.099999904632568,6.760000228881836,7.0,7.0,5700
2023-02-28,6.989999771118164,6.989999771118164,6.78000020980835,6.980000019073486,6.980000019073486,2100
2023-03-01,6.980000019073486,7.079999923706055,6.78000020980835,6.78000020980835,6.78000020980835,2000
2023-03-02,6.78000020980835,7.059999942779541,6.480000019073486,7.059999942779541,7.059999942779541,5900
2023-03-03,6.920000076293945,7.159999847412109,6.920000076293945,7.0,7.0,3800
2023-03-06,7.039999961853027,7.039999961853027,7.039999961853027,7.039999961853027,7.039999961853027,200
2023-03-07,6.78000020980835,7.170000076293945,6.760000228881836,7.010000228881836,7.010000228881836,7300
2023-03-08,6.889999866485596,7.099999904632568,6.78000020980835,7.090000152587891,7.090000152587891,2700
2023-03-09,6.940000057220459,7.099999904632568,6.940000057220459,7.099999904632568,7.099999904632568,1300
2023-03-10,6.829999923706055,7.190000057220459,6.829999923706055,7.150000095367432,7.150000095367432,5900
2023-03-13,7.150000095367432,7.150000095367432,7.150000095367432,7.150000095367432,7.150000095367432,400
2023-03-14,6.860000133514404,6.860000133514404,6.860000133514404,6.860000133514404,6.860000133514404,1500
2023-03-15,7.119999885559082,7.150000095367432,6.800000190734863,6.800000190734863,6.800000190734863,1000
2023-03-16,6.800000190734863,6.800000190734863,6.800000190734863,6.800000190734863,6.800000190734863,0
2023-03-17,6.710000038146973,6.710000038146973,6.710000038146973,6.710000038146973,6.710000038146973,600
2023-03-20,6.559999942779541,6.650000095367432,6.539999961853027,6.599999904632568,6.599999904632568,3200
2023-03-21,6.71999979019165,6.739999771118164,6.590000152587891,6.610000133514404,6.610000133514404,1700
2023-03-22,6.53000020980835,6.789999961853027,6.53000020980835,6.789999961853027,6.789999961853027,3300
2023-03-23,6.650000095367432,6.869999885559082,6.650000095367432,6.869999885559082,6.869999885559082,1900
2023-03-24,6.909999847412109,7.0,6.900000095367432,7.0,7.0,1400
2023-03-27,6.829999923706055,7.0,6.829999923706055,7.0,7.0,1900
2023-03-28,6.860000133514404,7.0,6.860000133514404,6.940000057220459,6.940000057220459,3100
2023-03-29,6.980000019073486,7.010000228881836,6.710000038146973,7.010000228881836,7.010000228881836,2500
2023-03-30,6.710000038146973,7.139999866485596,6.710000038146973,7.0,7.0,10400
2023-03-31,6.889999866485596,7.039999961853027,6.889999866485596,6.929999828338623,6.929999828338623,4200
2023-04-03,6.829999923706055,6.829999923706055,6.829999923706055,6.829999923706055,6.829999923706055,200
2023-04-04,7.090000152587891,7.119999885559082,7.059999942779541,7.119999885559082,7.119999885559082,1800
2023-04-05,6.900000095367432,7.050000190734863,6.869999885559082,7.050000190734863,7.050000190734863,2400
2023-04-06,6.940000057220459,7.050000190734863,6.920000076293945,7.019999980926514,7.019999980926514,2000
2023-04-10,6.849999904632568,7.059999942779541,6.849999904632568,7.050000190734863,7.050000190734863,600
2023-04-11,7.110000133514404,7.139999866485596,7.010000228881836,7.139999866485596,7.139999866485596,4300
2023-04-12,6.960000038146973,7.050000190734863,6.960000038146973,7.050000190734863,7.050000190734863,500
2023-04-13,6.869999885559082,7.050000190734863,6.699999809265137,7.050000190734863,7.050000190734863,16300
2023-04-14,6.75,7.25,6.739999771118164,7.25,7.25,5200
2023-04-17,7.010000228881836,7.230000019073486,7.010000228881836,7.230000019073486,7.230000019073486,300
2023-04-18,7.230000019073486,7.230000019073486,7.230000019073486,7.230000019073486,7.230000019073486,0
2023-04-19,7.019999980926514,7.239999771118164,6.860000133514404,7.059999942779541,7.059999942779541,5400
2023-04-20,6.889999866485596,7.059999942779541,6.880000114440918,7.059999942779541,7.059999942779541,2600
2023-04-21,7.210000038146973,7.210000038146973,7.210000038146973,7.210000038146973,7.210000038146973,200
2023-04-24,7.409999847412109,7.449999809265137,6.699999809265137,6.889999866485596,6.889999866485596,13200
2023-04-25,6.880000114440918,6.880000114440918,6.690000057220459,6.849999904632568,6.849999904632568,4500
2023-04-26,6.78000020980835,6.78000020980835,6.599999904632568,6.599999904632568,6.599999904632568,400
2023-04-27,6.800000190734863,6.800000190734863,6.570000171661377,6.699999809265137,6.699999809265137,400
2023-04-28,6.880000114440918,6.920000076293945,6.599999904632568,6.849999904632568,6.849999904632568,9000
2023-05-01,6.699999809265137,6.840000152587891,6.519999980926514,6.519999980926514,6.519999980926514,700
2023-05-02,6.5,6.5,6.46999979019165,6.46999979019165,6.46999979019165,1300
2023-05-03,6.420000076293945,6.420000076293945,6.260000228881836,6.260000228881836,6.260000228881836,2000
2023-05-04,6.239999771118164,6.239999771118164,5.71999979019165,6.0,6.0,8600
2023-05-05,5.909999847412109,6.090000152587891,5.760000228881836,6.090000152587891,6.090000152587891,4300
2023-05-08,5.960000038146973,6.050000190734863,5.880000114440918,6.050000190734863,6.050000190734863,3100
2023-05-09,6.03000020980835,6.079999923706055,6.03000020980835,6.079999923706055,6.079999923706055,700
2023-05-10,6.079999923706055,6.079999923706055,6.079999923706055,6.079999923706055,6.079999923706055,0
2023-05-11,6.079999923706055,6.079999923706055,6.079999923706055,6.079999923706055,6.079999923706055,0
2023-05-12,5.769999980926514,6.0,5.650000095367432,6.0,6.0,4600
2023-05-15,6.0,6.0,6.0,6.0,6.0,0
2023-05-16,5.75,6.0,5.75,6.0,6.0,2500
2023-05-17,6.0,6.0,5.829999923706055,5.949999809265137,5.949999809265137,1100
2023-05-18,5.900000095367432,5.989999771118164,5.769999980926514,5.989999771118164,5.989999771118164,5500
2023-05-19,5.920000076293945,5.920000076293945,5.920000076293945,5.920000076293945,5.920000076293945,500
2023-05-22,5.769999980926514,5.769999980926514,5.769999980926514,5.769999980926514,5.769999980926514,100
2023-05-23,5.710000038146973,5.710000038146973,5.710000038146973,5.710000038146973,5.710000038146973,200
2023-05-24,5.599999904632568,5.599999904632568,5.449999809265137,5.449999809265137,5.449999809265137,2700
2023-05-25,5.599999904632568,5.630000114440918,5.599999904632568,5.630000114440918,5.630000114440918,1800
2023-05-26,5.550000190734863,5.769999980926514,5.550000190734863,5.769999980926514,5.769999980926514,1700
2023-05-30,5.659999847412109,5.659999847412109,5.590000152587891,5.590000152587891,5.590000152587891,900
2023-05-31,5.550000190734863,5.550000190734863,4.949999809265137,5.300000190734863,5.300000190734863,6100
2023-06-01,5.130000114440918,5.300000190734863,5.130000114440918,5.28000020980835,5.28000020980835,7100
2023-06-02,5.199999809265137,5.199999809265137,5.179999828338623,5.179999828338623,5.179999828338623,700
2023-06-05,5.03000020980835,5.179999828338623,4.949999809265137,4.949999809265137,4.949999809265137,2500
2023-06-06,4.989999771118164,5.099999904632568,4.900000095367432,5.099999904632568,5.099999904632568,2700
2023-06-07,4.929999828338623,5.010000228881836,4.929999828338623,5.010000228881836,5.010000228881836,1500
2023-06-08,4.800000190734863,4.800000190734863,4.789999961853027,4.789999961853027,4.789999961853027,1400
2023-06-09,4.360000133514404,4.840000152587891,4.360000133514404,4.760000228881836,4.760000228881836,2100
2023-06-12,4.920000076293945,4.920000076293945,4.699999809265137,4.75,4.75,2400
2023-06-13,4.769999980926514,4.769999980926514,4.5,4.5,4.5,6100
2023-06-14,4.769999980926514,4.769999980926514,3.319999933242798,3.5,3.5,50400
2023-06-15,3.640000104904175,3.880000114440918,3.4800000190734863,3.5,3.5,14100
2023-06-16,3.6700000762939453,3.7100000381469727,3.299999952316284,3.7100000381469727,3.7100000381469727,15000
2023-06-20,3.509999990463257,3.8299999237060547,3.509999990463257,3.569999933242798,3.569999933242798,13900
2023-06-21,3.619999885559082,3.619999885559082,3.319999933242798,3.4100000858306885,3.4100000858306885,20000
2023-06-22,3.4700000286102295,3.6700000762939453,3.390000104904175,3.4100000858306885,3.4100000858306885,3000
2023-06-23,3.569999933242798,3.569999933242798,3.0,3.049999952316284,3.049999952316284,26100
2023-06-26,3.130000114440918,3.180000066757202,3.0,3.0,3.0,13000
2023-06-27,3.0299999713897705,3.0299999713897705,2.819999933242798,2.819999933242798,2.819999933242798,2900
2023-06-28,2.700000047683716,3.049999952316284,2.6500000953674316,2.8499999046325684,2.8499999046325684,13600
2023-06-29,2.950000047683716,2.990000009536743,2.7799999713897705,2.7799999713897705,2.7799999713897705,6500
2023-06-30,2.9100000858306885,2.9700000286102295,2.8299999237060547,2.9100000858306885,2.9100000858306885,6700
2023-07-03,2.7200000286102295,2.950000047683716,2.7200000286102295,2.759999990463257,2.759999990463257,5500
2023-07-05,2.809999942779541,2.819999933242798,2.7100000381469727,2.7899999618530273,2.7899999618530273,6500
2023-07-06,2.7799999713897705,2.859999895095825,2.6700000762939453,2.819999933242798,2.819999933242798,8300
2023-07-07,2.940000057220459,2.940000057220459,2.869999885559082,2.9100000858306885,2.9100000858306885,3700
2023-07-10,2.990000009536743,3.0,2.8299999237060547,2.869999885559082,2.869999885559082,6400
2023-07-11,2.890000104904175,2.940000057220459,2.890000104904175,2.940000057220459,2.940000057220459,1200
2023-07-12,2.950000047683716,2.950000047683716,2.8499999046325684,2.9100000858306885,2.9100000858306885,2700
2023-07-13,2.880000114440918,2.9800000190734863,2.8499999046325684,2.9000000953674316,2.9000000953674316,7300
2023-07-14,2.9000000953674316,2.930000066757202,2.7300000190734863,2.859999895095825,2.859999895095825,11200
2023-07-17,2.799999952316284,2.940000057220459,2.799999952316284,2.859999895095825,2.859999895095825,6100
2023-07-18,2.9200000762939453,2.9200000762939453,2.7899999618530273,2.9100000858306885,2.9100000858306885,3300
2023-07-19,2.869999885559082,3.0999999046325684,2.869999885559082,3.0999999046325684,3.0999999046325684,9800
2023-07-20,3.200000047683716,3.200000047683716,3.049999952316284,3.1500000953674316,3.1500000953674316,9300
2023-07-21,3.1500000953674316,3.1500000953674316,3.049999952316284,3.0899999141693115,3.0899999141693115,3200
2023-07-24,3.2200000286102295,3.2300000190734863,3.0899999141693115,3.0899999141693115,3.0899999141693115,3100
2023-07-25,3.0899999141693115,3.0899999141693115,2.940000057220459,2.940000057220459,2.940000057220459,1100
2023-07-26,2.930000066757202,3.009999990463257,2.930000066757202,2.950000047683716,2.950000047683716,1500
2023-07-27,2.869999885559082,2.869999885559082,2.799999952316284,2.799999952316284,2.799999952316284,6400
2023-07-28,2.7300000190734863,2.9100000858306885,2.7300000190734863,2.9000000953674316,2.9000000953674316,1700
2023-07-31,2.9100000858306885,2.9700000286102295,2.859999895095825,2.9000000953674316,2.9000000953674316,2800
2023-08-01,2.8299999237060547,2.8299999237060547,2.759999990463257,2.759999990463257,2.759999990463257,400
2023-08-02,2.8399999141693115,2.8399999141693115,2.7100000381469727,2.7200000286102295,2.7200000286102295,4200
2023-08-03,2.869999885559082,2.869999885559082,2.75,2.75,2.75,600
2023-08-04,2.7100000381469727,2.8399999141693115,2.700000047683716,2.7100000381469727,2.7100000381469727,4000
2023-08-07,2.759999990463257,2.759999990463257,2.680000066757202,2.680000066757202,2.680000066757202,800
2023-08-08,2.5799999237060547,2.9100000858306885,2.5799999237060547,2.9000000953674316,2.9000000953674316,4200
2023-08-09,2.990000009536743,2.990000009536743,2.7799999713897705,2.8499999046325684,2.8499999046325684,1100
2023-08-10,2.700000047683716,2.880000114440918,2.700000047683716,2.8499999046325684,2.8499999046325684,1800
2023-08-11,2.809999942779541,2.8499999046325684,2.7100000381469727,2.7699999809265137,2.7699999809265137,1900
2023-08-14,2.6700000762939453,2.799999952316284,2.6600000858306885,2.6600000858306885,2.6600000858306885,4200
2023-08-15,2.609999895095825,2.799999952316284,2.559999942779541,2.6500000953674316,2.6500000953674316,13800
2023-08-16,2.7799999713897705,2.819999933242798,2.609999895095825,2.700000047683716,2.700000047683716,6700
2023-08-17,2.6700000762939453,2.75,2.6700000762939453,2.6700000762939453,2.6700000762939453,700
2023-08-18,2.640000104904175,2.7300000190734863,2.5799999237060547,2.5999999046325684,2.5999999046325684,4700
2023-08-21,2.6700000762939453,2.6700000762939453,2.5899999141693115,2.5899999141693115,2.5899999141693115,1000
2023-08-22,2.680000066757202,2.680000066757202,2.559999942779541,2.5899999141693115,2.5899999141693115,1800
2023-08-23,2.549999952316284,2.549999952316284,2.5199999809265137,2.5199999809265137,2.5199999809265137,700
2023-08-24,2.5799999237060547,2.5799999237060547,2.5,2.5399999618530273,2.5399999618530273,3300
2023-08-25,2.549999952316284,2.549999952316284,2.440000057220459,2.4600000381469727,2.4600000381469727,4400
2023-08-28,2.4600000381469727,2.4600000381469727,2.450000047683716,2.450000047683716,2.450000047683716,1300
2023-08-29,2.4700000286102295,2.4700000286102295,2.3399999141693115,2.4000000953674316,2.4000000953674316,3600
2023-08-30,2.369999885559082,2.4600000381469727,2.190000057220459,2.299999952316284,2.299999952316284,4300
2023-08-31,2.309999942779541,2.4000000953674316,2.2799999713897705,2.2799999713897705,2.2799999713897705,800
2023-09-01,2.309999942779541,2.319999933242798,2.25,2.25,2.25,4300
2023-09-05,2.2699999809265137,2.2699999809265137,2.1700000762939453,2.259999990463257,2.259999990463257,1600
2023-09-06,2.259999990463257,2.319999933242798,2.180000066757202,2.2799999713897705,2.2799999713897705,4500
2023-09-07,2.200000047683716,2.2300000190734863,2.0999999046325684,2.190000057220459,2.190000057220459,5100
2023-09-08,2.0899999141693115,2.200000047683716,2.009999990463257,2.130000114440918,2.130000114440918,2700
2023-09-11,2.009999990463257,2.0799999237060547,1.7899999618530273,1.7899999618530273,1.7899999618530273,4700
2023-09-12,1.7899999618530273,2.0899999141693115,1.7899999618530273,1.909999966621399,1.909999966621399,35800
2023-09-13,1.9299999475479126,1.9299999475479126,1.7999999523162842,1.909999966621399,1.909999966621399,10000
2023-09-14,2.0,2.0,1.75,1.850000023841858,1.850000023841858,12900
2023-09-15,1.8799999952316284,1.9600000381469727,1.8700000047683716,1.8700000047683716,1.8700000047683716,6400
2023-09-18,1.8700000047683716,1.899999976158142,1.75,1.8300000429153442,1.8300000429153442,5700
2023-09-19,1.8300000429153442,1.850000023841858,1.7599999904632568,1.840000033378601,1.840000033378601,4400
2023-09-20,1.8600000143051147,1.8600000143051147,1.5499999523162842,1.5700000524520874,1.5700000524520874,3100
2023-09-21,1.649999976158142,1.6799999475479126,1.5499999523162842,1.590000033378601,1.590000033378601,7600
2023-09-22,1.600000023841858,1.600000023841858,1.5499999523162842,1.5499999523162842,1.5499999523162842,2700
2023-09-25,1.600000023841858,1.6699999570846558,1.5299999713897705,1.6200000047683716,1.6200000047683716,2500
2023-09-26,1.6399999856948853,1.7300000190734863,1.5199999809265137,1.5499999523162842,1.5499999523162842,14800
2023-09-27,1.5299999713897705,1.5399999618530273,1.4800000190734863,1.4900000095367432,1.4900000095367432,6300
2023-09-28,1.5499999523162842,1.600000023841858,1.5,1.5399999618530273,1.5399999618530273,13800
2023-09-29,1.5399999618530273,1.5700000524520874,1.5,1.5700000524520874,1.5700000524520874,4200
2023-10-02,1.559999942779541,1.7300000190734863,1.559999942779541,1.7300000190734863,1.7300000190734863,4400
2023-10-03,1.7400000095367432,1.75,1.7400000095367432,1.75,1.75,3400
2023-10-04,1.7999999523162842,1.7999999523162842,1.6699999570846558,1.7300000190734863,1.7300000190734863,3800
2023-10-05,1.659999966621399,1.7400000095367432,1.4700000286102295,1.4700000286102295,1.4700000286102295,12700
2023-10-06,1.4700000286102295,1.5499999523162842,1.4600000381469727,1.5299999713897705,1.5299999713897705,6100
2023-10-09,1.5,1.5,1.409999966621399,1.4299999475479126,1.4299999475479126,2500
2023-10-10,1.3700000047683716,1.4800000190734863,1.3700000047683716,1.4700000286102295,1.4700000286102295,3800
2023-10-11,1.4700000286102295,1.4700000286102295,1.3700000047683716,1.3799999952316284,1.3799999952316284,3900
2023-10-12,1.4199999570846558,1.4700000286102295,1.2999999523162842,1.3899999856948853,1.3899999856948853,4400
2023-10-13,1.4199999570846558,1.4199999570846558,1.3899999856948853,1.3899999856948853,1.3899999856948853,1500
2023-10-16,1.4800000190734863,1.5299999713897705,1.3899999856948853,1.4700000286102295,1.4700000286102295,3100
2023-10-17,1.4700000286102295,1.5499999523162842,1.4700000286102295,1.4700000286102295,1.4700000286102295,4000
2023-10-18,1.399999976158142,1.5199999809265137,1.309999942779541,1.3700000047683716,1.3700000047683716,7700
2023-10-19,1.3799999952316284,1.3799999952316284,1.25,1.3200000524520874,1.3200000524520874,8800
2023-10-20,1.2799999713897705,1.3200000524520874,1.2799999713897705,1.2999999523162842,1.2999999523162842,1200
2023-10-23,1.2699999809265137,1.2699999809265137,1.2100000381469727,1.2100000381469727,1.2100000381469727,3700
2023-10-24,1.2100000381469727,1.2300000190734863,1.149999976158142,1.149999976158142,1.149999976158142,3300
2023-10-25,1.1299999952316284,1.1299999952316284,1.059999942779541,1.100000023841858,1.100000023841858,5600
2023-10-26,1.0,1.100000023841858,1.0,1.0800000429153442,1.0800000429153442,18100
2023-10-27,1.0399999618530273,1.0800000429153442,1.0399999618530273,1.0800000429153442,1.0800000429153442,1000
2023-10-30,1.1299999952316284,1.1299999952316284,1.090000033378601,1.1200000047683716,1.1200000047683716,3200
2023-10-31,1.1699999570846558,1.350000023841858,1.059999942779541,1.350000023841858,1.350000023841858,16100
2023-11-01,1.399999976158142,1.399999976158142,1.309999942779541,1.3300000429153442,1.3300000429153442,3000
2023-11-02,1.350000023841858,1.399999976158142,1.2699999809265137,1.3899999856948853,1.3899999856948853,7700
2023-11-03,1.399999976158142,1.4600000381469727,1.3600000143051147,1.4199999570846558,1.4199999570846558,11000
2023-11-06,1.4299999475479126,1.4299999475479126,1.3899999856948853,1.3899999856948853,1.3899999856948853,3900
2023-11-07,1.3899999856948853,1.409999966621399,1.2999999523162842,1.3200000524520874,1.3200000524520874,3200
2023-11-08,1.2899999618530273,1.309999942779541,1.2899999618530273,1.309999942779541,1.309999942779541,400
2023-11-09,1.2899999618530273,1.2899999618530273,1.2300000190734863,1.2300000190734863,1.2300000190734863,2400
2023-11-10,1.2200000286102295,1.2200000286102295,1.1299999952316284,1.2000000476837158,1.2000000476837158,2600
2023-11-13,1.159999966621399,1.159999966621399,1.1399999856948853,1.149999976158142,1.149999976158142,6200
2023-11-14,1.1399999856948853,1.3700000047683716,1.1399999856948853,1.2899999618530273,1.2899999618530273,6600
2023-11-15,1.2999999523162842,1.399999976158142,1.2999999523162842,1.3899999856948853,1.3899999856948853,3100
2023-11-16,1.399999976158142,1.399999976158142,1.2999999523162842,1.2999999523162842,1.2999999523162842,4300
2023-11-17,1.309999942779541,1.309999942779541,1.2000000476837158,1.2999999523162842,1.2999999523162842,4400
2023-11-20,1.25,1.350000023841858,1.25,1.2999999523162842,1.2999999523162842,4300
2023-11-21,1.350000023841858,1.350000023841858,1.2999999523162842,1.2999999523162842,1.2999999523162842,6100
2023-11-22,1.2999999523162842,1.3300000429153442,1.2899999618530273,1.3200000524520874,1.3200000524520874,1400
2023-11-24,1.3200000524520874,1.350000023841858,1.2999999523162842,1.3200000524520874,1.3200000524520874,1400
2023-11-27,1.2999999523162842,1.2999999523162842,1.2400000095367432,1.2400000095367432,1.2400000095367432,4600
2023-11-28,1.25,1.2599999904632568,1.2400000095367432,1.25,1.25,2000
2023-11-29,1.25,1.2799999713897705,1.159999966621399,1.190000057220459,1.190000057220459,9900
2023-11-30,1.190000057220459,1.25,1.190000057220459,1.25,1.25,3300
2023-12-01,1.2799999713897705,1.2999999523162842,1.25,1.2899999618530273,1.2899999618530273,11100
2023-12-04,1.2899999618530273,1.350000023841858,1.2899999618530273,1.340000033378601,1.340000033378601,9800
2023-12-05,1.340000033378601,1.4199999570846558,1.2799999713897705,1.2799999713897705,1.2799999713897705,46600
2023-12-06,1.2999999523162842,1.350000023841858,1.2000000476837158,1.25,1.25,70600
2023-12-07,1.2699999809265137,1.3600000143051147,1.2100000381469727,1.2100000381469727,1.2100000381469727,15400
2023-12-08,1.25,1.3300000429153442,1.2000000476837158,1.2000000476837158,1.2000000476837158,13100
2023-12-11,1.2100000381469727,1.340000033378601,1.1699999570846558,1.2000000476837158,1.2000000476837158,14700
2023-12-12,1.2000000476837158,1.399999976158142,1.190000057220459,1.2000000476837158,1.2000000476837158,25100
2023-12-13,1.2000000476837158,1.2000000476837158,1.1799999475479126,1.190000057220459,1.190000057220459,12300
2023-12-14,1.2300000190734863,1.2999999523162842,1.149999976158142,1.159999966621399,1.159999966621399,34800
2023-12-15,1.2000000476837158,1.2200000286102295,1.159999966621399,1.159999966621399,1.159999966621399,16500
2023-12-18,1.159999966621399,1.2300000190734863,1.159999966621399,1.190000057220459,1.190000057220459,69000
2023-12-19,1.25,1.2799999713897705,1.190000057220459,1.2000000476837158,1.2000000476837158,17200
2023-12-20,1.2300000190734863,1.2599999904632568,1.2000000476837158,1.2100000381469727,1.2100000381469727,42900
2023-12-21,1.2100000381469727,1.309999942779541,1.2100000381469727,1.2999999523162842,1.2999999523162842,25700
2023-12-22,1.309999942779541,1.690000057220459,1.2999999523162842,1.659999966621399,1.659999966621399,88900
2023-12-26,1.659999966621399,2.3299999237060547,1.659999966621399,2.2799999713897705,2.2799999713897705,131500
2023-12-27,2.4000000953674316,3.6700000762939453,2.4000000953674316,3.390000104904175,3.390000104904175,640100
2023-12-28,3.390000104904175,3.990000009536743,3.299999952316284,3.809999942779541,3.809999942779541,184000
2023-12-29,3.809999942779541,3.809999942779541,3.109999895095825,3.4600000381469727,3.4600000381469727,98300
2024-01-02,3.4100000858306885,3.4600000381469727,3.0,3.059999942779541,3.059999942779541,58200
2024-01-03,3.059999942779541,3.180000066757202,2.9800000190734863,3.109999895095825,3.109999895095825,22300
2024-01-04,3.0299999713897705,3.309999942779541,3.0299999713897705,3.2200000286102295,3.2200000286102295,21800
2024-01-05,3.299999952316284,3.4700000286102295,3.1700000762939453,3.3499999046325684,3.3499999046325684,15800
2024-01-08,3.430000066757202,3.609999895095825,3.359999895095825,3.490000009536743,3.490000009536743,11900
2024-01-09,3.490000009536743,4.210000038146973,3.490000009536743,4.199999809265137,4.199999809265137,65800
2024-01-10,4.300000190734863,4.730000019073486,4.300000190734863,4.610000133514404,4.610000133514404,48900
2024-01-11,4.670000076293945,4.670000076293945,3.450000047683716,3.7699999809265137,3.7699999809265137,98300
2024-01-12,3.690000057220459,3.799999952316284,3.6700000762939453,3.75,3.75,15200
2024-01-16,3.799999952316284,3.799999952316284,2.859999895095825,2.9800000190734863,2.9800000190734863,46200
2024-01-17,3.069999933242798,3.140000104904175,2.8499999046325684,2.9800000190734863,2.9800000190734863,24500
2024-01-18,2.930000066757202,3.190000057220459,2.8399999141693115,3.0199999809265137,3.0199999809265137,15000
2024-01-19,3.0199999809265137,3.0799999237060547,2.950000047683716,2.9600000381469727,2.9600000381469727,6900
2024-01-22,2.940000057220459,3.299999952316284,2.940000057220459,3.2699999809265137,3.2699999809265137,30200
2024-01-23,3.2100000381469727,3.25,3.0199999809265137,3.0199999809265137,3.0199999809265137,13600
2024-01-24,3.140000104904175,3.1600000858306885,2.9700000286102295,3.0199999809265137,3.0199999809265137,15100
2024-01-25,3.009999990463257,3.190000057220459,3.009999990463257,3.119999885559082,3.119999885559082,5400
2024-01-26,3.119999885559082,3.690000057220459,3.119999885559082,3.369999885559082,3.369999885559082,28400
2024-01-29,3.369999885559082,3.509999990463257,3.190000057220459,3.259999990463257,3.259999990463257,14300
2024-01-30,3.259999990463257,3.4800000190734863,3.240000009536743,3.380000114440918,3.380000114440918,20100
2024-01-31,3.359999895095825,3.4700000286102295,3.2300000190734863,3.3399999141693115,3.3399999141693115,14900
2024-02-01,3.450000047683716,3.450000047683716,3.200000047683716,3.299999952316284,3.299999952316284,13200
2024-02-02,3.299999952316284,3.4800000190734863,3.299999952316284,3.4100000858306885,3.4100000858306885,6400
2024-02-05,3.299999952316284,3.4100000858306885,3.2100000381469727,3.359999895095825,3.359999895095825,9800
2024-02-06,3.369999885559082,3.799999952316284,3.2899999618530273,3.7100000381469727,3.7100000381469727,16300
2024-02-07,3.7100000381469727,3.75,3.4800000190734863,3.5,3.5,12400
2024-02-08,3.640000104904175,3.6600000858306885,3.5,3.5199999809265137,3.5199999809265137,6100
2024-02-09,3.7200000286102295,3.7200000286102295,3.5199999809265137,3.609999895095825,3.609999895095825,3700
2024-02-12,3.6700000762939453,3.6700000762939453,3.190000057220459,3.190000057220459,3.190000057220459,11500
2024-02-13,3.2899999618530273,3.2899999618530273,2.880000114440918,3.0999999046325684,3.0999999046325684,9200
2024-02-14,3.0999999046325684,3.1500000953674316,3.0999999046325684,3.119999885559082,3.119999885559082,7700
2024-02-15,3.0899999141693115,3.1500000953674316,3.0,3.0399999618530273,3.0399999618530273,15900
2024-02-16,3.009999990463257,3.0399999618530273,3.0,3.0299999713897705,3.0299999713897705,6000
2024-02-20,3.0,3.069999933242798,3.0,3.059999942779541,3.059999942779541,10100
2024-02-21,3.069999933242798,3.069999933242798,3.0,3.009999990463257,3.009999990463257,4300
2024-02-22,3.0199999809265137,3.0799999237060547,2.990000009536743,3.0,3.0,21100
2024-02-23,3.0,3.0199999809265137,3.0,3.0199999809265137,3.0199999809265137,1700
2024-02-26,3.0899999141693115,3.109999895095825,3.059999942779541,3.109999895095825,3.109999895095825,5800
2024-02-27,3.109999895095825,3.3299999237060547,3.109999895095825,3.2799999713897705,3.2799999713897705,6200
2024-02-28,3.2699999809265137,3.2799999713897705,3.259999990463257,3.2799999713897705,3.2799999713897705,1600
2024-02-29,3.059999942779541,3.2799999713897705,3.059999942779541,3.140000104904175,3.140000104904175,2600
2024-03-01,3.0899999141693115,3.25,3.0,3.109999895095825,3.109999895095825,4000
2024-03-04,3.109999895095825,3.25,3.109999895095825,3.1500000953674316,3.1500000953674316,6200
2024-03-05,3.1500000953674316,3.319999933242798,3.1500000953674316,3.240000009536743,3.240000009536743,3800
2024-03-06,3.109999895095825,3.359999895095825,3.109999895095825,3.2799999713897705,3.2799999713897705,21700
2024-03-07,3.2699999809265137,3.369999885559082,3.2100000381469727,3.3499999046325684,3.3499999046325684,5700
2024-03-08,3.119999885559082,3.299999952316284,3.119999885559082,3.2899999618530273,3.2899999618530273,7400
2024-03-11,3.2799999713897705,3.4000000953674316,3.2799999713897705,3.369999885559082,3.369999885559082,5000
2024-03-12,3.380000114440918,3.509999990463257,3.380000114440918,3.430000066757202,3.430000066757202,3400
2024-03-13,3.25,3.4200000762939453,3.2200000286102295,3.3499999046325684,3.3499999046325684,6700
2024-03-14,3.299999952316284,3.4100000858306885,3.299999952316284,3.3499999046325684,3.3499999046325684,4600
2024-03-15,3.25,3.490000009536743,3.25,3.430000066757202,3.430000066757202,8400
2024-03-18,3.25,3.5,3.25,3.380000114440918,3.380000114440918,10100
2024-03-19,3.380000114440918,3.4200000762939453,3.380000114440918,3.380000114440918,3.380000114440918,2900
2024-03-20,3.380000114440918,3.4200000762939453,3.359999895095825,3.380000114440918,3.380000114440918,6300
2024-03-21,3.3399999141693115,3.5199999809265137,3.3399999141693115,3.390000104904175,3.390000104904175,1400
2024-03-22,3.450000047683716,3.5,3.4200000762939453,3.4600000381469727,3.4600000381469727,2600
2024-03-25,3.4600000381469727,3.5999999046325684,3.4600000381469727,3.549999952316284,3.549999952316284,2700
2024-03-26,3.3399999141693115,3.5999999046325684,3.3399999141693115,3.369999885559082,3.369999885559082,8900
2024-03-27,3.369999885559082,3.369999885559082,3.0799999237060547,3.2100000381469727,3.2100000381469727,7500
2024-03-28,3.2100000381469727,3.2899999618530273,3.1500000953674316,3.25,3.25,4200
2024-04-01,3.130000114440918,3.2200000286102295,2.950000047683716,2.950000047683716,2.950000047683716,6700
2024-04-02,2.950000047683716,2.9800000190734863,2.700000047683716,2.9600000381469727,2.9600000381469727,21000
2024-04-03,2.950000047683716,3.0999999046325684,2.950000047683716,3.0,3.0,5500
2024-04-04,2.9800000190734863,3.0199999809265137,2.950000047683716,2.9800000190734863,2.9800000190734863,6900
2024-04-05,2.950000047683716,2.9800000190734863,2.950000047683716,2.950000047683716,2.950000047683716,5600
2024-04-08,3.0199999809265137,3.0199999809265137,2.9000000953674316,2.950000047683716,2.950000047683716,5100
2024-04-09,2.950000047683716,2.950000047683716,2.950000047683716,2.950000047683716,2.950000047683716,2400
2024-04-10,2.950000047683716,3.0,2.950000047683716,2.950000047683716,2.950000047683716,3200
2024-04-11,2.9000000953674316,2.990000009536743,2.9000000953674316,2.950000047683716,2.950000047683716,4800
2024-04-12,2.950000047683716,3.049999952316284,2.950000047683716,2.9600000381469727,2.9600000381469727,3200
2024-04-15,2.950000047683716,2.9600000381469727,2.930000066757202,2.950000047683716,2.950000047683716,9200
2024-04-16,2.9000000953674316,3.0,2.9000000953674316,2.950000047683716,2.950000047683716,5500
2024-04-17,2.9000000953674316,2.950000047683716,2.9000000953674316,2.930000066757202,2.930000066757202,4400
2024-04-18,2.930000066757202,3.0,2.930000066757202,2.950000047683716,2.950000047683716,2900
2024-04-19,2.950000047683716,3.0999999046325684,2.930000066757202,2.950000047683716,2.950000047683716,19400
2024-04-22,2.930000066757202,2.930000066757202,2.700000047683716,2.7699999809265137,2.7699999809265137,30400
2024-04-23,2.799999952316284,2.880000114440918,2.75,2.809999942779541,2.809999942779541,12700
2024-04-24,2.700000047683716,2.7799999713897705,2.5,2.549999952316284,2.549999952316284,34300
2024-04-25,2.549999952316284,2.549999952316284,2.5,2.5,2.5,4200
2024-04-26,2.490000009536743,2.5,2.2300000190734863,2.2300000190734863,2.2300000190734863,21800
2024-04-29,2.2200000286102295,2.3399999141693115,2.0999999046325684,2.0999999046325684,2.0999999046325684,15800
2024-04-30,2.109999895095825,2.130000114440918,1.5,1.9900000095367432,1.9900000095367432,73700
2024-05-01,1.9500000476837158,1.9500000476837158,1.5,1.690000057220459,1.690000057220459,27700
2024-05-02,1.600000023841858,1.7300000190734863,1.5199999809265137,1.659999966621399,1.659999966621399,17100
2024-05-03,1.6799999475479126,1.8200000524520874,1.6799999475479126,1.7100000381469727,1.7100000381469727,9200
2024-05-06,1.649999976158142,1.7699999809265137,1.649999976158142,1.649999976158142,1.649999976158142,13100
2024-05-07,1.659999966621399,1.6699999570846558,1.5499999523162842,1.5499999523162842,1.5499999523162842,12500
2024-05-08,1.5499999523162842,1.7799999713897705,1.5499999523162842,1.6299999952316284,1.6299999952316284,13800
2024-05-09,1.6699999570846558,1.7000000476837158,1.6299999952316284,1.659999966621399,1.659999966621399,6900
2024-05-10,1.600000023841858,2.0899999141693115,1.600000023841858,1.9900000095367432,1.9900000095367432,51500
2024-05-13,2.0399999618530273,2.119999885559082,1.6699999570846558,1.899999976158142,1.899999976158142,21300
2024-05-14,1.9800000190734863,1.9800000190734863,1.8899999856948853,1.8899999856948853,1.8899999856948853,2700
2024-05-15,1.9199999570846558,1.9299999475479126,1.6100000143051147,1.7000000476837158,1.7000000476837158,28500
2024-05-16,1.7000000476837158,1.7999999523162842,1.7000000476837158,1.7000000476837158,1.7000000476837158,7800
2024-05-17,1.7000000476837158,1.75,1.649999976158142,1.649999976158142,1.649999976158142,3200
2024-05-20,1.7400000095367432,1.7799999713897705,1.6699999570846558,1.6699999570846558,1.6699999570846558,9300
2024-05-21,1.6799999475479126,1.6799999475479126,1.5499999523162842,1.590000033378601,1.590000033378601,10200
2024-05-22,1.590000033378601,1.590000033378601,1.399999976158142,1.5499999523162842,1.5499999523162842,11500
2024-05-23,1.5499999523162842,1.649999976158142,1.5499999523162842,1.6200000047683716,1.6200000047683716,4900
2024-05-24,1.7400000095367432,1.7400000095367432,1.6100000143051147,1.7100000381469727,1.7100000381469727,10600
2024-05-28,1.7200000286102295,1.8200000524520874,1.7200000286102295,1.7999999523162842,1.7999999523162842,10100
2024-05-29,1.7999999523162842,2.490000009536743,1.7999999523162842,2.2200000286102295,2.2200000286102295,48000
2024-05-30,2.2200000286102295,2.4000000953674316,2.0999999046325684,2.109999895095825,2.109999895095825,40500
2024-05-31,2.109999895095825,2.109999895095825,1.899999976158142,2.0,2.0,7300
2024-06-03,1.850000023841858,1.8899999856948853,1.7000000476837158,1.7699999809265137,1.7699999809265137,14600
2024-06-04,1.7400000095367432,1.7599999904632568,1.6699999570846558,1.690000057220459,1.690000057220459,20600
2024-06-05,1.7300000190734863,1.7300000190734863,1.6100000143051147,1.649999976158142,1.649999976158142,13100
2024-06-06,1.690000057220459,2.0199999809265137,1.649999976158142,1.9800000190734863,1.9800000190734863,65300
2024-06-07,1.9199999570846558,1.9199999570846558,1.659999966621399,1.75,1.75,47400
2024-06-10,1.7100000381469727,1.7200000286102295,1.5499999523162842,1.590000033378601,1.590000033378601,24600
2024-06-11,1.5800000429153442,1.659999966621399,1.5,1.5399999618530273,1.5399999618530273,18900
2024-06-12,1.5700000524520874,1.5700000524520874,1.4800000190734863,1.4800000190734863,1.4800000190734863,15700
2024-06-13,1.5,1.5,1.2799999713897705,1.4199999570846558,1.4199999570846558,70500
2024-06-14,1.399999976158142,1.4700000286102295,1.350000023841858,1.4199999570846558,1.4199999570846558,11600
2024-06-17,1.4700000286102295,1.5700000524520874,1.2999999523162842,1.559999942779541,1.559999942779541,62400
2024-06-18,1.4600000381469727,1.590000033378601,1.350000023841858,1.3600000143051147,1.3600000143051147,67700
2024-06-20,1.3600000143051147,1.4500000476837158,1.2799999713897705,1.340000033378601,1.340000033378601,38500
2024-06-21,1.3200000524520874,1.3600000143051147,1.2899999618530273,1.3600000143051147,1.3600000143051147,25200
2024-06-24,1.3700000047683716,1.4600000381469727,1.340000033378601,1.3899999856948853,1.3899999856948853,34200
2024-06-25,1.4299999475479126,1.5299999713897705,1.3899999856948853,1.409999966621399,1.409999966621399,33700
2024-06-26,1.4500000476837158,1.600000023841858,1.3899999856948853,1.5499999523162842,1.5499999523162842,26100
2024-06-27,1.4800000190734863,1.5,1.3899999856948853,1.3899999856948853,1.3899999856948853,14700
2024-06-28,1.4500000476837158,1.4500000476837158,1.3799999952316284,1.3799999952316284,1.3799999952316284,14100
2024-07-01,1.3899999856948853,1.440000057220459,1.350000023841858,1.3600000143051147,1.3600000143051147,23100
2024-07-02,1.3799999952316284,1.4199999570846558,1.350000023841858,1.399999976158142,1.399999976158142,12300
2024-07-03,1.4299999475479126,1.5499999523162842,1.3700000047683716,1.399999976158142,1.399999976158142,11900
2024-07-05,1.3600000143051147,1.409999966621399,1.340000033378601,1.350000023841858,1.350000023841858,11100
2024-07-08,1.350000023841858,1.3600000143051147,1.2999999523162842,1.2999999523162842,1.2999999523162842,8700
2024-07-09,1.350000023841858,1.350000023841858,1.2999999523162842,1.3300000429153442,1.3300000429153442,11600
2024-07-10,1.340000033378601,1.399999976158142,1.340000033378601,1.3899999856948853,1.3899999856948853,12600
2024-07-11,1.399999976158142,1.399999976158142,1.3700000047683716,1.3799999952316284,1.3799999952316284,8800
2024-07-12,1.3799999952316284,1.4199999570846558,1.3799999952316284,1.409999966621399,1.409999966621399,9200
2024-07-15,1.4299999475479126,1.5700000524520874,1.409999966621399,1.4600000381469727,1.4600000381469727,39200
2024-07-16,1.4199999570846558,1.4600000381469727,1.2999999523162842,1.4199999570846558,1.4199999570846558,494000
2024-07-17,1.4500000476837158,1.4500000476837158,1.3899999856948853,1.399999976158142,1.399999976158142,20400
2024-07-18,1.340000033378601,1.4199999570846558,1.340000033378601,1.3799999952316284,1.3799999952316284,17200
2024-07-19,1.3799999952316284,1.4299999475479126,1.3200000524520874,1.3899999856948853,1.3899999856948853,51200
2024-07-22,1.3600000143051147,1.5,1.3600000143051147,1.4500000476837158,1.4500000476837158,19200
2024-07-23,1.4900000095367432,1.5199999809265137,1.4299999475479126,1.5,1.5,16800
2024-07-24,1.4800000190734863,1.5199999809265137,1.4700000286102295,1.5,1.5,18400
2024-07-25,1.4700000286102295,1.7400000095367432,1.4500000476837158,1.7300000190734863,1.7300000190734863,82300
2024-07-26,1.7899999618530273,1.850000023841858,1.649999976158142,1.690000057220459,1.690000057220459,43400
2024-07-29,1.7300000190734863,1.7799999713897705,1.7100000381469727,1.7300000190734863,1.7300000190734863,11800
2024-07-30,1.7000000476837158,1.7300000190734863,1.6299999952316284,1.649999976158142,1.649999976158142,8200
2024-07-31,1.6299999952316284,1.7599999904632568,1.5499999523162842,1.6699999570846558,1.6699999570846558,24500
2024-08-01,1.7699999809265137,1.7699999809265137,1.690000057220459,1.7100000381469727,1.7100000381469727,8300
2024-08-02,1.6200000047683716,1.6799999475479126,1.5,1.5399999618530273,1.5399999618530273,44700
2024-08-05,1.2699999809265137,1.4199999570846558,1.2699999809265137,1.409999966621399,1.409999966621399,10800
2024-08-06,1.4500000476837158,1.5700000524520874,1.4199999570846558,1.4800000190734863,1.4800000190734863,11300
2024-08-07,1.4500000476837158,1.5,1.440000057220459,1.4500000476837158,1.4500000476837158,3100
2024-08-08,1.4500000476837158,1.5199999809265137,1.4500000476837158,1.4600000381469727,1.4600000381469727,2000
2024-08-09,1.4600000381469727,1.5099999904632568,1.440000057220459,1.4700000286102295,1.4700000286102295,3600
2024-08-12,1.4700000286102295,1.6399999856948853,1.4700000286102295,1.559999942779541,1.559999942779541,13700
2024-08-13,1.559999942779541,1.559999942779541,1.5199999809265137,1.5199999809265137,1.5199999809265137,3200
2024-08-14,1.5700000524520874,1.600000023841858,1.5499999523162842,1.590000033378601,1.590000033378601,2800
2024-08-15,1.600000023841858,1.649999976158142,1.600000023841858,1.6299999952316284,1.6299999952316284,1500
2024-08-16,1.6100000143051147,1.6200000047683716,1.3700000047683716,1.5299999713897705,1.5299999713897705,21600
2024-08-19,1.559999942779541,1.7000000476837158,1.5199999809265137,1.659999966621399,1.659999966621399,18700
2024-08-20,1.6799999475479126,1.7400000095367432,1.649999976158142,1.7300000190734863,1.7300000190734863,9900
2024-08-21,1.7400000095367432,1.75,1.690000057220459,1.75,1.75,3500
2024-08-22,1.7000000476837158,1.7000000476837158,1.5800000429153442,1.690000057220459,1.690000057220459,5800
2024-08-23,1.7000000476837158,1.7000000476837158,1.6399999856948853,1.7000000476837158,1.7000000476837158,3200
2024-08-26,1.7000000476837158,1.7000000476837158,1.6799999475479126,1.7000000476837158,1.7000000476837158,1300
2024-08-27,1.75,1.940000057220459,1.75,1.850000023841858,1.850000023841858,22700
2024-08-28,1.850000023841858,1.8799999952316284,1.7200000286102295,1.75,1.75,12300
2024-08-29,1.7200000286102295,1.8700000047683716,1.7200000286102295,1.8600000143051147,1.8600000143051147,3200
2024-08-30,1.8700000047683716,1.8700000047683716,1.850000023841858,1.850000023841858,1.850000023841858,2200
2024-09-03,1.7999999523162842,1.8200000524520874,1.7100000381469727,1.7599999904632568,1.7599999904632568,4600
2024-09-04,1.7599999904632568,1.7999999523162842,1.7200000286102295,1.7999999523162842,1.7999999523162842,2300
2024-09-05,1.8200000524520874,1.8899999856948853,1.809999942779541,1.850000023841858,1.850000023841858,5200
2024-09-06,1.7899999618530273,1.840000033378601,1.7899999618530273,1.840000033378601,1.840000033378601,1800
2024-09-09,1.7799999713897705,1.8600000143051147,1.7100000381469727,1.8200000524520874,1.8200000524520874,4700
2024-09-10,1.8899999856948853,1.8899999856948853,1.7799999713897705,1.7799999713897705,1.7799999713897705,1000
2024-09-11,1.850000023841858,1.850000023841858,1.75,1.8200000524520874,1.8200000524520874,4900
2024-09-12,1.8600000143051147,1.899999976158142,1.7799999713897705,1.840000033378601,1.840000033378601,8100
2024-09-13,1.850000023841858,1.909999966621399,1.8200000524520874,1.8899999856948853,1.8899999856948853,6900
2024-09-16,2.009999990463257,2.390000104904175,2.009999990463257,2.3399999141693115,2.3399999141693115,96800
2024-09-17,2.4000000953674316,2.4600000381469727,1.7000000476837158,2.069999933242798,2.069999933242798,83800
2024-09-18,2.0799999237060547,2.0799999237060547,1.8700000047683716,1.9199999570846558,1.9199999570846558,27500
2024-09-19,1.8799999952316284,2.0,1.75,2.0,2.0,34700
2024-09-20,1.9900000095367432,1.9900000095367432,1.7999999523162842,1.7999999523162842,1.7999999523162842,31500
2024-09-23,1.940000057220459,1.940000057220459,1.7999999523162842,1.8600000143051147,1.8600000143051147,12200
2024-09-24,1.899999976158142,1.9199999570846558,1.75,1.8799999952316284,1.8799999952316284,73400
