Date,Open,High,Low,Close,Adj Close,Volume
2021-09-16,25.350000381469727,26.5,25.299999237060547,25.649999618530273,20.79913902282715,3187189
2021-09-17,25.670000076293945,26.25,25.670000076293945,26.049999237060547,21.123493194580078,1007375
2021-09-20,25.850000381469727,25.969999313354492,25.549999237060547,25.950000762939453,21.042407989501953,15690
2021-09-21,25.950000762939453,25.940000534057617,25.850000381469727,25.899999618530273,21.001861572265625,40327
2021-09-22,25.950000762939453,25.950000762939453,25.700000762939453,25.950000762939453,21.042407989501953,108239
2021-09-23,26.149999618530273,26.149999618530273,25.799999237060547,25.799999237060547,20.920774459838867,695020
2021-09-24,25.799999237060547,25.920000076293945,25.799999237060547,25.899999618530273,21.001861572265625,472132
2021-09-27,25.75,25.989999771118164,25.690000534057617,25.940000534057617,21.0342960357666,374142
2021-09-28,25.850000381469727,25.8799991607666,25.40999984741211,25.649999618530273,20.79913902282715,327937
2021-09-29,25.649999618530273,26.079999923706055,25.549999237060547,25.719999313354492,20.85590362548828,236565
2021-09-30,25.899999618530273,26.100000381469727,25.799999237060547,25.969999313354492,21.058622360229492,2595676
2021-10-01,25.959999084472656,25.959999084472656,25.8700008392334,25.8700008392334,20.9775333404541,56878
2021-10-04,25.899999618530273,25.969999313354492,25.520000457763672,25.56999969482422,20.734270095825195,53388
2021-10-05,25.75,25.7549991607666,25.3700008392334,25.459999084472656,20.645071029663086,62968
2021-10-06,25.670000076293945,25.729999542236328,25.469999313354492,25.700000762939453,20.839683532714844,169906
2021-10-07,25.700000762939453,25.704999923706055,25.643400192260742,25.700000762939453,20.839683532714844,38056
2021-10-08,25.75,25.760000228881836,25.530000686645508,25.700000762939453,20.839683532714844,68600
2021-10-11,25.700000762939453,25.75,25.649999618530273,25.729999542236328,20.864009857177734,10829
2021-10-12,25.75,25.809999465942383,25.709999084472656,25.78499984741211,20.908605575561523,11423
2021-10-13,25.799999237060547,25.954999923706055,25.799999237060547,25.940000534057617,21.0342960357666,59678
2021-10-14,26.079999923706055,26.360000610351562,26.079999923706055,26.360000610351562,21.37486457824707,48328
2021-10-15,26.31999969482422,26.3700008392334,26.219999313354492,26.34000015258789,21.35865020751953,40634
2021-10-18,26.25,26.329999923706055,26.145000457763672,26.31999969482422,21.342430114746094,56027
2021-10-19,26.399999618530273,26.43000030517578,26.309999465942383,26.3700008392334,21.382978439331055,8578
2021-10-20,26.299999237060547,26.6200008392334,26.299999237060547,26.520000457763672,21.504610061645508,60815
2021-10-21,26.5,26.561599731445312,26.43000030517578,26.489999771118164,21.480281829833984,124291
2021-10-22,26.530000686645508,26.530000686645508,26.399999618530273,26.489999771118164,21.480281829833984,32385
2021-10-25,26.520000457763672,26.56999969482422,26.459999084472656,26.479999542236328,21.472171783447266,98982
2021-10-26,26.5,26.5,26.420000076293945,26.450000762939453,21.447847366333008,85574
2021-10-27,26.450000762939453,26.475000381469727,26.350000381469727,26.475000381469727,21.46811866760254,133245
2021-10-28,26.59000015258789,26.600000381469727,26.350000381469727,26.43000030517578,21.431631088256836,109759
2021-10-29,26.479999542236328,26.479999542236328,26.260000228881836,26.260000228881836,21.293779373168945,49113
2021-11-01,26.399999618530273,26.399999618530273,26.149999618530273,26.170000076293945,21.220800399780273,142015
2021-11-02,26.399999618530273,26.399999618530273,26.170000076293945,26.219999313354492,21.261341094970703,16933
2021-11-03,26.309999465942383,26.3799991607666,26.270000457763672,26.3799991607666,21.391082763671875,11706
2021-11-04,26.450000762939453,26.450000762939453,26.200000762939453,26.309999465942383,21.33432388305664,359026
2021-11-05,26.3700008392334,26.420000076293945,26.25,26.350000381469727,21.36676025390625,9127
2021-11-08,26.40999984741211,26.420000076293945,26.34000015258789,26.3799991607666,21.391082763671875,7923
2021-11-09,26.450000762939453,26.450000762939453,26.299999237060547,26.31999969482422,21.342430114746094,4899
2021-11-10,26.290000915527344,26.350000381469727,26.040000915527344,26.190000534057617,21.237018585205078,20372
2021-11-11,26.280000686645508,26.280000686645508,25.940000534057617,25.950000762939453,21.042407989501953,15557
2021-11-12,26.079999923706055,26.12070083618164,25.865299224853516,25.920000076293945,21.01807975769043,3081
2021-11-15,25.834999084472656,25.8700008392334,25.710899353027344,25.84000015258789,20.95320701599121,11334
2021-11-16,25.850000381469727,26.03499984741211,25.649999618530273,25.809999465942383,20.92888069152832,36413
2021-11-17,25.90999984741211,25.920000076293945,25.770099639892578,25.780000686645508,20.90455436706543,21448
2021-11-18,25.8700008392334,25.91860008239746,25.75,25.809999465942383,20.92888069152832,21174
2021-11-19,25.899999618530273,25.899999618530273,25.826499938964844,25.889999389648438,20.99375343322754,2943
2021-11-22,25.8799991607666,25.899999618530273,25.799999237060547,25.799999237060547,20.920774459838867,7175
2021-11-23,25.799999237060547,25.850000381469727,25.68000030517578,25.770000457763672,20.896446228027344,22631
2021-11-24,25.770000457763672,25.90999984741211,25.700000762939453,25.889999389648438,20.99375343322754,10985
2021-11-26,25.780000686645508,25.780000686645508,25.66309928894043,25.760000228881836,20.88833999633789,5572
2021-11-29,25.950000762939453,25.959999084472656,25.834999084472656,25.899999618530273,21.001861572265625,10238
2021-11-30,25.899999618530273,25.90999984741211,25.725000381469727,25.899999618530273,21.001861572265625,35331
2021-12-01,26.09000015258789,26.21929931640625,25.954999923706055,25.954999923706055,21.046463012695312,29504
2021-12-02,26.010000228881836,26.010000228881836,25.90369987487793,25.93000030517578,21.02618980407715,10905
2021-12-03,26.079999923706055,26.079999923706055,25.8799991607666,25.979999542236328,21.066728591918945,5764
2021-12-06,26.0,26.100000381469727,25.954999923706055,25.989999771118164,21.074840545654297,28180
2021-12-07,26.100000381469727,26.190000534057617,26.0,26.100000381469727,21.164037704467773,19402
2021-12-08,26.139999389648438,26.139999389648438,26.079999923706055,26.1200008392334,21.180253982543945,4154
2021-12-09,26.010000228881836,26.110000610351562,26.010000228881836,26.09000015258789,21.155927658081055,7073
2021-12-10,26.139999389648438,26.139999389648438,26.0049991607666,26.079999923706055,21.147817611694336,10174
2021-12-13,26.079999923706055,26.079999923706055,25.893400192260742,26.059999465942383,21.131601333618164,8675
2021-12-14,26.020000457763672,26.100000381469727,25.98240089416504,26.079999923706055,21.147817611694336,11492
2021-12-15,26.079999923706055,26.079999923706055,26.027299880981445,26.030000686645508,21.107276916503906,7998
2021-12-16,26.190000534057617,26.299999237060547,26.149999618530273,26.190000534057617,21.237018585205078,22976
2021-12-17,25.989999771118164,25.989999771118164,25.81999969482422,25.969999313354492,21.29377555847168,6630
2021-12-20,25.899999618530273,25.899999618530273,25.850000381469727,25.889999389648438,21.22818374633789,17377
2021-12-21,25.959999084472656,26.020000457763672,25.911800384521484,26.010000228881836,21.326576232910156,9074
2021-12-22,26.010000228881836,26.190000534057617,25.98200035095215,26.184999465942383,21.470060348510742,7486
2021-12-23,26.190000534057617,26.200000762939453,26.100000381469727,26.18000030517578,21.465965270996094,8709
2021-12-27,26.190000534057617,26.200000762939453,26.1200008392334,26.200000762939453,21.482364654541016,5728
2021-12-28,26.200000762939453,26.200000762939453,26.12660026550293,26.200000762939453,21.482364654541016,5497
2021-12-29,26.200000762939453,26.290000915527344,26.079999923706055,26.200000762939453,21.482364654541016,59307
2021-12-30,26.329999923706055,26.350000381469727,26.139999389648438,26.190000534057617,21.474164962768555,96606
2021-12-31,26.309999465942383,26.31999969482422,26.139999389648438,26.200000762939453,21.482364654541016,143378
2022-01-03,26.309999465942383,26.309999465942383,26.100000381469727,26.1200008392334,21.416765213012695,3559
2022-01-04,26.1200008392334,26.1200008392334,25.780000686645508,26.0,21.31837272644043,19480
2022-01-05,26.110000610351562,26.110000610351562,25.639999389648438,25.790000915527344,21.146190643310547,19885
2022-01-06,25.899999618530273,26.069799423217773,25.459999084472656,26.069799423217773,21.375606536865234,15661
2022-01-07,25.969999313354492,26.0221004486084,25.700000762939453,26.0,21.31837272644043,19390
2022-01-10,25.940000534057617,26.040000915527344,25.649999618530273,25.8799991607666,21.219982147216797,16461
2022-01-11,25.950000762939453,26.110000610351562,25.83799934387207,26.0,21.31837272644043,19616
2022-01-12,26.05120086669922,26.100000381469727,25.8799991607666,25.920000076293945,21.25278091430664,34340
2022-01-13,25.8799991607666,26.030000686645508,25.78499984741211,25.860000610351562,21.203582763671875,42153
2022-01-14,25.860000610351562,26.012800216674805,25.809999465942383,25.860000610351562,21.203582763671875,14561
2022-01-18,25.700000762939453,25.700000762939453,25.59000015258789,25.649999618530273,21.031394958496094,29229
2022-01-19,25.81999969482422,25.940000534057617,25.510000228881836,25.889999389648438,21.22818374633789,93768
2022-01-20,25.920000076293945,26.079999923706055,25.920000076293945,25.969999313354492,21.29377555847168,86557
2022-01-21,25.959999084472656,25.989999771118164,25.850000381469727,25.90999984741211,21.24458122253418,51978
2022-01-24,25.84000015258789,25.90999984741211,25.600000381469727,25.90999984741211,21.24458122253418,33441
2022-01-25,25.780000686645508,25.8700008392334,25.68280029296875,25.809999465942383,21.162586212158203,28756
2022-01-26,25.839500427246094,25.940000534057617,25.34000015258789,25.639999389648438,21.0231990814209,17718
2022-01-27,25.799999237060547,25.799999237060547,24.889999389648438,25.0,20.498437881469727,21536
2022-01-28,25.0,25.0,24.700000762939453,24.93000030517578,20.441041946411133,18409
2022-01-31,25.020000457763672,25.329999923706055,24.78969955444336,25.219999313354492,20.678823471069336,26312
2022-02-01,25.329999923706055,25.329999923706055,25.030000686645508,25.219999313354492,20.678823471069336,15567
2022-02-02,25.309999465942383,25.350000381469727,24.950000762939453,25.110000610351562,20.588632583618164,83180
2022-02-03,24.959999084472656,25.0,24.600000381469727,25.0,20.498437881469727,76478
2022-02-04,24.8700008392334,24.979999542236328,24.260000228881836,24.350000381469727,19.965478897094727,104267
2022-02-07,24.3700008392334,24.549999237060547,24.110000610351562,24.270000457763672,19.899885177612305,30772
2022-02-08,24.079999923706055,24.079999923706055,23.670000076293945,23.81999969482422,19.530914306640625,79651
2022-02-09,23.959999084472656,23.959999084472656,23.510000228881836,23.75,19.4735164642334,47854
2022-02-10,23.489999771118164,23.5,23.040000915527344,23.3799991607666,19.17013931274414,157354
2022-02-11,23.399999618530273,23.454299926757812,23.110000610351562,23.3799991607666,19.17013931274414,173472
2022-02-14,23.3799991607666,23.3799991607666,22.93000030517578,23.149999618530273,18.981552124023438,123230
2022-02-15,23.200000762939453,23.8700008392334,23.18000030517578,23.59000015258789,19.342329025268555,75803
2022-02-16,23.59000015258789,24.399999618530273,23.59000015258789,24.209999084472656,19.850685119628906,231423
2022-02-17,24.290000915527344,24.690000534057617,24.113100051879883,24.40999984741211,20.01467514038086,115222
2022-02-18,24.510000228881836,24.84000015258789,24.3700008392334,24.670000076293945,20.227859497070312,70091
2022-02-22,24.59000015258789,24.66819953918457,24.329999923706055,24.5,20.088470458984375,60603
2022-02-23,24.579999923706055,24.579999923706055,24.280000686645508,24.299999237060547,19.924482345581055,57261
2022-02-24,23.959999084472656,24.479999542236328,23.860000610351562,24.34000015258789,19.957279205322266,49877
2022-02-25,24.459999084472656,24.760000228881836,24.418500900268555,24.739999771118164,20.285253524780273,37720
2022-02-28,24.709999084472656,25.0,24.709999084472656,24.81999969482422,20.350847244262695,40101
2022-03-01,24.93000030517578,25.020000457763672,24.78660011291504,24.84000015258789,20.36724281311035,26219
2022-03-02,24.829999923706055,24.83370018005371,24.670799255371094,24.760000228881836,20.301652908325195,60631
2022-03-03,24.860000610351562,24.860000610351562,24.549999237060547,24.649999618530273,20.21146011352539,86948
2022-03-04,24.670000076293945,24.670000076293945,24.469999313354492,24.549999237060547,20.129465103149414,22066
2022-03-07,24.510000228881836,24.510000228881836,24.209999084472656,24.360000610351562,19.97368049621582,48074
2022-03-08,24.3700008392334,24.560100555419922,24.190000534057617,24.40999984741211,20.01467514038086,53954
2022-03-09,24.510000228881836,24.549999237060547,24.43000030517578,24.489999771118164,20.080270767211914,27566
2022-03-10,24.399999618530273,24.479999542236328,24.190000534057617,24.399999618530273,20.0064754486084,55786
2022-03-11,24.459999084472656,24.50040054321289,24.260000228881836,24.270000457763672,19.899885177612305,89177
2022-03-14,23.920000076293945,23.920000076293945,23.399999618530273,23.559999465942383,19.531494140625,74071
2022-03-15,23.68000030517578,23.700000762939453,23.48259925842285,23.6299991607666,19.589523315429688,9856
2022-03-16,23.709999084472656,23.860000610351562,23.600000381469727,23.770000457763672,19.705585479736328,41550
2022-03-17,23.889999389648438,24.119400024414062,23.889999389648438,24.010000228881836,19.90454864501953,26940
2022-03-18,24.100000381469727,24.33989906311035,23.992700576782227,24.229999542236328,20.08692741394043,12373
2022-03-21,24.25,24.329999923706055,23.770000457763672,23.93000030517578,19.838226318359375,67301
2022-03-22,23.84000015258789,23.999900817871094,23.65999984741211,23.8700008392334,19.788484573364258,23097
2022-03-23,23.8799991607666,23.950000762939453,23.770000457763672,23.850000381469727,19.77190399169922,19333
2022-03-24,23.850000381469727,23.96980094909668,23.790000915527344,23.884899139404297,19.800838470458984,8428
2022-03-25,23.860000610351562,24.036699295043945,23.62689971923828,23.739999771118164,19.680709838867188,28860
2022-03-28,23.799999237060547,23.929899215698242,23.719999313354492,23.81999969482422,19.747037887573242,14100
2022-03-29,23.8700008392334,24.1299991607666,23.780000686645508,24.059999465942383,19.945995330810547,37735
2022-03-30,24.26799964904785,24.27899932861328,24.059999465942383,24.209999084472656,20.070348739624023,18439
2022-03-31,24.2450008392334,24.3700008392334,24.15999984741211,24.309999465942383,20.153247833251953,54143
2022-04-01,24.229999542236328,24.280000686645508,24.0,24.200000762939453,20.06205940246582,13230
2022-04-04,24.149999618530273,24.299999237060547,24.110000610351562,24.1299991607666,20.0040283203125,12748
2022-04-05,24.06999969482422,24.137300491333008,23.76140022277832,23.90999984741211,19.821645736694336,38273
2022-04-06,23.770000457763672,23.809999465942383,23.563100814819336,23.639999389648438,19.59781265258789,59438
2022-04-07,23.473400115966797,23.857900619506836,23.473400115966797,23.649999618530273,19.60610008239746,8932
2022-04-08,23.549999237060547,23.762100219726562,23.460800170898438,23.530000686645508,19.506622314453125,10730
2022-04-11,23.420000076293945,23.420000076293945,23.10610008239746,23.149999618530273,19.19159698486328,24653
2022-04-12,23.270000457763672,23.299999237060547,22.639999389648438,22.899999618530273,18.984344482421875,143747
2022-04-13,22.989999771118164,23.040000915527344,22.824600219726562,22.850000381469727,18.942895889282227,15654
2022-04-14,22.969999313354492,22.99850082397461,22.709999084472656,22.74139976501465,18.85286521911621,10556
2022-04-18,22.75,22.850000381469727,22.525299072265625,22.525299072265625,18.6737117767334,8463
2022-04-19,22.510000228881836,22.520000457763672,22.31999969482422,22.440000534057617,18.602998733520508,20791
2022-04-20,22.510000228881836,22.700000762939453,22.493600845336914,22.6200008392334,18.75222396850586,7956
2022-04-21,22.78569984436035,22.797399520874023,22.309900283813477,22.309999465942383,18.495229721069336,15939
2022-04-22,22.43000030517578,22.440000534057617,22.06999969482422,22.06999969482422,18.296266555786133,24575
2022-04-25,22.06999969482422,22.280000686645508,22.06999969482422,22.211000442504883,18.41315460205078,6044
2022-04-26,22.209999084472656,22.209999084472656,22.100000381469727,22.100099563598633,18.321216583251953,19068
2022-04-27,22.229999542236328,22.229999542236328,21.603300094604492,21.84000015258789,18.105592727661133,21801
2022-04-28,21.739999771118164,22.059999465942383,21.499300003051758,22.040000915527344,18.27139663696289,16232
2022-04-29,22.010000228881836,22.079999923706055,21.735000610351562,21.969999313354492,18.213363647460938,30030
2022-05-02,22.030000686645508,22.030000686645508,21.31999969482422,21.4601993560791,17.790735244750977,23096
2022-05-03,21.6200008392334,21.6200008392334,21.209999084472656,21.350000381469727,17.699377059936523,12875
2022-05-04,21.450000762939453,22.200000762939453,21.25,21.969999313354492,18.213363647460938,21794
2022-05-05,21.969999313354492,22.149999618530273,21.33009910583496,21.75,18.03098487854004,10107
2022-05-06,21.6200008392334,21.75,21.299999237060547,21.299999237060547,17.657926559448242,12935
2022-05-09,21.149999618530273,21.200000762939453,21.0,21.045000076293945,17.446535110473633,13685
2022-05-10,21.450000762939453,21.459999084472656,21.170000076293945,21.170000076293945,17.550155639648438,15560
2022-05-11,21.280000686645508,21.349899291992188,20.940000534057617,21.149999618530273,17.53357696533203,20264
2022-05-12,21.149999618530273,21.2549991607666,21.020000457763672,21.190000534057617,17.56673812866211,44746
2022-05-13,21.280000686645508,21.360000610351562,21.1200008392334,21.360000610351562,17.707670211791992,10106
2022-05-16,21.33009910583496,21.479799270629883,21.110000610351562,21.31999969482422,17.67450714111328,43549
2022-05-17,21.5,21.530000686645508,21.1299991607666,21.149999618530273,17.53357696533203,28509
2022-05-18,21.200000762939453,21.200000762939453,20.899999618530273,21.15999984741211,17.5418643951416,23901
2022-05-19,21.270000457763672,21.270000457763672,20.780000686645508,20.850000381469727,17.28487205505371,13003
2022-05-20,21.059999465942383,21.079999923706055,20.799999237060547,21.06999969482422,17.467256546020508,23219
2022-05-23,20.899999618530273,21.09670066833496,20.770000457763672,21.0,17.409223556518555,16229
2022-05-24,21.010000228881836,21.31100082397461,21.0,21.149999618530273,17.53357696533203,11435
2022-05-25,21.299999237060547,21.989999771118164,21.239999771118164,21.989999771118164,18.22994613647461,44435
2022-05-26,22.059999465942383,23.469999313354492,22.059999465942383,22.850000381469727,18.942895889282227,164359
2022-05-27,23.149999618530273,23.68000030517578,23.1299991607666,23.290000915527344,19.307661056518555,43195
2022-05-31,23.229999542236328,23.268800735473633,22.760000228881836,22.899999618530273,18.984344482421875,57242
2022-06-01,23.06999969482422,23.06999969482422,22.579999923706055,22.610000610351562,18.743932723999023,8590
2022-06-02,22.690000534057617,22.899999618530273,22.459999084472656,22.75,18.859994888305664,13942
2022-06-03,22.649999618530273,22.69890022277832,22.450000762939453,22.6200008392334,18.75222396850586,6245
2022-06-06,22.8966007232666,22.8966007232666,22.499300003051758,22.530000686645508,18.677610397338867,5642
2022-06-07,22.540000915527344,22.83989906311035,22.489999771118164,22.735000610351562,18.84755516052246,14804
2022-06-08,22.81999969482422,22.899999618530273,22.549999237060547,22.579999923706055,18.71906089782715,8949
2022-06-09,22.600000381469727,22.790000915527344,22.299999237060547,22.299999237060547,18.486934661865234,12820
2022-06-10,22.139999389648438,22.139999389648438,21.600000381469727,21.75,18.03098487854004,45715
2022-06-13,21.450000762939453,21.450000762939453,21.012399673461914,21.209999084472656,17.583314895629883,16440
2022-06-14,21.0,21.073200225830078,20.80699920654297,20.920000076293945,17.562854766845703,44613
2022-06-15,21.149999618530273,21.608400344848633,20.889999389648438,21.600000381469727,18.133729934692383,12369
2022-06-16,21.219999313354492,21.40999984741211,21.09000015258789,21.290000915527344,17.87347984313965,7696
2022-06-17,21.389999389648438,21.389999389648438,21.09000015258789,21.09000015258789,17.70557403564453,40753
2022-06-21,21.25,21.459999084472656,21.21500015258789,21.280000686645508,17.865081787109375,32927
2022-06-22,21.25,21.578100204467773,21.20800018310547,21.475000381469727,18.028791427612305,8046
2022-06-23,21.489999771118164,21.690000534057617,21.424699783325195,21.549999237060547,18.091753005981445,6894
2022-06-24,21.586000442504883,21.920000076293945,21.570100784301758,21.920000076293945,18.40237808227539,11914
2022-06-27,21.987600326538086,22.0,21.80190086364746,21.959999084472656,18.43596076965332,8120
2022-06-28,22.040000915527344,22.040000915527344,21.751800537109375,21.950000762939453,18.427568435668945,40256
2022-06-29,22.084199905395508,22.084199905395508,21.847900390625,22.010000228881836,18.477935791015625,21163
2022-06-30,22.040000915527344,22.05970001220703,21.805200576782227,21.93000030517578,18.41077423095703,17985
2022-07-01,22.010000228881836,22.229999542236328,21.979999542236328,22.229999542236328,18.66263198852539,3361
2022-07-05,22.049999237060547,22.239999771118164,22.010000228881836,22.200000762939453,18.6374454498291,5578
2022-07-06,22.3700008392334,22.381799697875977,22.200000762939453,22.373600006103516,18.783185958862305,7752
2022-07-07,22.440000534057617,22.469999313354492,22.200000762939453,22.200000762939453,18.6374454498291,5970
2022-07-08,22.24329948425293,22.389999389648438,22.24329948425293,22.389999389648438,18.796951293945312,7830
2022-07-11,22.510000228881836,22.799999237060547,22.45490074157715,22.799999237060547,19.14116096496582,2961
2022-07-12,22.799999237060547,22.950000762939453,22.6299991607666,22.80500030517578,19.145357131958008,7780
2022-07-13,22.610000610351562,22.829999923706055,22.350000381469727,22.799999237060547,19.14116096496582,23530
2022-07-14,22.709999084472656,22.799999237060547,22.635700225830078,22.7012996673584,19.058300018310547,3825
2022-07-15,22.899999618530273,22.950000762939453,22.6466007232666,22.8799991607666,19.20831871032715,7774
2022-07-18,22.959999084472656,23.09000015258789,22.830299377441406,22.970600128173828,19.28438377380371,5363
2022-07-19,23.100000381469727,23.200000762939453,22.843000411987305,23.1299991607666,19.418203353881836,12891
2022-07-20,23.18000030517578,23.270000457763672,23.045000076293945,23.260000228881836,19.527341842651367,4199
2022-07-21,23.280000686645508,23.469999313354492,23.1299991607666,23.42099952697754,19.662506103515625,4799
2022-07-22,23.6200008392334,23.649999618530273,23.432100296020508,23.624399185180664,19.833263397216797,8571
2022-07-25,23.68000030517578,23.68000030517578,23.389999389648438,23.56999969482422,19.7875919342041,11779
2022-07-26,23.530000686645508,23.719999313354492,23.479999542236328,23.610000610351562,19.821176528930664,8630
2022-07-27,23.790000915527344,23.790000915527344,23.610000610351562,23.639999389648438,19.846359252929688,2866
2022-07-28,23.739999771118164,23.809099197387695,23.53969955444336,23.639999389648438,19.846359252929688,6794
2022-07-29,23.809999465942383,24.1200008392334,23.520000457763672,24.059999465942383,20.19896125793457,29814
2022-08-01,23.959999084472656,24.190000534057617,23.90999984741211,24.190000534057617,20.3080997467041,7633
2022-08-02,24.170000076293945,24.610000610351562,24.010000228881836,24.5,20.5683536529541,46977
2022-08-03,24.549999237060547,24.65999984741211,24.43000030517578,24.639999389648438,20.68588638305664,56588
2022-08-04,24.56999969482422,24.56999969482422,24.34000015258789,24.440000534057617,20.517980575561523,27551
2022-08-05,24.290000915527344,24.290000915527344,24.11050033569336,24.25,20.358470916748047,7928
2022-08-08,24.329999923706055,24.440000534057617,24.010000228881836,24.010000228881836,20.156986236572266,24383
2022-08-09,24.1200008392334,24.1200008392334,23.56999969482422,23.600000381469727,19.812780380249023,43963
2022-08-10,23.780000686645508,23.8710994720459,23.611000061035156,23.719999313354492,19.913522720336914,6843
2022-08-11,23.799999237060547,23.799999237060547,23.40999984741211,23.40999984741211,19.653268814086914,21966
2022-08-12,23.530000686645508,23.643600463867188,23.389999389648438,23.389999389648438,19.6364803314209,5967
2022-08-15,23.450000762939453,23.673099517822266,23.36039924621582,23.420000076293945,19.661663055419922,18629
2022-08-16,23.360000610351562,23.43000030517578,23.140100479125977,23.389999389648438,19.6364803314209,14625
2022-08-17,23.270000457763672,23.29439926147461,22.90999984741211,23.06999969482422,19.367834091186523,13986
2022-08-18,23.06999969482422,23.100000381469727,22.8799991607666,22.969999313354492,19.283878326416016,2552
2022-08-19,22.850000381469727,22.8700008392334,22.600000381469727,22.6200008392334,18.99004554748535,13785
2022-08-22,22.5,22.5,22.25,22.31999969482422,18.738189697265625,13250
2022-08-23,22.360000610351562,22.360000610351562,21.260000228881836,21.889999389648438,18.377193450927734,34348
2022-08-24,21.885000228881836,22.139999389648438,21.726600646972656,22.139999389648438,18.58707618713379,12159
2022-08-25,22.229999542236328,22.469999313354492,22.11709976196289,22.469999313354492,18.86411476135254,6507
2022-08-26,22.479999542236328,22.479999542236328,21.989999771118164,22.290000915527344,18.71300506591797,9569
2022-08-29,22.139999389648438,22.18000030517578,21.950000762939453,22.18000030517578,18.620655059814453,14435
2022-08-30,22.18000030517578,22.18000030517578,21.940000534057617,22.09000015258789,18.54509925842285,7091
2022-08-31,21.989999771118164,21.989999771118164,21.729999542236328,21.8799991607666,18.36879539489746,14194
2022-09-01,21.8700008392334,21.8700008392334,21.3700008392334,21.739999771118164,18.251264572143555,20854
2022-09-02,21.785999298095703,21.8700008392334,21.649999618530273,21.8700008392334,18.36039924621582,13157
2022-09-06,21.700000762939453,21.799999237060547,21.510000228881836,21.68000030517578,18.20089340209961,11706
2022-09-07,21.729999542236328,21.889999389648438,21.618099212646484,21.889999389648438,18.377193450927734,9752
2022-09-08,21.860000610351562,22.074399948120117,21.850000381469727,21.860000610351562,18.35201072692871,43238
2022-09-09,22.0,22.209999084472656,21.91200065612793,22.200000762939453,18.6374454498291,4861
2022-09-12,22.270000457763672,22.42729949951172,22.219999313354492,22.3700008392334,18.78016471862793,62856
2022-09-13,22.100000381469727,22.15999984741211,21.899999618530273,22.139999389648438,18.58707618713379,34866
2022-09-14,21.950000762939453,21.979999542236328,21.826200485229492,21.950000762939453,18.651338577270508,6347
2022-09-15,21.950000762939453,21.969999313354492,21.639999389648438,21.84000015258789,18.557863235473633,24452
2022-09-16,21.709999084472656,21.799999237060547,21.510000228881836,21.799999237060547,18.523874282836914,10353
2022-09-19,21.665000915527344,21.780000686645508,21.56999969482422,21.780000686645508,18.506879806518555,12728
2022-09-20,21.6200008392334,21.709999084472656,21.517900466918945,21.709999084472656,18.447399139404297,8360
2022-09-21,21.719999313354492,22.0,21.573200225830078,21.829999923706055,18.549367904663086,11521
2022-09-22,21.700000762939453,21.700000762939453,21.275299072265625,21.59000015258789,18.34543228149414,12215
2022-09-23,21.530000686645508,21.530000686645508,21.143999099731445,21.469999313354492,18.243467330932617,24492
2022-09-26,21.399999618530273,21.420000076293945,21.190000534057617,21.3700008392334,18.158496856689453,13123
2022-09-27,21.399999618530273,21.420000076293945,21.170000076293945,21.399999618530273,18.18398666381836,16392
2022-09-28,21.540000915527344,21.760000228881836,21.265499114990234,21.760000228881836,18.489891052246094,11134
2022-09-29,21.75,21.799999237060547,21.309999465942383,21.729999542236328,18.464393615722656,25148
2022-09-30,21.649999618530273,21.979999542236328,21.510000228881836,21.920000076293945,18.62584114074707,82432
2022-10-03,21.90999984741211,22.290000915527344,21.90999984741211,22.170000076293945,18.838272094726562,9937
2022-10-04,22.280000686645508,22.450000762939453,22.15999984741211,22.309999465942383,18.95723533630371,8877
2022-10-05,22.299999237060547,22.309999465942383,22.040000915527344,22.309999465942383,18.95723533630371,17124
2022-10-06,22.280000686645508,22.309999465942383,21.98509979248047,22.0,18.69382095336914,21724
2022-10-07,21.950000762939453,21.950000762939453,21.719999313354492,21.770000457763672,18.49838638305664,6192
2022-10-10,21.89349937438965,21.89349937438965,21.5,21.540000915527344,18.302949905395508,29074
2022-10-11,21.670000076293945,21.670000076293945,21.260000228881836,21.350000381469727,18.141502380371094,29717
2022-10-12,21.280000686645508,21.316200256347656,21.110000610351562,21.139999389648438,17.96306037902832,5157
2022-10-13,20.979999542236328,21.101600646972656,20.889999389648438,20.950000762939453,17.80161476135254,13578
2022-10-14,20.950000762939453,21.09000015258789,20.780000686645508,20.950000762939453,17.80161476135254,20945
2022-10-17,21.049999237060547,21.270000457763672,20.760799407958984,20.828500747680664,17.698375701904297,14942
2022-10-18,20.799999237060547,20.90999984741211,20.799999237060547,20.850000381469727,17.71664047241211,5317
2022-10-19,20.899999618530273,20.899999618530273,20.25,20.420000076293945,17.35126495361328,176260
2022-10-20,20.489999771118164,20.489999771118164,19.8799991607666,19.989999771118164,16.985883712768555,20939
2022-10-21,19.989999771118164,19.989999771118164,19.510000228881836,19.68000030517578,16.722471237182617,14092
2022-10-24,19.75,19.940000534057617,19.6299991607666,19.739999771118164,16.773454666137695,9961
2022-10-25,19.781299591064453,20.05590057373047,19.781299591064453,20.020000457763672,17.011377334594727,9535
2022-10-26,19.940000534057617,20.299999237060547,19.90999984741211,20.110000610351562,17.08785057067871,11460
2022-10-27,20.020000457763672,20.209999084472656,20.020000457763672,20.200000762939453,17.164325714111328,9608
2022-10-28,20.149999618530273,20.270000457763672,20.100000381469727,20.25,17.20681381225586,8164
2022-10-31,20.120399475097656,20.33009910583496,19.979999542236328,20.0,16.994380950927734,34119
2022-11-01,20.09000015258789,20.200000762939453,19.68000030517578,20.059999465942383,17.045366287231445,16988
2022-11-02,20.1200008392334,20.1200008392334,19.799999237060547,19.799999237060547,16.82443618774414,17291
2022-11-03,19.799999237060547,19.90049934387207,19.559999465942383,19.690000534057617,16.730968475341797,9046
2022-11-04,19.69499969482422,19.747600555419922,19.520000457763672,19.649999618530273,16.69698143005371,12344
2022-11-07,19.56999969482422,19.824600219726562,19.489999771118164,19.780000686645508,16.807445526123047,13957
2022-11-08,19.8799991607666,20.09000015258789,19.66309928894043,20.09000015258789,17.07085418701172,12121
2022-11-09,20.100000381469727,20.100000381469727,19.719999313354492,19.989999771118164,16.985883712768555,17237
2022-11-10,20.510000228881836,20.950000762939453,20.510000228881836,20.860000610351562,17.725139617919922,12480
2022-11-11,20.950000762939453,21.139999389648438,20.84000015258789,21.09000015258789,17.920576095581055,26787
2022-11-14,20.917699813842773,21.059900283813477,20.579999923706055,20.8700008392334,17.733638763427734,27974
2022-11-15,21.020000457763672,21.219999313354492,21.0,21.200000762939453,18.01404571533203,8627
2022-11-16,21.309999465942383,21.360000610351562,21.137500762939453,21.31999969482422,18.116008758544922,13611
2022-11-17,21.209999084472656,21.209999084472656,20.979999542236328,21.149999618530273,17.971559524536133,9398
2022-11-18,21.110000610351562,21.243600845336914,21.110000610351562,21.18000030517578,17.997051239013672,5710
2022-11-21,21.290000915527344,21.295900344848633,21.010099411010742,21.190000534057617,18.00554847717285,13333
2022-11-22,21.219999313354492,21.219999313354492,21.020299911499023,21.18000030517578,17.997051239013672,6976
2022-11-23,21.25,21.350000381469727,21.049999237060547,21.350000381469727,18.141502380371094,4955
2022-11-25,21.09000015258789,21.3882999420166,21.010000228881836,21.3700008392334,18.158496856689453,4563
2022-11-28,21.290000915527344,21.437000274658203,21.120100021362305,21.31999969482422,18.116008758544922,12111
2022-11-29,21.270000457763672,21.270000457763672,20.959999084472656,21.110000610351562,17.937570571899414,18126
2022-11-30,21.200000762939453,21.479999542236328,20.950000762939453,21.399999618530273,18.18398666381836,41939
2022-12-01,21.450000762939453,21.75,21.260000228881836,21.75,18.48138999938965,11884
2022-12-02,21.6200008392334,21.632299423217773,21.450599670410156,21.5,18.268959045410156,38779
2022-12-05,21.510000228881836,21.630800247192383,21.100000381469727,21.3700008392334,18.158496856689453,17075
2022-12-06,21.399999618530273,21.40999984741211,20.943599700927734,21.290000915527344,18.09052085876465,19750
2022-12-07,21.40999984741211,21.40999984741211,21.144399642944336,21.34000015258789,18.133005142211914,7324
2022-12-08,21.469999313354492,21.499900817871094,21.22439956665039,21.360000610351562,18.150001525878906,12924
2022-12-09,21.360000610351562,21.360000610351562,21.049999237060547,21.190000534057617,18.00554847717285,13681
2022-12-12,21.239999771118164,21.288799285888672,20.950000762939453,21.139999389648438,17.96306037902832,23305
2022-12-13,21.559999465942383,21.584999084472656,21.280000686645508,21.399999618530273,18.18398666381836,10306
2022-12-14,21.5,21.5,21.170700073242188,21.3799991607666,18.166994094848633,16268
2022-12-15,21.350000381469727,21.379899978637695,21.149999618530273,21.309999465942383,18.107513427734375,30360
2022-12-16,21.200000762939453,21.420000076293945,20.979999542236328,21.40999984741211,18.19248390197754,24161
2022-12-19,21.139999389648438,21.170000076293945,20.639999389648438,21.149999618530273,18.197322845458984,25027
2022-12-20,20.979999542236328,21.06999969482422,20.760000228881836,20.950000762939453,18.025249481201172,16233
2022-12-21,20.90999984741211,21.05660057067871,20.790000915527344,20.90999984741211,17.990829467773438,18381
2022-12-22,20.790000915527344,20.850000381469727,20.524999618530273,20.809999465942383,17.9047908782959,20308
2022-12-23,20.809999465942383,20.868099212646484,20.549999237060547,20.809999465942383,17.9047908782959,16962
2022-12-27,20.5,20.700000762939453,20.219999313354492,20.3799991607666,17.53482437133789,24140
2022-12-28,20.3799991607666,20.468700408935547,20.170000076293945,20.200000762939453,17.37995147705078,12577
2022-12-29,20.190000534057617,20.319700241088867,20.04010009765625,20.18000030517578,17.362743377685547,18590
2022-12-30,20.270000457763672,20.270000457763672,19.829999923706055,20.15999984741211,17.345535278320312,36436
2023-01-03,20.25,20.450000762939453,20.170000076293945,20.290000915527344,17.457387924194336,17472
2023-01-04,20.48870086669922,20.559999465942383,20.299999237060547,20.489999771118164,17.629465103149414,32142
2023-01-05,20.3799991607666,20.579999923706055,20.187299728393555,20.579999923706055,17.706899642944336,9713
2023-01-06,20.809999465942383,21.06999969482422,20.799999237060547,20.899999618530273,17.98222541809082,7226
2023-01-09,21.100000381469727,21.172000885009766,20.702499389648438,20.950000762939453,18.025249481201172,11606
2023-01-10,20.950000762939453,21.170000076293945,20.81999969482422,21.059999465942383,18.119890213012695,13456
2023-01-11,21.190000534057617,21.25,21.149999618530273,21.219999313354492,18.257553100585938,4882
2023-01-12,21.260000228881836,21.299999237060547,20.979999542236328,21.200000762939453,18.240346908569336,48425
2023-01-13,21.190000534057617,21.207500457763672,21.020000457763672,21.139999389648438,18.188718795776367,38962
2023-01-17,21.030000686645508,21.280000686645508,21.030000686645508,21.1200008392334,18.1715145111084,44823
2023-01-18,21.309999465942383,21.3799991607666,21.010000228881836,21.209999084472656,18.248947143554688,61952
2023-01-19,21.170000076293945,21.25,20.969999313354492,21.190000534057617,18.23174285888672,46944
2023-01-20,21.200000762939453,21.229999542236328,21.059999465942383,21.229999542236328,18.266155242919922,44051
2023-01-23,21.200000762939453,21.34000015258789,21.079999923706055,21.200000762939453,18.240346908569336,53175
2023-01-24,21.399999618530273,21.399999618530273,21.139999389648438,21.260000228881836,18.291967391967773,47801
2023-01-25,21.190000534057617,21.450000762939453,21.190000534057617,21.3700008392334,18.386613845825195,19808
2023-01-26,21.389999389648438,21.65999984741211,21.3700008392334,21.610000610351562,18.59310531616211,13600
2023-01-27,21.610000610351562,21.709999084472656,21.5,21.59000015258789,18.575895309448242,78017
2023-01-30,21.540000915527344,21.549999237060547,21.42259979248047,21.549999237060547,18.54148292541504,36828
2023-01-31,21.600000381469727,21.600000381469727,21.40999984741211,21.469999313354492,18.47264862060547,27178
2023-02-01,21.579999923706055,21.690000534057617,21.3799991607666,21.5,18.49846076965332,26281
2023-02-02,21.559999465942383,21.843900680541992,21.559999465942383,21.739999771118164,18.704957962036133,13042
2023-02-03,21.610000610351562,21.687999725341797,21.3799991607666,21.600000381469727,18.584503173828125,22039
2023-02-06,21.459999084472656,21.459999084472656,21.190000534057617,21.3799991607666,18.395214080810547,7012
2023-02-07,21.43000030517578,21.43000030517578,21.162200927734375,21.290000915527344,18.317781448364258,10215
2023-02-08,21.280000686645508,21.450000762939453,21.229999542236328,21.450000762939453,18.4554443359375,12572
2023-02-09,21.600000381469727,21.600000381469727,21.3799991607666,21.3799991607666,18.395214080810547,6144
2023-02-10,21.469999313354492,21.469999313354492,21.219999313354492,21.25,18.28336524963379,5288
2023-02-13,21.360000610351562,21.399999618530273,21.29759979248047,21.350000381469727,18.369401931762695,12776
2023-02-14,21.360000610351562,21.450000762939453,21.27549934387207,21.450000762939453,18.4554443359375,19489
2023-02-15,21.459999084472656,21.459999084472656,21.299999237060547,21.299999237060547,18.326383590698242,12139
2023-02-16,21.25,21.25,21.020000457763672,21.06999969482422,18.12849235534668,48453
2023-02-17,21.09000015258789,21.09000015258789,20.888900756835938,21.049999237060547,18.111284255981445,5924
2023-02-21,20.979999542236328,20.979999542236328,20.579999923706055,20.649999618530273,17.76712989807129,25531
2023-02-22,20.770000457763672,20.969999313354492,20.645000457763672,20.950000762939453,18.025249481201172,15714
2023-02-23,21.020000457763672,21.200000762939453,20.882400512695312,21.200000762939453,18.240346908569336,18301
2023-02-24,21.06999969482422,21.09000015258789,20.940000534057617,21.09000015258789,18.145700454711914,13199
2023-02-27,21.190000534057617,21.251100540161133,21.117399215698242,21.200000762939453,18.240346908569336,12232
2023-02-28,21.25,21.420000076293945,20.81999969482422,21.200000762939453,18.240346908569336,36475
2023-03-01,21.18000030517578,21.18000030517578,20.93320083618164,21.079999923706055,18.13709831237793,4539
2023-03-02,20.899999618530273,20.989999771118164,20.844999313354492,20.940000534057617,18.01664161682129,9876
2023-03-03,21.059999465942383,21.15999984741211,21.0,21.15999984741211,18.205928802490234,15092
2023-03-06,21.219999313354492,21.219999313354492,21.027099609375,21.200000762939453,18.240346908569336,16885
2023-03-07,21.209999084472656,21.219999313354492,21.010000228881836,21.098600387573242,18.153100967407227,6839
2023-03-08,21.149999618530273,21.219999313354492,21.059999465942383,21.100000381469727,18.154306411743164,9273
2023-03-09,21.149999618530273,21.149999618530273,20.6299991607666,20.729999542236328,17.835956573486328,23186
2023-03-10,20.489999771118164,20.489999771118164,15.399999618530273,15.800000190734863,13.594220161437988,682306
2023-03-13,8.989999771118164,10.319999694824219,7.0,8.010000228881836,6.891753196716309,5463918
2023-03-14,12.3100004196167,13.979999542236328,10.989999771118164,11.5,10.23390007019043,2339686
2023-03-15,11.5,12.259699821472168,10.630000114440918,11.569999694824219,10.29619312286377,603744
2023-03-16,11.5,15.0,11.100000381469727,13.109999656677246,11.666646957397461,952935
2023-03-17,12.960000038146973,13.0,11.050100326538086,11.300000190734863,10.055919647216797,709224
2023-03-20,12.600000381469727,13.429900169372559,12.300000190734863,13.0600004196167,11.622152328491211,598487
2023-03-21,13.760000228881836,14.239999771118164,13.229999542236328,14.039999961853027,12.494256973266602,335514
2023-03-22,14.0,14.3100004196167,12.899999618530273,12.960000038146973,11.533160209655762,243027
2023-03-23,13.199999809265137,13.75,11.899999618530273,12.1899995803833,10.84793472290039,406574
2023-03-24,12.239999771118164,12.239999771118164,11.5600004196167,12.039999961853027,10.714447975158691,324614
2023-03-27,12.770000457763672,13.359999656677246,12.520000457763672,12.800000190734863,11.390776634216309,267471
2023-03-28,13.100000381469727,13.100000381469727,12.350000381469727,12.399999618530273,11.034812927246094,173174
2023-03-29,12.6899995803833,13.300000190734863,12.680000305175781,13.09000015258789,11.648848533630371,392885
2023-03-30,13.25,13.670000076293945,13.085000038146973,13.399999618530273,11.924717903137207,530704
2023-03-31,13.489999771118164,13.75,13.265000343322754,13.600000381469727,12.102699279785156,388439
2023-04-03,13.75,13.75,13.029999732971191,13.5600004196167,12.06710433959961,132651
2023-04-04,13.5,14.178199768066406,13.41100025177002,13.899999618530273,12.369671821594238,210224
2023-04-05,13.289999961853027,13.739899635314941,12.069999694824219,13.479999542236328,11.995909690856934,618218
2023-04-06,13.630000114440918,13.889900207519531,13.5,13.550000190734863,12.058204650878906,192871
2023-04-10,13.470000267028809,13.789999961853027,13.119999885559082,13.789999961853027,12.271781921386719,295208
2023-04-11,13.880000114440918,15.005000114440918,13.744999885559082,14.880000114440918,13.241776466369629,275920
2023-04-12,14.949999809265137,15.199999809265137,14.329999923706055,14.819999694824219,13.188382148742676,410234
2023-04-13,14.84000015258789,14.90999984741211,14.520000457763672,14.739999771118164,13.11719036102295,117932
2023-04-14,14.760000228881836,14.800200462341309,14.25,14.539999961853027,12.939209938049316,55469
2023-04-17,14.399999618530273,14.475000381469727,14.244500160217285,14.399999618530273,12.814621925354004,80729
2023-04-18,14.390000343322754,14.819999694824219,14.25,14.59000015258789,12.983704566955566,258219
2023-04-19,17.149999618530273,17.200000762939453,15.618000030517578,15.949999809265137,14.193975448608398,604084
2023-04-20,16.0,16.280000686645508,15.619999885559082,16.030000686645508,14.265167236328125,111138
2023-04-21,16.020000457763672,16.199899673461914,15.869999885559082,16.030000686645508,14.265167236328125,136924
2023-04-24,16.1299991607666,16.1299991607666,15.850000381469727,16.0,14.238470077514648,60748
2023-04-25,15.850000381469727,15.850000381469727,14.84000015258789,15.329999923706055,13.642233848571777,114474
2023-04-26,15.619999885559082,15.739999771118164,15.149999618530273,15.449999809265137,13.749022483825684,60928
2023-04-27,15.600000381469727,15.90999984741211,15.392200469970703,15.850000381469727,14.104984283447266,37607
2023-04-28,15.949999809265137,16.030000686645508,15.25,15.800000190734863,14.0604887008667,95563
2023-05-01,15.6899995803833,16.020000457763672,15.130000114440918,15.25,13.57104206085205,102337
2023-05-02,15.270000457763672,15.270000457763672,11.0,13.550000190734863,12.058204650878906,1026759
2023-05-03,13.350000381469727,14.100000381469727,12.765000343322754,12.90999984741211,11.488665580749512,203334
2023-05-04,11.369999885559082,11.520000457763672,6.320000171661377,9.859999656677246,8.774456977844238,1189102
2023-05-05,12.0,13.199999809265137,11.622900009155273,12.039999961853027,10.714447975158691,564683
2023-05-08,13.029999732971191,13.055000305175781,11.5,12.270000457763672,10.919126510620117,241272
2023-05-09,11.75,12.5,11.279999732971191,12.149999618530273,10.812337875366211,341038
2023-05-10,12.899999618530273,12.899999618530273,11.770000457763672,11.960000038146973,10.643257141113281,71660
2023-05-11,11.789999961853027,12.600000381469727,11.25,11.4399995803833,10.18050479888916,445775
2023-05-12,11.550000190734863,11.689900398254395,10.640000343322754,10.670000076293945,9.720992088317871,868706
2023-05-15,10.670000076293945,12.319999694824219,10.670000076293945,12.239999771118164,11.151352882385254,199180
2023-05-16,12.449999809265137,13.0,12.300100326538086,12.399999618530273,11.29712200164795,178248
2023-05-17,13.479999542236328,14.369999885559082,13.350000381469727,14.050000190734863,12.800368309020996,240045
2023-05-18,13.960000038146973,14.5,13.75,13.949999809265137,12.70926284790039,76443
2023-05-19,14.0,15.140000343322754,13.199999809265137,14.779999732971191,13.465441703796387,233673
2023-05-22,14.84000015258789,15.0,14.539999961853027,14.760000228881836,13.447218894958496,365074
2023-05-23,14.829999923706055,14.899999618530273,14.09000015258789,14.170000076293945,12.909695625305176,141551
2023-05-24,13.9399995803833,14.260000228881836,13.59000015258789,14.180000305175781,12.918807029724121,32654
2023-05-25,14.220000267028809,14.220000267028809,13.619999885559082,13.619999885559082,12.408613204956055,31519
2023-05-26,13.979999542236328,13.98009967803955,13.300000190734863,13.518600463867188,12.316231727600098,88078
2023-05-30,13.510000228881836,13.670000076293945,13.199999809265137,13.449999809265137,12.253731727600098,58567
2023-05-31,13.470000267028809,13.59000015258789,13.039999961853027,13.1899995803833,12.01685619354248,134471
2023-06-01,13.199999809265137,13.689900398254395,13.199999809265137,13.529999732971191,12.326618194580078,43716
2023-06-02,13.739999771118164,14.470000267028809,13.649999618530273,14.470000267028809,13.183012008666992,106109
2023-06-05,14.550000190734863,14.5,13.979999542236328,14.0,12.754815101623535,35198
2023-06-06,14.199999809265137,14.460000038146973,14.130000114440918,14.399999618530273,13.11923885345459,80084
2023-06-07,14.420000076293945,14.800000190734863,14.329999923706055,14.5,13.210344314575195,188845
2023-06-08,14.619999885559082,14.619999885559082,14.25,14.369999885559082,13.091906547546387,67799
2023-06-09,14.350000381469727,14.350000381469727,14.050000190734863,14.050000190734863,12.800368309020996,72221
2023-06-12,14.25,14.399900436401367,13.800000190734863,14.100000381469727,12.84592056274414,36817
2023-06-13,13.869999885559082,14.489999771118164,13.850000381469727,14.359999656677246,13.082795143127441,42184
2023-06-14,14.3100004196167,14.359999656677246,13.890000343322754,13.949999809265137,12.948782920837402,45719
2023-06-15,13.949999809265137,14.1899995803833,13.949999809265137,14.050000190734863,13.041606903076172,86508
2023-06-16,14.180000305175781,14.180000305175781,13.960000038146973,14.029999732971191,13.023041725158691,55508
2023-06-20,14.0600004196167,14.0600004196167,13.920000076293945,14.0,12.995194435119629,74310
2023-06-21,14.029999732971191,14.029999732971191,13.84000015258789,13.899999618530273,12.902372360229492,23671
2023-06-22,13.869999885559082,14.0,13.649999618530273,13.760000228881836,12.772419929504395,82805
2023-06-23,13.680000305175781,13.949999809265137,13.5600004196167,13.5600004196167,12.586774826049805,21016
2023-06-26,13.6899995803833,14.100000381469727,13.6899995803833,13.800000190734863,12.809550285339355,42756
2023-06-27,14.020000457763672,14.130000114440918,13.95009994506836,14.0,12.995194435119629,33697
2023-06-28,13.899999618530273,14.199999809265137,13.899999618530273,14.100000381469727,13.088017463684082,37920
2023-06-29,14.11240005493164,14.130000114440918,13.800000190734863,13.829999923706055,12.837395668029785,26753
2023-06-30,14.180000305175781,14.5,13.920000076293945,14.300000190734863,13.273662567138672,214810
2023-07-03,14.199999809265137,14.75,13.998800277709961,14.680000305175781,13.626391410827637,10267
2023-07-05,14.399999618530273,14.600000381469727,14.300000190734863,14.59000015258789,13.54284954071045,22589
2023-07-06,14.5,14.5,14.100000381469727,14.25,13.227252006530762,25866
2023-07-07,14.5600004196167,14.600000381469727,14.374699592590332,14.529999732971191,13.487154006958008,19443
2023-07-10,14.670000076293945,14.699999809265137,14.369999885559082,14.569999694824219,13.524283409118652,30384
2023-07-11,14.395400047302246,14.680000305175781,14.395400047302246,14.680000305175781,13.626391410827637,27913
2023-07-12,14.800000190734863,15.09000015258789,14.529999732971191,14.59000015258789,13.54284954071045,85327
2023-07-13,14.600000381469727,14.739999771118164,14.550000190734863,14.550000190734863,13.505721092224121,26834
2023-07-14,15.0,15.0,14.329999923706055,14.470000267028809,13.431461334228516,7459
2023-07-17,14.239999771118164,14.399999618530273,13.8100004196167,14.15999984741211,13.14371109008789,79941
2023-07-18,14.069999694824219,14.75,14.069999694824219,14.569999694824219,13.524283409118652,35176
2023-07-19,14.5,15.350000381469727,14.449999809265137,15.199999809265137,14.109068870544434,80697
2023-07-20,15.199999809265137,15.739999771118164,15.050000190734863,15.380000114440918,14.276150703430176,92078
2023-07-21,15.218000411987305,15.880000114440918,15.218000411987305,15.8100004196167,14.675288200378418,81758
2023-07-24,16.280000686645508,16.920000076293945,15.75,16.149999618530273,14.990885734558105,75823
2023-07-25,16.489900588989258,16.489900588989258,15.520000457763672,15.6899995803833,14.563899993896484,38872
2023-07-26,16.31999969482422,16.989999771118164,16.200700759887695,16.549999237060547,15.362175941467285,70025
2023-07-27,16.799999237060547,17.0,15.660699844360352,16.600000381469727,15.408589363098145,41371
2023-07-28,16.25,16.600000381469727,16.139999389648438,16.349199295043945,15.175787925720215,8548
2023-07-31,16.299999237060547,16.399999618530273,15.789999961853027,16.0,14.851651191711426,38180
2023-08-01,15.930000305175781,16.1299991607666,15.575900077819824,16.1299991607666,14.972320556640625,62761
2023-08-02,15.970000267028809,16.010000228881836,15.480299949645996,15.829999923706055,14.693852424621582,15891
2023-08-03,15.649999618530273,15.817299842834473,15.550000190734863,15.699999809265137,14.573183059692383,18989
2023-08-04,15.539999961853027,15.800000190734863,15.520000457763672,15.699999809265137,14.573183059692383,36054
2023-08-07,15.970000267028809,15.970000267028809,15.600000381469727,15.749899864196777,14.619501113891602,22816
2023-08-08,15.600000381469727,15.75,15.25,15.569999694824219,14.452513694763184,29178
2023-08-09,15.774999618530273,15.774999618530273,15.369999885559082,15.430000305175781,14.322562217712402,60297
2023-08-10,15.545000076293945,15.545000076293945,15.260000228881836,15.270000457763672,14.174044609069824,30833
2023-08-11,15.260100364685059,15.45989990234375,15.260000228881836,15.270000457763672,14.174044609069824,29161
2023-08-14,15.260000228881836,15.319999694824219,15.199999809265137,15.229999542236328,14.13691520690918,13254
2023-08-15,15.210000038146973,15.300000190734863,14.880000114440918,14.970000267028809,13.895576477050781,41416
2023-08-16,14.819999694824219,14.991399765014648,14.460000038146973,14.699999809265137,13.644953727722168,43906
2023-08-17,14.837499618530273,14.837499618530273,14.699999809265137,14.699999809265137,13.644953727722168,15175
2023-08-18,14.3100004196167,14.699999809265137,14.3100004196167,14.649999618530273,13.598543167114258,10442
2023-08-21,14.699999809265137,14.899999618530273,14.600000381469727,14.8100004196167,13.747060775756836,10473
2023-08-22,14.899999618530273,14.957799911499023,14.75160026550293,14.880000114440918,13.812036514282227,55483
2023-08-23,14.760000228881836,14.899999618530273,14.760000228881836,14.899999618530273,13.830599784851074,30110
2023-08-24,15.0,15.256400108337402,14.810099601745605,15.170000076293945,14.081221580505371,30829
2023-08-25,14.960000038146973,15.119999885559082,14.84000015258789,14.84000015258789,13.774906158447266,16098
2023-08-28,15.1850004196167,15.1850004196167,14.800000190734863,15.15999984741211,14.071939468383789,29696
2023-08-29,15.119999885559082,15.180000305175781,15.008700370788574,15.130000114440918,14.044093132019043,208487
2023-08-30,15.229999542236328,15.229999542236328,15.020000457763672,15.119999885559082,14.034811019897461,56707
2023-08-31,15.119999885559082,15.869999885559082,15.100000381469727,15.739999771118164,14.610310554504395,240885
2023-09-01,15.25,16.260000228881836,15.25,16.139999389648438,14.98160171508789,35170
2023-09-05,15.890000343322754,16.450000762939453,15.890000343322754,16.0,14.851651191711426,24948
2023-09-06,16.350000381469727,16.420000076293945,15.770000457763672,16.299999237060547,15.130119323730469,47924
2023-09-07,16.270000457763672,16.334999084472656,16.149999618530273,16.149999618530273,14.990885734558105,19584
2023-09-08,16.350000381469727,16.3799991607666,16.200000762939453,16.360000610351562,15.185813903808594,17375
2023-09-11,16.399999618530273,16.479999542236328,16.349899291992188,16.389999389648438,15.21366024017334,19969
2023-09-12,16.399999618530273,16.400100708007812,16.229999542236328,16.309999465942383,15.13940143585205,70523
2023-09-13,16.399999618530273,16.40999984741211,16.15999984741211,16.25,15.083707809448242,18888
2023-09-14,16.270000457763672,16.364999771118164,16.06999969482422,16.06999969482422,15.164508819580078,23978
2023-09-15,16.100000381469727,16.239999771118164,16.100000381469727,16.1299991607666,15.2211275100708,18055
2023-09-18,16.280000686645508,16.3700008392334,16.200000762939453,16.290000915527344,15.372113227844238,11777
2023-09-19,16.15999984741211,16.43000030517578,16.15999984741211,16.360000610351562,15.438169479370117,23198
2023-09-20,16.309999465942383,16.59000015258789,16.309999465942383,16.399999618530273,15.475914001464844,56793
2023-09-21,16.299999237060547,16.450000762939453,16.149999618530273,16.200000762939453,15.28718376159668,55716
2023-09-22,16.200000762939453,16.209999084472656,15.899999618530273,16.0,15.098453521728516,13984
2023-09-25,15.949999809265137,16.200000762939453,15.949999809265137,16.0,15.098453521728516,14767
2023-09-26,16.0,16.149999618530273,15.949999809265137,16.0,15.098453521728516,24580
2023-09-27,16.020000457763672,16.18000030517578,15.949999809265137,16.020000457763672,15.117326736450195,25860
2023-09-28,16.0,16.200000762939453,15.9399995803833,16.200000762939453,15.28718376159668,15896
2023-09-29,16.299999237060547,16.829999923706055,16.200000762939453,16.3799991607666,15.457039833068848,141028
2023-10-02,16.399999618530273,16.510000228881836,15.960000038146973,16.139999389648438,15.230563163757324,32444
2023-10-03,16.200000762939453,16.200000762939453,15.300000190734863,15.460000038146973,14.58888053894043,57061
2023-10-04,15.380000114440918,15.935099601745605,15.380000114440918,15.720000267028809,14.834230422973633,47097
2023-10-05,15.710000038146973,15.9399995803833,15.710000038146973,15.710000038146973,14.824792861938477,26411
2023-10-06,15.5,15.6850004196167,15.359999656677246,15.359999656677246,14.494514465332031,12431
2023-10-09,15.359999656677246,15.65999984741211,15.359999656677246,15.649999618530273,14.768174171447754,19947
2023-10-10,15.649999618530273,15.880000114440918,15.649999618530273,15.760000228881836,14.871976852416992,27181
2023-10-11,15.75,15.850000381469727,15.699999809265137,15.699999809265137,14.815356254577637,36031
2023-10-12,15.699999809265137,15.75,15.449999809265137,15.460000038146973,14.58888053894043,34297
2023-10-13,15.470000267028809,15.550000190734863,15.449999809265137,15.5,14.626626014709473,9492
2023-10-16,15.449999809265137,15.698599815368652,15.375,15.550000190734863,14.673810005187988,13025
2023-10-17,15.710000038146973,15.710000038146973,15.369999885559082,15.449999809265137,14.579442977905273,5156
2023-10-18,15.6899995803833,15.729999542236328,15.25,15.25,14.39071273803711,23828
2023-10-19,15.260000228881836,15.359999656677246,15.25,15.25,14.39071273803711,11614
2023-10-20,15.260000228881836,15.380000114440918,15.149999618530273,15.350000381469727,14.485078811645508,37489
2023-10-23,15.25,15.350000381469727,15.100000381469727,15.100000381469727,14.249164581298828,24383
2023-10-24,15.279999732971191,15.384300231933594,15.1899995803833,15.359999656677246,14.494514465332031,17490
2023-10-25,15.140000343322754,15.460000038146973,15.050000190734863,15.329999923706055,14.466205596923828,27272
2023-10-26,15.149999618530273,15.298199653625488,14.729999542236328,15.0,14.154799461364746,31743
2023-10-27,15.1899995803833,15.1899995803833,15.0,15.1899995803833,14.33409309387207,21351
2023-10-30,15.149999618530273,15.180000305175781,15.0,15.140000343322754,14.286911010742188,26684
2023-10-31,14.979999542236328,15.859999656677246,14.979999542236328,15.680000305175781,14.796483993530273,83006
2023-11-01,15.119999885559082,15.960000038146973,15.119999885559082,15.800000190734863,14.909723281860352,20750
2023-11-02,16.0,16.200000762939453,16.0,16.09000015258789,15.183382034301758,21308
2023-11-03,16.100000381469727,16.25,15.710000038146973,16.049999237060547,15.145634651184082,41802
2023-11-06,15.96310043334961,15.970000267028809,15.75,15.870100021362305,14.975872993469238,8488
2023-11-07,15.829999923706055,16.0,15.829999923706055,15.949999809265137,15.05126953125,6084
2023-11-08,15.960000038146973,15.960000038146973,15.789999961853027,15.815400123596191,14.92425537109375,11080
2023-11-09,15.710000038146973,15.710000038146973,15.550000190734863,15.640000343322754,14.758737564086914,6940
2023-11-10,15.75,16.08989906311035,15.609999656677246,16.0,15.098453521728516,5876
2023-11-13,15.895400047302246,16.100000381469727,15.895400047302246,16.100000381469727,15.192818641662598,7195
2023-11-14,16.200000762939453,16.8799991607666,16.001800537109375,16.100000381469727,15.192818641662598,27430
2023-11-15,16.076200485229492,16.100000381469727,15.90999984741211,16.0,15.098453521728516,10747
2023-11-16,15.84000015258789,16.0,15.84000015258789,16.0,15.098453521728516,13032
2023-11-17,15.979999542236328,16.09269905090332,15.979999542236328,16.0,15.098453521728516,9869
2023-11-20,15.999899864196777,16.010000228881836,15.890000343322754,15.890000343322754,14.994651794433594,9685
2023-11-21,15.899900436401367,16.0,15.84000015258789,16.0,15.098453521728516,10976
2023-11-22,15.890000343322754,15.97700023651123,15.34000015258789,15.850000381469727,14.956905364990234,38059
2023-11-24,15.970000267028809,15.989999771118164,15.90999984741211,15.90999984741211,15.01352310180664,10736
2023-11-27,15.75,16.030000686645508,15.75,16.010000228881836,15.107889175415039,16255
2023-11-28,15.930000305175781,16.09000015258789,15.930000305175781,16.010299682617188,15.108172416687012,28331
2023-11-29,15.949999809265137,16.59000015258789,15.949999809265137,16.559999465942383,15.626897811889648,48789
2023-11-30,16.600000381469727,16.969999313354492,16.389999389648438,16.389999389648438,15.46647834777832,44117
2023-12-01,16.389999389648438,17.63990020751953,16.389999389648438,17.34000015258789,16.36294937133789,44357
2023-12-04,16.979999542236328,17.459400177001953,16.979999542236328,17.350000381469727,16.372385025024414,24261
2023-12-05,17.350000381469727,17.440000534057617,16.530000686645508,16.799999237060547,15.853376388549805,98700
2023-12-06,16.799999237060547,16.989999771118164,16.579999923706055,16.579999923706055,15.645771980285645,144035
2023-12-07,16.690000534057617,16.700000762939453,16.43000030517578,16.5049991607666,15.574996948242188,23776
2023-12-08,16.489999771118164,16.520000457763672,16.110000610351562,16.25,15.334366798400879,90376
2023-12-11,16.190000534057617,16.190000534057617,15.470000267028809,15.850000381469727,14.956905364990234,202133
2023-12-12,16.030000686645508,16.8799991607666,15.899999618530273,16.1299991607666,15.2211275100708,76914
2023-12-13,16.010000228881836,16.790000915527344,16.010000228881836,16.780000686645508,15.834503173828125,595209
2023-12-14,16.709999084472656,17.200000762939453,16.65019989013672,17.010000228881836,16.309722900390625,164804
2023-12-15,17.010000228881836,17.100000381469727,16.700000762939453,16.799999237060547,16.108369827270508,78374
2023-12-18,16.799999237060547,17.020000457763672,16.149999618530273,16.770000457763672,16.07960319519043,520786
2023-12-19,16.700000762939453,17.405000686645508,16.63949966430664,17.1299991607666,16.424781799316406,42868
2023-12-20,17.295000076293945,17.3799991607666,16.940000534057617,17.3799991607666,16.664491653442383,30701
2023-12-21,17.3799991607666,17.989999771118164,17.350000381469727,17.81999969482422,17.086376190185547,40282
2023-12-22,18.030000686645508,18.030000686645508,17.040000915527344,17.229999542236328,16.520666122436523,68507
2023-12-26,17.124799728393555,17.608699798583984,17.124799728393555,17.290000915527344,16.578197479248047,33617
2023-12-27,17.6658992767334,17.690000534057617,17.270099639892578,17.68000030517578,16.95214080810547,35388
2023-12-28,17.450000762939453,17.549999237060547,17.270099639892578,17.479999542236328,16.760374069213867,13127
2023-12-29,17.700000762939453,17.769899368286133,17.25,17.25,16.539844512939453,26140
2024-01-02,17.639999389648438,17.75,17.329999923706055,17.450000762939453,16.731611251831055,3371
2024-01-03,17.600000381469727,17.859899520874023,17.280000686645508,17.559999465942383,16.837080001831055,17068
2024-01-04,17.354999542236328,17.5,17.354999542236328,17.420000076293945,16.702844619750977,27828
2024-01-05,17.5,17.700000762939453,17.330900192260742,17.559999465942383,16.837080001831055,110733
2024-01-08,17.489999771118164,17.860000610351562,17.489999771118164,17.61829948425293,16.892980575561523,15204
2024-01-09,17.790000915527344,18.139999389648438,17.75,18.0,17.25896644592285,25897
2024-01-10,17.959999084472656,18.25,17.368099212646484,18.09000015258789,17.34526252746582,32890
2024-01-11,18.059600830078125,18.080400466918945,17.850000381469727,17.8700008392334,17.134319305419922,11317
2024-01-12,17.8700008392334,18.0,17.8700008392334,17.90999984741211,17.172670364379883,19636
2024-01-16,17.799999237060547,17.8799991607666,17.430599212646484,17.649999618530273,16.923376083374023,35421
2024-01-17,17.510000228881836,17.549999237060547,17.270000457763672,17.389999389648438,16.67407989501953,28426
2024-01-18,17.3799991607666,17.549999237060547,17.260000228881836,17.290000915527344,16.578197479248047,14084
2024-01-19,17.25,17.530000686645508,17.25,17.399999618530273,16.68366813659668,34569
2024-01-22,17.459999084472656,17.6200008392334,17.459999084472656,17.6200008392334,16.894611358642578,15705
2024-01-23,17.520000457763672,17.690000534057617,17.520000457763672,17.690000534057617,16.961729049682617,23725
2024-01-24,17.709999084472656,18.260000228881836,17.604999542236328,18.260000228881836,17.508264541625977,40403
2024-01-25,18.299999237060547,18.729999542236328,18.239999771118164,18.729999542236328,17.958913803100586,40886
2024-01-26,18.700000762939453,18.989999771118164,18.560100555419922,18.729999542236328,17.958913803100586,57563
2024-01-29,18.799999237060547,18.799999237060547,18.690000534057617,18.709999084472656,17.939735412597656,47309
2024-01-30,18.590999603271484,18.70989990234375,18.489999771118164,18.670000076293945,17.901384353637695,15978
2024-01-31,18.190000534057617,18.190000534057617,17.209999084472656,17.209999084472656,16.501487731933594,174553
2024-02-01,17.399999618530273,17.5,16.110000610351562,17.0,16.30013656616211,160897
2024-02-02,16.799999237060547,17.149999618530273,16.6200008392334,17.065000534057617,16.362457275390625,45868
2024-02-05,16.81999969482422,17.439899444580078,16.799999237060547,17.127899169921875,16.42276954650879,11681
2024-02-06,16.950000762939453,16.950000762939453,16.635000228881836,16.879899978637695,16.184980392456055,11545
2024-02-07,16.75,17.389999389648438,16.360599517822266,16.84000015258789,16.14672088623047,50523
2024-02-08,16.68000030517578,17.290000915527344,16.68000030517578,17.290000915527344,16.578197479248047,8892
2024-02-09,16.710100173950195,17.439899444580078,16.710100173950195,17.200000762939453,16.49190330505371,15615
2024-02-12,17.010000228881836,17.479999542236328,17.010000228881836,17.440000534057617,16.72201919555664,12419
2024-02-13,16.899999618530273,16.950000762939453,16.5,16.87969970703125,16.18478775024414,85430
2024-02-14,16.899999618530273,17.18000030517578,16.75,17.079999923706055,16.376842498779297,24400
2024-02-15,17.0,17.489999771118164,17.0,17.219999313354492,16.511077880859375,6797
2024-02-16,17.136499404907227,17.136499404907227,17.136499404907227,17.136499404907227,16.431015014648438,2209
2024-02-20,17.1200008392334,17.479999542236328,17.059999465942383,17.34000015258789,16.62613868713379,19056
2024-02-21,17.309999465942383,17.448999404907227,16.93000030517578,17.25,16.539844512939453,21106
2024-02-22,17.299999237060547,17.399999618530273,17.25,17.360000610351562,16.645315170288086,3412
2024-02-23,17.3700008392334,17.790000915527344,17.25,17.5,16.779550552368164,39152
2024-02-26,17.40999984741211,17.57990074157715,17.360000610351562,17.389999389648438,16.67407989501953,12493
2024-02-27,17.399999618530273,17.43000030517578,17.079999923706055,17.079999923706055,16.376842498779297,11305
2024-02-28,17.200000762939453,17.399900436401367,16.860000610351562,17.110000610351562,16.405607223510742,44143
2024-02-29,17.100000381469727,17.579999923706055,16.991899490356445,17.579999923706055,16.85625648498535,66055
2024-03-01,17.25,17.530000686645508,17.25,17.309999465942383,16.59737205505371,32467
2024-03-04,17.260000228881836,17.420000076293945,17.25,17.25,16.539844512939453,13001
2024-03-05,17.260000228881836,17.499900817871094,17.25,17.270000457763672,16.559019088745117,14300
2024-03-06,17.260000228881836,17.469999313354492,17.1299991607666,17.334999084472656,16.621341705322266,12174
2024-03-07,17.3799991607666,17.559999465942383,17.3799991607666,17.559999465942383,16.837080001831055,20683
2024-03-08,17.559999465942383,17.770000457763672,17.559999465942383,17.770000457763672,17.038434982299805,23186
2024-03-11,17.739999771118164,17.799999237060547,17.524999618530273,17.799999237060547,17.06719970703125,12708
2024-03-12,17.582700729370117,18.06999969482422,17.582700729370117,17.989999771118164,17.249378204345703,27898
2024-03-13,17.969999313354492,18.170000076293945,17.950000762939453,18.155000686645508,17.4075870513916,25927
2024-03-14,17.899999618530273,18.0,17.75,17.760000228881836,17.281694412231445,29082
2024-03-15,17.670000076293945,17.75,17.506399154663086,17.670000076293945,17.19411849975586,20954
2024-03-18,17.65999984741211,17.75,17.609500885009766,17.690000534057617,17.213581085205078,5351
2024-03-19,17.600000381469727,17.75,17.600000381469727,17.690000534057617,17.213581085205078,4164
2024-03-20,17.690000534057617,17.950000762939453,17.549999237060547,17.93000030517578,17.44711685180664,35812
2024-03-21,17.90999984741211,18.40999984741211,17.889999389648438,18.329999923706055,17.83634376525879,66497
2024-03-22,18.399999618530273,18.399999618530273,18.059999465942383,18.229999542236328,17.739036560058594,11902
2024-03-25,18.09000015258789,18.200000762939453,18.040000915527344,18.049999237060547,17.56388282775879,7216
2024-03-26,18.059999465942383,18.1299991607666,18.0,18.049999237060547,17.56388282775879,92539
2024-03-27,18.0,18.110000610351562,18.0,18.100000381469727,17.612537384033203,73820
2024-03-28,18.239999771118164,18.450000762939453,18.0,18.0,17.51523208618164,50633
2024-04-01,18.0,18.299999237060547,18.0,18.149999618530273,17.661191940307617,11419
2024-04-02,18.0,18.440000534057617,17.8799991607666,18.100000381469727,17.612537384033203,8886
2024-04-03,18.020000457763672,18.149999618530273,18.0,18.059999465942383,17.57361602783203,15019
2024-04-04,18.100000381469727,18.149999618530273,17.950000762939453,18.0,17.51523208618164,194845
2024-04-05,18.0,18.149999618530273,17.950000762939453,18.1200008392334,17.632001876831055,33062
2024-04-08,18.030000686645508,18.110000610351562,17.989999771118164,17.989999771118164,17.50550079345703,1479
2024-04-09,17.979999542236328,18.09000015258789,17.860000610351562,18.040000915527344,17.554155349731445,21774
2024-04-10,17.700000762939453,18.010000228881836,17.3700008392334,17.3700008392334,16.902198791503906,54208
2024-04-11,17.489999771118164,17.615100860595703,17.209999084472656,17.31999969482422,16.853546142578125,16698
2024-04-12,17.15999984741211,17.549999237060547,17.15999984741211,17.450000762939453,16.980045318603516,33008
2024-04-15,17.489999771118164,17.5,17.350000381469727,17.43000030517578,16.960582733154297,19682
2024-04-16,17.440000534057617,17.510000228881836,17.31999969482422,17.485000610351562,17.014102935791016,33789
2024-04-17,17.5,17.850000381469727,17.450000762939453,17.549999237060547,17.077350616455078,121286
2024-04-18,17.59000015258789,17.69499969482422,17.100000381469727,17.25,16.785430908203125,23239
2024-04-19,17.540000915527344,17.790000915527344,17.399999618530273,17.790000915527344,17.310888290405273,14782
2024-04-22,17.52090072631836,17.790000915527344,17.52090072631836,17.719900131225586,17.242673873901367,6162
2024-04-23,17.68000030517578,17.979999542236328,17.68000030517578,17.979999542236328,17.495769500732422,12989
2024-04-24,17.979999542236328,17.979999542236328,17.719999313354492,17.790000915527344,17.310888290405273,7431
2024-04-25,17.700199127197266,17.700199127197266,17.549999237060547,17.549999237060547,17.077350616455078,9312
2024-04-26,17.610000610351562,17.72010040283203,17.270000457763672,17.399999618530273,16.9313907623291,29518
2024-04-29,17.72439956665039,17.969900131225586,17.56369972229004,17.969900131225586,17.485942840576172,4333
2024-04-30,17.75,17.899999618530273,17.516199111938477,17.899999618530273,17.417922973632812,27290
2024-05-01,17.725000381469727,17.989999771118164,17.510000228881836,17.639999389648438,17.16492462158203,22876
2024-05-02,17.899999618530273,17.968799591064453,17.710100173950195,17.899999618530273,17.417922973632812,3643
2024-05-03,17.899999618530273,18.079999923706055,17.8799991607666,18.0,17.51523208618164,9163
2024-05-06,17.850000381469727,18.469999313354492,17.77050018310547,18.0,17.51523208618164,85117
2024-05-07,17.969999313354492,18.290000915527344,17.969999313354492,18.100000381469727,17.612537384033203,12905
2024-05-08,17.8700008392334,17.979999542236328,17.760000228881836,17.84000015258789,17.359540939331055,7393
2024-05-09,17.780000686645508,18.206300735473633,17.780000686645508,18.0,17.51523208618164,11458
2024-05-10,17.8799991607666,18.1200008392334,17.8799991607666,18.1200008392334,17.632001876831055,6012
2024-05-13,18.059999465942383,18.110000610351562,17.829700469970703,17.940000534057617,17.45684814453125,20733
2024-05-14,17.920000076293945,18.094999313354492,17.84000015258789,18.010000228881836,17.52496337890625,42600
2024-05-15,18.09000015258789,18.149999618530273,18.09000015258789,18.149999618530273,17.661191940307617,12187
2024-05-16,18.0,18.149999618530273,18.0,18.149999618530273,17.661191940307617,29499
2024-05-17,18.1200008392334,18.229999542236328,18.1200008392334,18.200000762939453,17.70984649658203,27344
2024-05-20,18.219999313354492,18.389999389648438,18.200000762939453,18.299999237060547,17.807151794433594,18600
2024-05-21,18.34000015258789,18.415000915527344,18.290000915527344,18.399999618530273,17.90445899963379,34302
2024-05-22,18.260000228881836,18.409900665283203,18.209999084472656,18.270000457763672,17.77796173095703,21711
2024-05-23,18.25,18.299999237060547,18.059999465942383,18.25,17.75849723815918,34536
2024-05-24,18.34000015258789,18.34000015258789,18.250099182128906,18.278200149536133,17.785938262939453,5313
2024-05-28,18.25,18.349899291992188,18.25,18.309999465942383,17.81688117980957,31802
2024-05-29,18.290000915527344,18.299999237060547,18.0,18.170000076293945,17.680652618408203,62462
2024-05-30,18.25,18.263200759887695,18.149999618530273,18.24329948425293,17.75197982788086,20960
2024-05-31,18.350000381469727,18.469999313354492,18.21500015258789,18.440000534057617,17.943382263183594,51108
2024-06-03,18.25,18.40999984741211,18.25,18.399999618530273,17.90445899963379,18986
2024-06-04,18.340099334716797,18.399999618530273,18.336200714111328,18.389999389648438,17.89472770690918,5214
2024-06-05,18.309999465942383,18.350000381469727,18.221799850463867,18.299999237060547,17.807151794433594,23950
2024-06-06,18.329999923706055,18.399999618530273,18.260000228881836,18.260000228881836,17.768230438232422,24307
2024-06-07,18.299999237060547,18.3799991607666,18.25,18.34000015258789,17.8460750579834,14216
2024-06-10,18.40839958190918,18.489999771118164,18.309999465942383,18.450000762939453,17.95311164855957,142111
2024-06-11,18.350000381469727,18.439899444580078,18.20009994506836,18.280000686645508,17.787691116333008,21881
2024-06-12,18.31999969482422,18.5,18.31999969482422,18.31999969482422,17.826614379882812,1077162
2024-06-13,18.34000015258789,18.3700008392334,18.305099487304688,18.3700008392334,17.875267028808594,4334
2024-06-14,18.06999969482422,18.264999389648438,17.93000030517578,18.18000030517578,17.949935913085938,8237
2024-06-17,18.110000610351562,18.229999542236328,18.100000381469727,18.200000762939453,17.969682693481445,10463
2024-06-18,18.149999618530273,18.260000228881836,18.149999618530273,18.200000762939453,17.969682693481445,14630
2024-06-20,18.25,18.25,18.200000762939453,18.209999084472656,17.979555130004883,16753
2024-06-21,18.209999084472656,18.350000381469727,18.209999084472656,18.308500289916992,18.07680892944336,3383
2024-06-24,18.34000015258789,18.399999618530273,18.34000015258789,18.350000381469727,18.11778450012207,9343
2024-06-25,18.399999618530273,18.399999618530273,18.31999969482422,18.360000610351562,18.127656936645508,4006
2024-06-26,18.399999618530273,18.399999618530273,18.350000381469727,18.350000381469727,18.11778450012207,1907
2024-06-27,18.375,18.399999618530273,18.260000228881836,18.299999237060547,18.068416595458984,30603
2024-06-28,18.3799991607666,18.3799991607666,18.049999237060547,18.049999237060547,17.821578979492188,30790
2024-07-01,18.375,18.5,18.31999969482422,18.440000534057617,18.206645965576172,24290
2024-07-02,18.399999618530273,18.399999618530273,18.270000457763672,18.34000015258789,18.10791015625,10992
2024-07-03,18.399999618530273,18.399999618530273,18.3799991607666,18.399999618530273,18.167150497436523,7504
2024-07-05,18.399999618530273,18.420000076293945,18.31999969482422,18.31999969482422,18.088163375854492,4485
2024-07-08,18.31999969482422,18.329999923706055,18.020000457763672,18.020000457763672,17.791959762573242,37279
2024-07-09,18.079999923706055,18.1200008392334,17.960100173950195,18.030000686645508,17.801834106445312,14321
2024-07-10,18.16360092163086,18.239999771118164,18.010000228881836,18.239999771118164,18.00917625427246,28011
2024-07-11,18.239999771118164,18.5,18.200000762939453,18.5,18.265886306762695,455647
2024-07-12,18.5,19.0,18.5,19.0,18.759557723999023,74927
2024-07-15,18.999900817871094,19.0,18.899999618530273,18.959999084472656,18.720064163208008,7899
2024-07-16,18.979999542236328,19.0,18.96299934387207,18.979999542236328,18.739810943603516,13583
2024-07-17,18.969999313354492,18.989999771118164,18.90999984741211,18.989999771118164,18.749685287475586,4351
2024-07-18,19.0,19.1299991607666,18.989999771118164,19.079999923706055,18.838544845581055,32838
2024-07-19,18.987499237060547,19.059999465942383,18.92009925842285,19.05500030517578,18.813861846923828,9513
2024-07-22,19.100000381469727,19.191600799560547,19.100000381469727,19.1112003326416,18.86935043334961,16189
2024-07-23,19.25,19.420299530029297,19.209999084472656,19.3799991607666,19.134748458862305,30766
2024-07-24,19.479999542236328,19.59000015258789,19.34000015258789,19.399999618530273,19.154495239257812,41379
2024-07-25,19.549999237060547,19.799999237060547,19.230300903320312,19.510000228881836,19.263103485107422,13066
2024-07-26,19.63479995727539,19.86319923400879,19.6299991607666,19.850000381469727,19.59880256652832,19582
2024-07-29,19.829999923706055,19.829999923706055,19.594999313354492,19.639999389648438,19.39145851135254,2263
2024-07-30,19.649999618530273,19.790000915527344,19.649999618530273,19.790000915527344,19.539562225341797,1684
2024-07-31,20.0,20.0,19.639999389648438,19.84000015258789,19.58892822265625,12304
2024-08-01,19.780000686645508,19.920000076293945,19.729999542236328,19.770000457763672,19.519813537597656,13276
2024-08-02,19.700000762939453,19.910499572753906,19.299999237060547,19.399999618530273,19.154495239257812,47156
2024-08-05,19.18000030517578,19.18000030517578,18.899999618530273,19.079999923706055,18.838544845581055,18906
2024-08-06,19.059999465942383,19.6200008392334,19.059999465942383,19.530000686645508,19.282852172851562,13905
2024-08-07,19.31999969482422,19.75,19.31999969482422,19.75,19.50006675720215,3189
2024-08-08,19.895000457763672,19.905000686645508,19.809999465942383,19.889999389648438,19.638294219970703,8892
2024-08-09,19.899999618530273,19.899999618530273,19.280000686645508,19.479999542236328,19.233482360839844,9948
2024-08-12,19.540000915527344,19.549999237060547,19.290000915527344,19.290000915527344,19.045888900756836,5263
2024-08-13,19.31999969482422,19.399999618530273,19.290000915527344,19.399999618530273,19.154495239257812,7391
2024-08-14,19.299999237060547,19.5,19.299999237060547,19.350000381469727,19.10512924194336,7442
2024-08-15,19.33009910583496,19.5,19.33009910583496,19.469999313354492,19.223609924316406,12048
2024-08-16,19.540000915527344,19.579999923706055,19.440000534057617,19.469999313354492,19.223609924316406,14800
2024-08-19,19.400100708007812,19.690000534057617,19.400100708007812,19.5,19.253231048583984,331449
2024-08-20,19.510000228881836,19.520000457763672,19.396400451660156,19.5,19.253231048583984,36215
2024-08-21,19.489999771118164,19.6200008392334,19.399999618530273,19.5,19.253231048583984,217839
2024-08-22,19.5,19.604999542236328,19.489999771118164,19.579999923706055,19.332218170166016,6958
2024-08-23,19.6299991607666,19.799999237060547,19.6299991607666,19.799999237060547,19.5494327545166,21272
2024-08-26,19.8799991607666,19.99679946899414,19.799999237060547,19.979999542236328,19.727155685424805,13983
2024-08-27,19.979999542236328,20.010000228881836,19.950000762939453,19.959999084472656,19.707408905029297,16139
2024-08-28,20.020000457763672,20.200000762939453,19.959999084472656,20.049999237060547,19.7962703704834,20384
2024-08-29,20.040000915527344,20.239900588989258,19.920000076293945,20.0,19.746902465820312,37571
2024-08-30,20.0,20.299999237060547,19.950000762939453,20.139999389648438,19.8851318359375,40068
2024-09-03,20.200000762939453,20.34000015258789,20.06999969482422,20.34000015258789,20.08260154724121,7320
2024-09-04,20.34000015258789,20.729999542236328,20.25,20.729900360107422,20.467567443847656,40631
2024-09-05,20.649999618530273,21.229999542236328,20.600000381469727,21.100000381469727,20.832983016967773,41298
2024-09-06,21.049999237060547,21.25,20.84000015258789,21.15999984741211,20.892223358154297,72541
2024-09-09,20.969999313354492,21.06999969482422,20.8799991607666,21.049999237060547,20.783615112304688,20401
2024-09-10,20.959999084472656,21.100000381469727,20.780000686645508,20.90999984741211,20.645387649536133,42000
2024-09-11,20.809999465942383,21.139999389648438,20.809999465942383,21.040000915527344,20.77374267578125,10925
2024-09-12,21.010000228881836,21.100000381469727,20.8799991607666,20.989999771118164,20.724374771118164,16032
2024-09-13,20.75,21.0,20.610000610351562,21.0,21.0,6118
2024-09-16,20.850000381469727,20.979999542236328,20.820100784301758,20.950000762939453,20.950000762939453,8932
2024-09-17,20.90999984741211,21.030000686645508,20.8700008392334,20.999900817871094,20.999900817871094,13727
2024-09-18,20.81999969482422,20.959999084472656,20.649999618530273,20.959999084472656,20.959999084472656,42494
2024-09-19,20.940000534057617,20.979900360107422,20.65999984741211,20.950000762939453,20.950000762939453,27495
2024-09-20,20.8799991607666,21.110000610351562,20.850000381469727,20.979999542236328,20.979999542236328,59618
2024-09-23,20.950000762939453,21.020000457763672,20.799999237060547,20.799999237060547,20.799999237060547,16570
2024-09-24,20.809999465942383,20.899999618530273,20.719999313354492,20.8799991607666,20.8799991607666,22957
2024-09-25,20.8700008392334,20.88990020751953,20.600000381469727,20.600000381469727,20.600000381469727,13775
2024-09-26,20.649999618530273,20.760000228881836,20.6200008392334,20.75,20.75,59410
2024-09-27,20.790000915527344,20.799999237060547,20.559999465942383,20.639999389648438,20.639999389648438,39631
2024-09-30,20.87969970703125,20.87969970703125,20.049999237060547,20.18000030517578,20.18000030517578,649005
2024-10-01,20.270000457763672,20.489999771118164,20.219999313354492,20.229999542236328,20.229999542236328,563928
2024-10-02,20.3799991607666,20.3799991607666,19.729999542236328,19.850000381469727,19.850000381469727,139697
